Timestamp,Sensor_ID,Location,PM2.5 (µg/m³),PM10 (µg/m³),CO (ppm),CO2 (ppm),NO2 (µg/m³),SO2 (µg/m³),O3 (µg/m³),Temperature (°C),Humidity (%),Wind_Speed (m/s),AQI,Risk_Level,Wind_Direction,Pressure_hPa,Visibility_km,Traffic_Density,Industrial_Activity_Level,Sensor_Status,Battery_Level_%,Data_Quality_Index,Predicted_AQI,AQI_Trend
01-06-2024 00:00,NODE_01,Sensor_Node_1_Industry_Zone,64.03,101.8,3.818,518,44.22,18.72,28.7,31.2,75.2,1.6,155,Unhealthy,S,1008.04,7.56,High,Normal,Active,72.3,0.74,159.7,Decreasing
01-06-2024 01:00,NODE_01,Sensor_Node_1_Industry_Zone,64.4,107.13,2.538,459.6,41.93,15.6,22.37,28.8,69.3,2.7,156,Unhealthy,NW,1014.84,4.96,Low,Peak,Active,42.6,0.79,165.29,Increasing
01-06-2024 02:00,NODE_01,Sensor_Node_1_Industry_Zone,60.6,83.79,3.222,492.6,37.81,21.16,17.8,30.1,73.6,1.3,154,Unhealthy,SW,1016.36,5.63,Medium,Peak,Active,91.3,0.98,156.23,Decreasing
01-06-2024 03:00,NODE_01,Sensor_Node_1_Industry_Zone,39.84,54.74,0.846,450.3,5.39,2.88,25.98,32.3,77.3,1.1,500,Hazardous,N,1011.77,5.27,Low,Peak,Active,47.3,1,461.1,Stable
01-06-2024 04:00,NODE_01,Sensor_Node_1_Industry_Zone,24.1,39.01,0.717,433.5,15.89,12.42,26.72,29.4,76.9,1,76,Moderate,SE,1011.73,1.48,Low,Normal,Active,23.4,0.81,75.08,Stable
01-06-2024 05:00,NODE_01,Sensor_Node_1_Industry_Zone,21.94,33.75,1.762,465.1,25.63,4.83,23.45,33.5,79.4,2.2,72,Moderate,SE,1013.56,3.89,Low,Normal,Active,96.7,0.89,75.07,Stable
01-06-2024 06:00,NODE_01,Sensor_Node_1_Industry_Zone,91.25,156.15,6.23,565.4,75.94,36.77,17.81,33,74.2,4.2,169,Unhealthy,SE,1011.58,1.75,Low,High,Active,39.6,0.84,168.2,Decreasing
01-06-2024 07:00,NODE_01,Sensor_Node_1_Industry_Zone,112.4,136.22,6.235,542.6,74.35,33.13,6.06,34.7,72.6,2.5,180,Unhealthy,NW,1013.5,7.84,Medium,Normal,Active,90.4,0.78,163.93,Decreasing
01-06-2024 08:00,NODE_01,Sensor_Node_1_Industry_Zone,93.63,165.88,6.282,546.9,72.73,34.81,16.49,37.5,64.8,1.8,171,Unhealthy,NE,1005.87,5.3,Low,High,Active,66.8,0.95,162.3,Stable
01-06-2024 09:00,NODE_01,Sensor_Node_1_Industry_Zone,97.48,177.05,5.955,541.1,74.8,27.1,13.9,36.3,62.9,5.9,173,Unhealthy,SE,1005.1,4.66,High,Normal,Maintenance,96.1,0.82,164.2,Increasing
01-06-2024 10:00,NODE_01,Sensor_Node_1_Industry_Zone,115.19,175.34,5.953,539.7,63.01,32.65,16.3,41.2,65.6,1.4,182,Unhealthy,SW,1006.98,7.85,Low,High,Active,86.7,0.73,187.09,Increasing
01-06-2024 11:00,NODE_01,Sensor_Node_1_Industry_Zone,102.51,188.9,6.2,555.2,70.07,38.37,8.99,38.7,79.3,1.1,175,Unhealthy,E,1015.85,6.91,High,Low,Active,69.3,0.9,179.39,Stable
01-06-2024 12:00,NODE_01,Sensor_Node_1_Industry_Zone,92.18,164.97,5.874,531.9,65.59,33.03,10.69,38.7,60.5,5.8,170,Unhealthy,S,1013.55,4.72,Low,High,Active,42.1,0.75,174.91,Stable
01-06-2024 13:00,NODE_01,Sensor_Node_1_Industry_Zone,112.5,161.93,5.663,555.6,67.82,33.67,22.54,35.5,67.3,1.1,180,Unhealthy,NW,1018.24,2.21,Low,High,Active,98.2,0.91,174.6,Increasing
01-06-2024 14:00,NODE_01,Sensor_Node_1_Industry_Zone,102.18,183.85,5.206,517.2,80.09,33.95,17.25,38,62.7,1.5,175,Unhealthy,W,1010.88,5.34,Medium,High,Active,72.2,0.77,173.39,Decreasing
01-06-2024 15:00,NODE_01,Sensor_Node_1_Industry_Zone,81.94,142.42,4.302,549.4,64.47,21.44,21.68,35.4,72.5,2.2,165,Unhealthy,N,1005.14,2.73,Medium,Normal,Active,32,0.71,174.27,Decreasing
01-06-2024 16:00,NODE_01,Sensor_Node_1_Industry_Zone,87.79,144.1,5.07,549.9,59.43,23.19,13.95,34.8,68.5,5.2,168,Unhealthy,N,1018.87,4.78,High,Normal,Active,36.7,0.9,175.62,Decreasing
01-06-2024 17:00,NODE_01,Sensor_Node_1_Industry_Zone,82.81,138.5,5.386,511,80.19,28.71,14.11,33.4,73.3,5.9,165,Unhealthy,S,1011.89,8.93,High,Normal,Active,47.5,0.96,164.72,Stable
01-06-2024 18:00,NODE_01,Sensor_Node_1_Industry_Zone,78.29,148.32,4.896,514.5,55.22,20.15,16.17,35.3,73.3,5.8,163,Unhealthy,E,1019.7,3.48,High,Peak,Active,59.9,0.83,176.23,Increasing
01-06-2024 19:00,NODE_01,Sensor_Node_1_Industry_Zone,70.11,125.95,4.736,516.8,53.15,27.64,21.2,34.6,79.9,2.3,159,Unhealthy,NE,1015.59,4.9,High,Normal,Fault,44.3,0.97,152.05,Stable
01-06-2024 20:00,NODE_01,Sensor_Node_1_Industry_Zone,84.2,145.51,4.917,585.1,65.15,30.75,23.17,33,73.1,2.4,166,Unhealthy,W,1025.13,1.28,High,Low,Active,32.4,0.81,156.8,Increasing
01-06-2024 21:00,NODE_01,Sensor_Node_1_Industry_Zone,86.15,131.52,4.7,557.5,48.08,28.95,10.34,30.5,82.8,1.3,167,Unhealthy,NW,1010.68,9.05,Medium,Low,Active,79.5,0.81,162.5,Decreasing
01-06-2024 22:00,NODE_01,Sensor_Node_1_Industry_Zone,74.36,147.83,4.294,519.7,61.47,23.6,29.12,31.5,65,4.4,161,Unhealthy,NW,1017.4,1.72,Low,Low,Active,23.7,1,171.29,Increasing
01-06-2024 23:00,NODE_01,Sensor_Node_1_Industry_Zone,61.55,92.64,3.437,499.7,51.92,14.85,19.13,29.4,73.9,3.1,154,Unhealthy,W,1017.35,6.71,Medium,High,Active,34.3,0.7,151.46,Stable
02-06-2024 00:00,NODE_01,Sensor_Node_1_Industry_Zone,49.97,116.59,4.555,509.2,35.23,17.72,27.13,28.9,80.7,2.8,137,Unhealthy for Sensitive Groups,N,1008.67,9.74,Medium,Low,Active,56.9,0.91,130,Stable
02-06-2024 01:00,NODE_01,Sensor_Node_1_Industry_Zone,66.26,58.36,2.982,486.1,37.13,26.19,13.65,29.5,78.6,2.4,157,Unhealthy,NE,1010.97,9.22,Low,High,Active,42.1,0.92,167.21,Decreasing
02-06-2024 02:00,NODE_01,Sensor_Node_1_Industry_Zone,69.37,103.88,3.004,498.9,47.26,17.26,21.15,30,77.9,2.5,158,Unhealthy,SW,1003.23,1.28,Low,High,Active,90.2,0.99,151,Increasing
02-06-2024 03:00,NODE_01,Sensor_Node_1_Industry_Zone,125.2,301.77,1.585,443.8,23.23,23.07,21.89,30.9,73.3,4.8,187,Unhealthy,NE,1002.71,3.43,Medium,High,Active,63.6,0.91,190.91,Increasing
02-06-2024 04:00,NODE_01,Sensor_Node_1_Industry_Zone,20.05,38.25,1.932,472.6,21.64,10.52,21.85,33.3,78.3,4.5,68,Moderate,SW,1012.76,1.97,Medium,Normal,Active,98.1,0.76,63.92,Stable
02-06-2024 05:00,NODE_01,Sensor_Node_1_Industry_Zone,19.34,18.2,0.846,434.5,27.24,14.4,22.8,32.4,75.1,5.3,66,Moderate,N,1016.76,4.65,Low,Peak,Maintenance,81.1,0.89,67.46,Increasing
02-06-2024 06:00,NODE_01,Sensor_Node_1_Industry_Zone,95.91,186.19,5.704,556.4,74.54,30.31,25.56,35.6,61.2,2.2,172,Unhealthy,NE,1015.83,5.07,Medium,Peak,Active,26.8,0.76,187.37,Stable
02-06-2024 07:00,NODE_01,Sensor_Node_1_Industry_Zone,96.53,183.69,6.158,528.4,76.38,24.4,24.85,34.6,75.3,1.2,172,Unhealthy,S,1014.04,2.5,Low,High,Active,22.2,0.72,174.56,Increasing
02-06-2024 08:00,NODE_01,Sensor_Node_1_Industry_Zone,105.01,191.91,5.607,544.7,80.35,36.25,21.77,35.3,65,1,177,Unhealthy,SE,1017.18,7.97,Medium,High,Active,57.4,0.98,193.26,Increasing
02-06-2024 09:00,NODE_01,Sensor_Node_1_Industry_Zone,110.98,144.38,6.609,535.6,76.41,30.03,15.76,38.7,72.4,3.3,180,Unhealthy,N,1008.46,4.14,High,Low,Active,31.4,0.85,162.04,Decreasing
02-06-2024 10:00,NODE_01,Sensor_Node_1_Industry_Zone,88.54,161.08,5.652,549.2,76.93,36.69,18.37,37.5,80.5,3.8,168,Unhealthy,SE,1010.36,4.59,Medium,Low,Active,58.4,0.72,162.33,Stable
02-06-2024 11:00,NODE_01,Sensor_Node_1_Industry_Zone,103.35,189.71,6.732,539,83.27,26.95,19.92,37.6,58.1,2.3,176,Unhealthy,SW,1016.43,3.68,Low,Low,Active,46.4,0.85,168.72,Decreasing
02-06-2024 12:00,NODE_01,Sensor_Node_1_Industry_Zone,84.8,177.97,6.11,558.5,81.63,38.67,19.5,37.8,65.6,4.5,166,Unhealthy,W,1014.6,3.58,Low,Low,Maintenance,52.2,0.97,173.38,Decreasing
02-06-2024 13:00,NODE_01,Sensor_Node_1_Industry_Zone,97.84,177.04,5.275,547.1,75.84,33.86,17.39,34.2,60.8,2,173,Unhealthy,NW,1010.74,4.78,Low,Normal,Active,54.9,0.97,157.23,Decreasing
02-06-2024 14:00,NODE_01,Sensor_Node_1_Industry_Zone,102.18,177.13,6.582,546.6,74.25,26.36,9.16,38.3,73.2,2.3,175,Unhealthy,NW,1019.92,4.69,Low,Low,Active,23.7,0.98,172.54,Stable
02-06-2024 15:00,NODE_01,Sensor_Node_1_Industry_Zone,92.41,141.71,5.683,517.9,72.01,26.89,24.17,38.4,68.8,2.5,170,Unhealthy,N,1004.25,5.64,High,Peak,Active,96.9,0.98,154.27,Stable
02-06-2024 16:00,NODE_01,Sensor_Node_1_Industry_Zone,91.99,150.61,4.442,509.6,49.04,31.99,22.83,35.8,70.2,4.3,500,Hazardous,E,1008.89,7.38,Low,Low,Fault,98.7,0.7,496.17,Stable
02-06-2024 17:00,NODE_01,Sensor_Node_1_Industry_Zone,62.71,152.06,4.825,515.5,66.73,25.08,10.08,35,72.9,2.2,155,Unhealthy,SE,1010.3,2.01,High,Peak,Active,59.3,0.77,154.42,Decreasing
02-06-2024 18:00,NODE_01,Sensor_Node_1_Industry_Zone,79.1,137.27,4.109,524.6,66.38,25.05,28.68,33.5,69.3,0.7,163,Unhealthy,N,1016.9,1.84,Medium,Normal,Active,38.9,0.73,157.69,Increasing
02-06-2024 19:00,NODE_01,Sensor_Node_1_Industry_Zone,76.27,126.9,4.38,490,59.81,26.44,6.99,32.8,73.8,4.4,162,Unhealthy,NE,1012.01,2.4,High,High,Active,32.6,0.97,155.64,Stable
02-06-2024 20:00,NODE_01,Sensor_Node_1_Industry_Zone,261.1,389.54,10.315,526.2,57.32,38.39,30.27,31.5,71.2,4.1,309,Hazardous,SE,1004.43,1.87,Low,Low,Active,91.1,0.8,297.42,Decreasing
02-06-2024 21:00,NODE_01,Sensor_Node_1_Industry_Zone,62.54,146.39,4.815,571.2,68.99,25.7,13.62,28.8,77.5,2,155,Unhealthy,SW,1015.08,2.46,Low,High,Active,99,0.72,167.45,Increasing
02-06-2024 22:00,NODE_01,Sensor_Node_1_Industry_Zone,74.91,123.18,5.503,531.7,61.1,32.13,18.79,29.2,86.3,2.6,161,Unhealthy,SE,1018.53,1.28,Medium,High,Active,42.5,0.97,165.85,Decreasing
02-06-2024 23:00,NODE_01,Sensor_Node_1_Industry_Zone,64.37,91.48,2.803,507.3,59.23,14.06,23.61,29.2,74.9,1.6,156,Unhealthy,SE,1016.44,8.44,Medium,Low,Active,48.1,0.8,156.52,Stable
03-06-2024 00:00,NODE_01,Sensor_Node_1_Industry_Zone,92.79,147.97,5.511,489.7,68.89,26.61,17.92,31.1,81,5.7,170,Unhealthy,W,1015.71,8.21,High,High,Active,21.9,0.86,160.19,Decreasing
03-06-2024 01:00,NODE_01,Sensor_Node_1_Industry_Zone,84.58,136.23,5.648,478.7,74.55,27.19,11.78,27.7,78.1,1.2,166,Unhealthy,NW,1000.75,1.21,High,Peak,Maintenance,99.2,0.99,176.74,Increasing
03-06-2024 02:00,NODE_01,Sensor_Node_1_Industry_Zone,97.51,136.34,5.343,468.8,66,30.43,16.5,30,83.2,1.9,173,Unhealthy,N,1006.6,3.93,Low,Peak,Active,55,1,183.85,Decreasing
03-06-2024 03:00,NODE_01,Sensor_Node_1_Industry_Zone,33.88,73.92,2.961,402,23.82,14.91,23.98,31.7,72.6,5.8,97,Moderate,NE,1014.89,6.64,High,High,Active,60.5,0.75,88.03,Stable
03-06-2024 04:00,NODE_01,Sensor_Node_1_Industry_Zone,39.19,64.32,2.824,451.1,31.76,10.95,22.56,31.4,77.4,3.7,110,Unhealthy for Sensitive Groups,NE,1011.67,2.38,Medium,Low,Active,39.1,0.8,102.94,Increasing
03-06-2024 05:00,NODE_01,Sensor_Node_1_Industry_Zone,35.13,78.7,2.077,468.1,26.54,4.45,19.96,30.2,71.4,4.1,99,Moderate,NE,1015.14,2.54,Low,Low,Active,87.3,0.81,105.58,Increasing
03-06-2024 06:00,NODE_01,Sensor_Node_1_Industry_Zone,156.62,262.93,9.375,501.2,119.25,53.48,8.61,35.7,74,3.4,207,Very Unhealthy,NW,1004.4,1.61,Low,Normal,Active,28.8,0.78,199.05,Decreasing
03-06-2024 07:00,NODE_01,Sensor_Node_1_Industry_Zone,150.68,268.55,9.084,532.7,111.65,53.72,11.72,35.1,67.6,4.2,201,Very Unhealthy,N,1011.63,2.42,High,Peak,Active,49.3,0.87,214.72,Increasing
03-06-2024 08:00,NODE_01,Sensor_Node_1_Industry_Zone,162.3,258.86,8.825,523.4,114.49,51.91,19.78,34.6,74.2,3.8,213,Very Unhealthy,NW,1003.66,6.82,Low,Peak,Active,48.1,0.88,225.89,Increasing
03-06-2024 09:00,NODE_01,Sensor_Node_1_Industry_Zone,164.85,255.17,8.338,509,128.07,53.02,15.72,37.2,61,2.9,215,Very Unhealthy,E,1000.28,6.67,Medium,Low,Active,52.2,0.85,218.88,Increasing
03-06-2024 10:00,NODE_01,Sensor_Node_1_Industry_Zone,154.88,276.16,9.201,545,112.07,52.29,25.41,39.5,76.4,5.8,205,Very Unhealthy,S,1013.77,3.4,Medium,High,Active,50.6,0.85,185.18,Decreasing
03-06-2024 11:00,NODE_01,Sensor_Node_1_Industry_Zone,474.77,798.54,22.542,542,125.26,82.91,23.65,37.6,63.6,4.5,500,Hazardous,NW,1017.06,3.32,Medium,Peak,Active,68.4,0.79,463.84,Increasing
03-06-2024 12:00,NODE_01,Sensor_Node_1_Industry_Zone,160.82,233.51,8.845,552.3,126.49,47.13,8.49,37.6,59.2,1.5,211,Very Unhealthy,SE,1013.47,4.74,Medium,Peak,Active,38.9,0.76,216.82,Decreasing
03-06-2024 13:00,NODE_01,Sensor_Node_1_Industry_Zone,152.81,277.26,8.881,560.4,104.69,46.33,18.58,36.7,65.2,8.4,203,Very Unhealthy,W,1011.8,5.31,High,Normal,Active,60.8,0.84,197.98,Increasing
03-06-2024 14:00,NODE_01,Sensor_Node_1_Industry_Zone,148.58,268.09,8.569,553.1,116.8,51.02,28.85,35.8,75.1,2.7,199,Unhealthy,SE,1002.63,9.26,High,Low,Active,39.4,0.8,179.41,Stable
03-06-2024 15:00,NODE_01,Sensor_Node_1_Industry_Zone,286.64,552.1,16.356,521,92.3,67.02,21.04,38.1,59.8,2.5,442,Hazardous,E,1018.04,7.1,High,Peak,Active,70.4,0.76,469.84,Increasing
03-06-2024 16:00,NODE_01,Sensor_Node_1_Industry_Zone,130.69,230.6,7.529,495.5,90.41,42.28,12.29,37.1,67.6,4,190,Unhealthy,NW,1011.74,3.88,High,High,Active,54.9,0.71,195.64,Decreasing
03-06-2024 17:00,NODE_01,Sensor_Node_1_Industry_Zone,120.2,207.75,7.748,496.3,98.39,42.69,16.85,35.5,62.9,2.6,184,Unhealthy,S,1023.76,7.89,Medium,Normal,Active,74.7,0.87,192.74,Stable
03-06-2024 18:00,NODE_01,Sensor_Node_1_Industry_Zone,119.02,227.49,6.816,490.4,83.18,42.74,12,36.6,59.5,2.1,184,Unhealthy,E,1017.65,4.98,Low,Peak,Active,63,0.81,184.16,Stable
03-06-2024 19:00,NODE_01,Sensor_Node_1_Industry_Zone,136.77,205.17,7.368,515.1,101.8,40.78,19.15,32.4,73.2,2,193,Unhealthy,N,999.97,6.3,Low,Peak,Active,35,0.81,186.28,Stable
03-06-2024 20:00,NODE_01,Sensor_Node_1_Industry_Zone,112.41,223.21,7.253,512.5,94.21,41.71,15.7,30.8,76.2,2,180,Unhealthy,N,1016.53,6.91,Low,Low,Active,25.4,0.92,164.77,Stable
03-06-2024 21:00,NODE_01,Sensor_Node_1_Industry_Zone,115.37,227.21,7.404,520.4,100.96,46.98,23.47,28.4,68.6,3,182,Unhealthy,S,1003.62,3.93,High,High,Active,31.1,0.97,167.32,Stable
03-06-2024 22:00,NODE_01,Sensor_Node_1_Industry_Zone,127.34,202.64,7.261,502.2,89.8,34.69,13.78,28.5,71.3,3.2,188,Unhealthy,SW,1007.44,5.51,Low,Normal,Active,43.5,0.82,191.03,Increasing
03-06-2024 23:00,NODE_01,Sensor_Node_1_Industry_Zone,100.83,166.51,5.468,475.1,75.46,27.94,21.41,34,77.2,2.2,174,Unhealthy,SW,1010.5,1.91,Low,Normal,Active,58.2,0.75,166.81,Stable
04-06-2024 00:00,NODE_01,Sensor_Node_1_Industry_Zone,92.12,184.39,5.063,523.2,75.51,27.99,23.96,31.5,81.7,2.3,170,Unhealthy,W,1011.44,8.62,Low,Peak,Maintenance,81.5,0.9,160.19,Stable
04-06-2024 01:00,NODE_01,Sensor_Node_1_Industry_Zone,79.84,158.56,5.686,493.8,61.21,31.76,23.85,31,84.3,3.8,164,Unhealthy,N,1014.39,9.57,Low,Normal,Active,55.6,0.76,162.33,Increasing
04-06-2024 02:00,NODE_01,Sensor_Node_1_Industry_Zone,91.84,136.35,5.591,494.3,72.46,25.13,15.39,32.1,77,4.9,170,Unhealthy,S,1005.86,9.12,Medium,Peak,Active,32.3,0.95,176.24,Increasing
04-06-2024 03:00,NODE_01,Sensor_Node_1_Industry_Zone,43.95,79.64,1.982,448.2,26.16,10.86,23.45,31.5,73.4,2.3,122,Unhealthy for Sensitive Groups,NE,1005.1,1.4,Low,Low,Fault,20.5,0.92,110.13,Increasing
04-06-2024 04:00,NODE_01,Sensor_Node_1_Industry_Zone,37.01,60.34,2.963,450,36.62,6.66,26.34,33.3,75.5,5.9,105,Unhealthy for Sensitive Groups,NW,1015.6,8.68,Low,Low,Active,45.4,0.72,95.11,Increasing
04-06-2024 05:00,NODE_01,Sensor_Node_1_Industry_Zone,47.02,59.26,2.945,487.9,26.86,10.82,32.27,35.3,70.4,1.8,129,Unhealthy for Sensitive Groups,S,1011.92,8.58,Medium,Normal,Active,49.5,0.75,127.3,Increasing
04-06-2024 06:00,NODE_01,Sensor_Node_1_Industry_Zone,143.24,253.14,8.458,527.2,117.36,51.34,23.75,32.5,77.9,6,196,Unhealthy,NE,1013.05,2.18,Low,Low,Active,33.5,0.99,215.06,Increasing
04-06-2024 07:00,NODE_01,Sensor_Node_1_Industry_Zone,152.29,250.28,9.151,544,121.05,51.56,28.28,34.1,67.3,1.7,203,Very Unhealthy,E,998.84,7.49,High,Peak,Active,99.9,0.98,211.3,Decreasing
04-06-2024 08:00,NODE_01,Sensor_Node_1_Industry_Zone,148.9,282.65,9.67,530.7,111.77,52.29,13.24,36.9,70.2,3.3,199,Unhealthy,E,1010.94,1.48,High,High,Active,88.4,0.86,216.75,Stable
04-06-2024 09:00,NODE_01,Sensor_Node_1_Industry_Zone,141.87,257.42,8.766,546.1,119.94,53.03,26.05,36.6,63,2.4,196,Unhealthy,NW,1006.66,8.31,Medium,Low,Active,44.2,0.85,179.57,Increasing
04-06-2024 10:00,NODE_01,Sensor_Node_1_Industry_Zone,153.73,291.12,8.701,545,117.49,55.15,28.63,36.7,63.9,3.7,204,Very Unhealthy,N,1006.48,8.22,Medium,Low,Active,56.8,0.81,215.43,Increasing
04-06-2024 11:00,NODE_01,Sensor_Node_1_Industry_Zone,162.35,274.17,8.78,551.6,125.36,53.68,18.54,39.5,73.2,3.4,213,Very Unhealthy,NE,1017.53,9.71,Low,Normal,Active,57.3,0.78,227.75,Increasing
04-06-2024 12:00,NODE_01,Sensor_Node_1_Industry_Zone,152.66,268.05,9.563,526.3,120.18,48.83,16.14,39.9,67.1,3.5,203,Very Unhealthy,NE,1005.43,4.91,Low,Peak,Active,21.3,0.84,214.44,Decreasing
04-06-2024 13:00,NODE_01,Sensor_Node_1_Industry_Zone,154.37,275.04,10.042,535.5,119.13,51.4,23.89,37.7,67.9,3.5,205,Very Unhealthy,NW,1005.44,5.47,High,Normal,Active,63.7,0.92,216.61,Decreasing
04-06-2024 14:00,NODE_01,Sensor_Node_1_Industry_Zone,382.73,683.68,19.33,522.5,118.53,72.66,21.98,35.2,63.5,4.2,500,Hazardous,NE,1010.01,4.88,Medium,Normal,Active,74.4,0.99,469.58,Increasing
04-06-2024 15:00,NODE_01,Sensor_Node_1_Industry_Zone,126.22,210.97,6.15,529,101.64,33.52,16.37,35,66.7,4.4,188,Unhealthy,NE,1014.7,5.59,High,High,Active,20.3,0.86,196.4,Increasing
04-06-2024 16:00,NODE_01,Sensor_Node_1_Industry_Zone,132.17,231.15,7.057,495.2,93.28,42.85,12.26,38.5,74.4,1.8,191,Unhealthy,SE,1006.7,8.34,High,High,Active,57.1,0.82,177.9,Decreasing
04-06-2024 17:00,NODE_01,Sensor_Node_1_Industry_Zone,121.55,213.84,7.053,532.9,91.68,42.34,18.26,35.4,69.1,4.3,185,Unhealthy,W,1019.4,8.82,Low,Peak,Active,88.7,0.91,182.83,Increasing
04-06-2024 18:00,NODE_01,Sensor_Node_1_Industry_Zone,126.88,221.31,6.696,521.6,102.82,42.29,13.25,33.9,74.2,2.6,188,Unhealthy,NW,1020.7,1.14,Low,Peak,Active,56,0.75,174.31,Stable
04-06-2024 19:00,NODE_01,Sensor_Node_1_Industry_Zone,117.14,202.43,7.161,487.2,98.03,37.78,23.38,32.5,73.4,1,183,Unhealthy,SE,1006.71,7.01,Low,Peak,Maintenance,80.6,0.81,177.57,Stable
04-06-2024 20:00,NODE_01,Sensor_Node_1_Industry_Zone,142.98,205.86,7.68,496.1,96.68,42.24,18.28,31.1,73.4,7.3,196,Unhealthy,W,1010.53,6.62,Low,Peak,Active,70,0.91,183.55,Stable
04-06-2024 21:00,NODE_01,Sensor_Node_1_Industry_Zone,119.97,246.43,7.157,525.2,106.55,36.81,18.59,30.8,75.7,1,184,Unhealthy,E,1007.33,6.51,Medium,Normal,Active,96.2,0.95,191.04,Increasing
04-06-2024 22:00,NODE_01,Sensor_Node_1_Industry_Zone,124.76,197.92,7.662,527,90.63,38.54,19.78,29.3,88.1,5,187,Unhealthy,SE,1001.89,7.75,Low,Peak,Active,21.4,0.95,172.49,Decreasing
04-06-2024 23:00,NODE_01,Sensor_Node_1_Industry_Zone,95.26,151.49,5.921,492.7,77.21,29.45,27.39,30.7,90.9,4,172,Unhealthy,N,1013.82,7.6,Medium,Normal,Active,30.1,0.91,172.13,Stable
05-06-2024 00:00,NODE_01,Sensor_Node_1_Industry_Zone,84.15,152.19,5.685,510.9,91.32,29.85,16.13,31.1,71.2,3.7,166,Unhealthy,W,1016.4,1.97,Medium,Low,Active,75.8,0.93,149.42,Decreasing
05-06-2024 01:00,NODE_01,Sensor_Node_1_Industry_Zone,96.91,174.87,5.321,507.4,76.67,22.78,16.29,27.8,89.8,4,172,Unhealthy,SE,1024.07,7.39,Medium,Low,Active,39.7,0.8,184.02,Decreasing
05-06-2024 02:00,NODE_01,Sensor_Node_1_Industry_Zone,79.34,151.58,5.776,493.8,74.29,25.22,27.68,31.7,79.6,5.4,163,Unhealthy,SW,1006.62,8.46,High,Normal,Active,98.7,0.87,167.58,Stable
05-06-2024 03:00,NODE_01,Sensor_Node_1_Industry_Zone,33.02,71.03,2.094,416.8,29.05,11.97,30.31,27.8,77.7,3.3,95,Moderate,S,1020.02,1.11,Medium,Low,Active,32.2,0.72,86.45,Stable
05-06-2024 04:00,NODE_01,Sensor_Node_1_Industry_Zone,41.49,65.28,2.644,424.1,37.15,9.77,17.22,31.6,62.4,4.7,116,Unhealthy for Sensitive Groups,NE,1020.05,3.88,Low,High,Active,59.5,0.96,123.81,Stable
05-06-2024 05:00,NODE_01,Sensor_Node_1_Industry_Zone,40.53,75.58,1.544,431.4,33.04,15.99,31.11,34.8,73,4.5,113,Unhealthy for Sensitive Groups,E,1013.19,2.8,Medium,Normal,Active,59.7,0.88,110.15,Increasing
05-06-2024 06:00,NODE_01,Sensor_Node_1_Industry_Zone,151.57,271.32,8.797,531.1,117.94,47.65,15.35,32.4,70.9,2.9,202,Very Unhealthy,S,1015.61,1.17,Medium,Normal,Active,77.7,0.8,201.52,Increasing
05-06-2024 07:00,NODE_01,Sensor_Node_1_Industry_Zone,157.59,267.95,9.186,538.6,125.2,42,30.69,33.7,72.9,0.6,208,Very Unhealthy,SE,1017.24,8.82,Low,Low,Active,67.9,0.76,213.23,Stable
05-06-2024 08:00,NODE_01,Sensor_Node_1_Industry_Zone,146.49,275.02,9.098,529.3,125.11,49.74,18.74,34.6,68.8,3.4,198,Unhealthy,S,1023.84,5.84,Low,High,Active,74.3,0.99,188.26,Increasing
05-06-2024 09:00,NODE_01,Sensor_Node_1_Industry_Zone,170.03,259.72,8.994,544.6,120.74,46.09,19.34,35.2,77.5,3.6,220,Very Unhealthy,W,1014.87,7.63,Medium,Normal,Maintenance,67.3,0.85,231.08,Decreasing
05-06-2024 10:00,NODE_01,Sensor_Node_1_Industry_Zone,162.04,262.47,9.13,566.8,121.55,51.82,7.58,36.1,73.1,4.2,212,Very Unhealthy,S,1011.64,2.96,High,Peak,Active,61.9,0.87,210.83,Decreasing
05-06-2024 11:00,NODE_01,Sensor_Node_1_Industry_Zone,158.56,284.06,8.829,543.2,110.4,45.29,7.78,36.5,75.5,2.7,209,Very Unhealthy,NW,1006.8,2.12,High,High,Active,25.2,0.79,208.53,Decreasing
05-06-2024 12:00,NODE_01,Sensor_Node_1_Industry_Zone,457.18,819.77,23.028,528.4,125.23,107.96,5,37,66.4,2.8,500,Hazardous,NW,1013.83,2.4,Medium,Peak,Active,75.3,0.79,468.4,Increasing
05-06-2024 13:00,NODE_01,Sensor_Node_1_Industry_Zone,471.35,712.9,18.824,559.4,134.68,97.05,18.82,38.8,71.3,6.2,500,Hazardous,S,1018.14,8.61,Medium,Normal,Active,52.9,0.84,490.34,Decreasing
05-06-2024 14:00,NODE_01,Sensor_Node_1_Industry_Zone,151.98,271.49,8.866,551,117.36,46.6,11.65,36,72.6,3.1,202,Very Unhealthy,SE,1013.47,3.33,High,High,Active,46.3,0.95,206.22,Increasing
05-06-2024 15:00,NODE_01,Sensor_Node_1_Industry_Zone,118.26,234,7.555,504.9,82.97,39.78,17.6,35.4,71.1,3,183,Unhealthy,S,1007.32,6.56,Low,Low,Active,20.4,1,175.35,Stable
05-06-2024 16:00,NODE_01,Sensor_Node_1_Industry_Zone,124.48,199.68,7.867,514.4,90.03,40.57,20.76,36.2,76.2,5.1,187,Unhealthy,S,1012.53,4.19,Low,Normal,Maintenance,43.7,0.89,176.58,Increasing
05-06-2024 17:00,NODE_01,Sensor_Node_1_Industry_Zone,126.27,219.79,6.52,536.5,91.97,39.22,22.16,36.2,66.2,2,188,Unhealthy,S,1011.23,4.96,Medium,High,Active,72.2,0.98,174.11,Stable
05-06-2024 18:00,NODE_01,Sensor_Node_1_Industry_Zone,521.26,761.35,22.061,501.7,109.64,80.3,21.02,32.9,69.9,1.1,500,Hazardous,N,1013.59,8.7,High,Low,Active,74.1,0.77,532.47,Increasing
05-06-2024 19:00,NODE_01,Sensor_Node_1_Industry_Zone,126.83,226.29,8.273,505.8,84.49,39.97,31.3,31.8,83.4,2.6,188,Unhealthy,W,1002.03,7.61,Medium,High,Active,23.1,0.79,178.21,Increasing
05-06-2024 20:00,NODE_01,Sensor_Node_1_Industry_Zone,127.75,235.6,6.978,512.1,90.01,36.26,15.15,30.2,75.2,0.9,188,Unhealthy,NW,1015.3,4.02,High,Peak,Active,33.6,0.98,186.9,Stable
05-06-2024 21:00,NODE_01,Sensor_Node_1_Industry_Zone,117.04,216.07,6.39,521.8,99.91,32.35,20.27,33,69,7.9,183,Unhealthy,S,1015.57,9.07,High,Low,Active,86.4,0.84,172.76,Stable
05-06-2024 22:00,NODE_01,Sensor_Node_1_Industry_Zone,136.58,218.67,6.815,514.8,97.99,40.62,21.09,29.2,78.2,1.1,193,Unhealthy,SE,1014.67,3.84,Medium,Peak,Active,33.8,0.78,209.65,Decreasing
05-06-2024 23:00,NODE_01,Sensor_Node_1_Industry_Zone,81.09,149.3,5.994,510.2,74.82,25.87,19.22,32,78.6,3,164,Unhealthy,E,1011.98,7.75,Low,High,Active,77.2,0.81,163.7,Increasing
06-06-2024 00:00,NODE_01,Sensor_Node_1_Industry_Zone,93.94,155.27,5.443,487.9,75.52,34.07,16.87,28,67,2.5,171,Unhealthy,NW,1001.16,8.11,Low,Peak,Active,65.2,0.91,183.84,Decreasing
06-06-2024 01:00,NODE_01,Sensor_Node_1_Industry_Zone,96.46,165.04,6.622,490.5,76.43,30.57,20.31,31.5,76.1,5,172,Unhealthy,NW,1011.88,4.25,Medium,Low,Active,43.2,0.83,187.91,Increasing
06-06-2024 02:00,NODE_01,Sensor_Node_1_Industry_Zone,87.06,173.49,5.289,477,74.32,26.65,20.94,30.5,83.7,1.3,167,Unhealthy,SW,1018.36,5.72,Medium,High,Active,99.2,0.85,164.63,Increasing
06-06-2024 03:00,NODE_01,Sensor_Node_1_Industry_Zone,42.3,66.15,2.649,471.5,33.3,12.64,18.44,29.6,74.4,2.4,118,Unhealthy for Sensitive Groups,SW,1006.84,5.13,High,Peak,Active,63.6,0.77,114.12,Decreasing
06-06-2024 04:00,NODE_01,Sensor_Node_1_Industry_Zone,38.95,73.92,2.205,455.3,29.85,4.7,20.3,31.8,67.7,3.4,110,Unhealthy for Sensitive Groups,SW,1000.06,6.62,Medium,Peak,Active,88.1,0.71,110.41,Decreasing
06-06-2024 05:00,NODE_01,Sensor_Node_1_Industry_Zone,43.3,63.51,2.985,449.2,27.04,10.15,23.49,32.4,74.6,3,120,Unhealthy for Sensitive Groups,N,1002.76,7.57,High,Normal,Active,73.9,0.85,126.89,Decreasing
06-06-2024 06:00,NODE_01,Sensor_Node_1_Industry_Zone,157.5,282.67,9.435,514.3,99.72,54.14,9.17,33.7,65,4.6,500,Hazardous,NE,1013.88,9.21,Medium,Low,Active,26.5,0.97,457.54,Stable
06-06-2024 07:00,NODE_01,Sensor_Node_1_Industry_Zone,139.58,257.93,7.664,531.2,120.34,44.48,16.92,35,73.9,1.2,194,Unhealthy,SW,1014.24,6.25,Medium,High,Active,50.8,0.97,194.25,Decreasing
06-06-2024 08:00,NODE_01,Sensor_Node_1_Industry_Zone,163.57,263.78,8.946,524.2,114.5,46.86,15.14,38.6,60.8,2.7,214,Very Unhealthy,NE,1017.32,9.12,Medium,Peak,Fault,45.6,0.93,227.71,Increasing
06-06-2024 09:00,NODE_01,Sensor_Node_1_Industry_Zone,141.09,256.63,9.48,530.1,130.38,53.11,13.56,40.1,64.1,3.6,500,Hazardous,SE,1011.67,9.94,Medium,Low,Active,58.3,0.83,483.44,Decreasing
06-06-2024 10:00,NODE_01,Sensor_Node_1_Industry_Zone,725.56,1270.33,31.689,527.4,120.82,126.27,26.07,37.7,64.6,1,500,Hazardous,N,1003,5.91,High,Low,Active,40.4,0.99,510.16,Stable
06-06-2024 11:00,NODE_01,Sensor_Node_1_Industry_Zone,155.48,254.77,9.609,523.3,108.3,53.12,21.79,37.2,63.6,1.1,500,Hazardous,NW,1007.09,3.27,High,High,Active,37.7,0.99,505.48,Decreasing
06-06-2024 12:00,NODE_01,Sensor_Node_1_Industry_Zone,147.75,278.31,9.264,564.6,108.83,48.39,17.41,36.6,69.9,3,199,Unhealthy,SW,1016.91,6.78,Low,Normal,Maintenance,36.3,0.76,181.98,Increasing
06-06-2024 13:00,NODE_01,Sensor_Node_1_Industry_Zone,163.8,286.38,9.86,554.4,121.75,46.99,17.8,38.7,64.9,1.8,214,Very Unhealthy,W,1012.84,7.56,High,Low,Active,68.9,0.75,219.14,Decreasing
06-06-2024 14:00,NODE_01,Sensor_Node_1_Industry_Zone,140.1,238.73,9.25,543.7,114.21,49.07,17.05,37.2,58.8,4.6,195,Unhealthy,N,1015.9,6.83,Low,Peak,Active,89.8,0.83,210.19,Increasing
06-06-2024 15:00,NODE_01,Sensor_Node_1_Industry_Zone,130.5,224.53,6.761,537.6,93.1,43.87,22.07,35.3,70.8,3.1,190,Unhealthy,NE,1014.61,1.5,Medium,High,Active,28.9,0.99,197.58,Decreasing
06-06-2024 16:00,NODE_01,Sensor_Node_1_Industry_Zone,122.45,211.6,7.574,526.2,94.29,34.35,20.87,37.1,82.8,2.9,186,Unhealthy,E,1010.77,2.7,High,High,Fault,35.1,1,175.2,Decreasing
06-06-2024 17:00,NODE_01,Sensor_Node_1_Industry_Zone,131.8,238.16,7.48,521.7,100.38,37.83,20.79,34.7,70.3,1.9,190,Unhealthy,S,1010.96,3.15,Low,High,Active,66.3,0.72,196.4,Stable
06-06-2024 18:00,NODE_01,Sensor_Node_1_Industry_Zone,133.5,206.88,7.298,490.6,99.12,46.11,15.83,32.3,73.7,0.3,191,Unhealthy,E,1023.14,3.21,High,Low,Active,71.1,0.99,180.84,Increasing
06-06-2024 19:00,NODE_01,Sensor_Node_1_Industry_Zone,134.84,192.5,6.615,507.6,88.34,37.05,7.93,33.8,75.6,3.3,192,Unhealthy,N,1014.49,9.45,Medium,Normal,Active,38.8,0.86,175.82,Decreasing
06-06-2024 20:00,NODE_01,Sensor_Node_1_Industry_Zone,136.65,202.29,7.751,505.5,95.35,36.98,29.47,31.6,75.8,3.2,193,Unhealthy,SW,1011.23,7.01,Medium,Normal,Active,33.5,0.89,193.79,Increasing
06-06-2024 21:00,NODE_01,Sensor_Node_1_Industry_Zone,117.7,235.63,7.646,504.6,99.87,40.29,24.96,32.8,72.3,3.9,183,Unhealthy,SE,1014.73,3.09,Medium,Peak,Active,49.3,0.82,190.8,Increasing
06-06-2024 22:00,NODE_01,Sensor_Node_1_Industry_Zone,101.01,224.01,6.952,499.9,88.18,39.78,20.8,28.5,78.3,2.6,174,Unhealthy,E,1013.34,2.49,High,High,Active,40,0.77,174.45,Decreasing
06-06-2024 23:00,NODE_01,Sensor_Node_1_Industry_Zone,97.01,154.71,5.507,511.3,68.43,35.03,11.11,28.3,79.9,2.3,500,Hazardous,E,999.06,1.43,Low,Normal,Active,45.8,0.71,468.12,Decreasing
07-06-2024 00:00,NODE_01,Sensor_Node_1_Industry_Zone,88.18,170.4,4.428,493.7,77.79,29.46,18.96,30.6,76.8,2.8,500,Hazardous,SW,1015.9,3.55,Medium,High,Maintenance,57.9,0.73,471.62,Stable
07-06-2024 01:00,NODE_01,Sensor_Node_1_Industry_Zone,103.52,162.48,5.187,438.9,69.43,33.84,24.69,30.7,71.2,1.3,176,Unhealthy,N,1022.93,4.03,High,Normal,Active,44.4,0.78,159.16,Stable
07-06-2024 02:00,NODE_01,Sensor_Node_1_Industry_Zone,95.23,161.3,4.888,474.5,73.05,29.36,16.6,29.2,75.4,4.3,172,Unhealthy,NW,1007.32,3.53,Low,Peak,Active,96.7,0.93,169.44,Increasing
07-06-2024 03:00,NODE_01,Sensor_Node_1_Industry_Zone,51.04,59.13,2.233,448.3,21.48,5.55,19.87,31.5,76.8,3.2,139,Unhealthy for Sensitive Groups,SW,1020.72,7.48,High,Peak,Active,48.9,0.87,128.63,Decreasing
07-06-2024 04:00,NODE_01,Sensor_Node_1_Industry_Zone,37.62,58.04,2.682,430,21.63,14.87,18.33,35.6,75.5,2.3,106,Unhealthy for Sensitive Groups,NE,1010.46,6.1,Medium,High,Active,41,0.91,116.44,Decreasing
07-06-2024 05:00,NODE_01,Sensor_Node_1_Industry_Zone,41.28,60.53,1.969,457.9,26.25,16.67,38.32,32.5,74.5,3.9,115,Unhealthy for Sensitive Groups,NW,1013.76,1.93,High,High,Active,89.5,0.79,106.95,Decreasing
07-06-2024 06:00,NODE_01,Sensor_Node_1_Industry_Zone,153.34,254.39,8.327,540,114.46,58.44,24.85,32.4,67.7,3,500,Hazardous,N,1018.42,6.84,High,Peak,Active,70.1,0.92,520.18,Decreasing
07-06-2024 07:00,NODE_01,Sensor_Node_1_Industry_Zone,154.59,256.94,8.931,529.7,121.82,47.56,13.45,36.8,65.8,3,205,Very Unhealthy,E,1007.68,3.79,Low,Low,Active,22.7,0.7,216.83,Stable
07-06-2024 08:00,NODE_01,Sensor_Node_1_Industry_Zone,151.12,273.16,9.119,540.4,117.17,47.46,16.42,37.3,63.2,3.6,202,Very Unhealthy,E,1019.45,7.67,Low,High,Active,34.5,0.98,182.48,Decreasing
07-06-2024 09:00,NODE_01,Sensor_Node_1_Industry_Zone,153.96,284.33,8.676,508,119,51.85,22.84,38.6,71,2.5,204,Very Unhealthy,SE,1004.71,5.4,Medium,Peak,Active,57,0.78,210.95,Stable
07-06-2024 10:00,NODE_01,Sensor_Node_1_Industry_Zone,144.25,267.65,9.451,552.8,123.44,48.69,14.67,38.2,63.5,5.2,500,Hazardous,E,1006.75,2.27,Low,Peak,Active,79.7,0.84,472.83,Increasing
07-06-2024 11:00,NODE_01,Sensor_Node_1_Industry_Zone,149.87,263.21,8.378,527.8,119.03,51.17,17.21,38.6,66.2,2.6,200,Unhealthy,NW,1008.44,2.65,High,Peak,Active,97.5,0.95,186.6,Decreasing
07-06-2024 12:00,NODE_01,Sensor_Node_1_Industry_Zone,163.19,286.05,8.365,536.4,117.83,49.33,24.96,38.3,61.2,4.9,214,Very Unhealthy,NW,1015.97,5.96,Medium,Peak,Active,45.3,0.75,229.11,Increasing
07-06-2024 13:00,NODE_01,Sensor_Node_1_Industry_Zone,158.77,291.31,9.135,535.5,103.91,49.74,22.53,37.7,52.8,4.6,209,Very Unhealthy,SE,1009.95,3.56,High,Normal,Active,56.3,0.95,220.87,Decreasing
07-06-2024 14:00,NODE_01,Sensor_Node_1_Industry_Zone,158.37,254.24,8.677,533.6,112.96,42.28,19.82,39.3,57.7,4.7,500,Hazardous,E,1002.88,4.44,Medium,Peak,Maintenance,57.9,0.81,450.85,Decreasing
07-06-2024 15:00,NODE_01,Sensor_Node_1_Industry_Zone,133.15,213.33,7.236,522.5,88.55,45.1,12.79,36.2,70.9,4.7,191,Unhealthy,NE,1010.7,8.07,Medium,Peak,Active,42.9,0.92,197.79,Decreasing
07-06-2024 16:00,NODE_01,Sensor_Node_1_Industry_Zone,134.21,226.98,6.2,518.1,101.28,35.05,22.02,37,61.7,5.4,192,Unhealthy,E,1007.29,6,Low,Peak,Active,43.2,0.91,180.42,Stable
07-06-2024 17:00,NODE_01,Sensor_Node_1_Industry_Zone,129.87,199.27,7.243,485.1,78.14,40.88,23.9,35.4,70.1,1.2,189,Unhealthy,W,1016.39,8.9,Medium,High,Active,46.6,0.79,193.97,Decreasing
07-06-2024 18:00,NODE_01,Sensor_Node_1_Industry_Zone,121.43,218.7,6.95,529.3,95.45,41.59,22.84,33.2,76,1.2,185,Unhealthy,SE,1009.94,7.19,Low,Low,Active,78.4,0.87,197.57,Increasing
07-06-2024 19:00,NODE_01,Sensor_Node_1_Industry_Zone,120.11,200.05,7.214,481.9,92.01,33.89,22.3,34.5,68.4,0.8,184,Unhealthy,W,1012.42,2.38,Medium,Low,Active,81.1,0.81,184.15,Decreasing
07-06-2024 20:00,NODE_01,Sensor_Node_1_Industry_Zone,126.63,225.39,7.619,519.7,99.22,37.72,18.82,31.3,70.6,4.7,188,Unhealthy,SE,1009.57,1.9,High,High,Active,88.1,0.95,205.49,Increasing
07-06-2024 21:00,NODE_01,Sensor_Node_1_Industry_Zone,123.49,216.51,7.489,527.6,112.89,33.08,14.96,33.4,74.1,3.4,186,Unhealthy,SE,1014.6,6.79,Low,Normal,Active,73.7,0.98,188.32,Increasing
07-06-2024 22:00,NODE_01,Sensor_Node_1_Industry_Zone,140.04,197.22,7.779,547.3,86.98,43.45,13.57,30.6,75.7,3.6,195,Unhealthy,E,1010.9,5.82,Medium,High,Active,55.1,0.82,203.89,Stable
07-06-2024 23:00,NODE_01,Sensor_Node_1_Industry_Zone,73.18,180.31,5.682,531.8,71.31,29.82,19.88,29.5,64.5,0.8,160,Unhealthy,W,1013.95,7.61,Medium,High,Active,20.2,0.7,152.03,Decreasing
08-06-2024 00:00,NODE_01,Sensor_Node_1_Industry_Zone,58.3,74.79,3.72,468.3,39.6,16.98,19.78,30,84.5,3.2,152,Unhealthy,SE,996.44,5.99,High,Normal,Active,86.7,0.81,153.03,Stable
08-06-2024 01:00,NODE_01,Sensor_Node_1_Industry_Zone,55.44,109.02,3.404,476.6,44.5,16.11,22.14,30.3,64.8,5,500,Hazardous,S,1012.58,9.89,Medium,Peak,Active,53.5,0.97,503.51,Stable
08-06-2024 02:00,NODE_01,Sensor_Node_1_Industry_Zone,56.87,94.6,2.806,457.2,51.68,18.93,24.66,32.8,82.7,6.2,152,Unhealthy,NE,1014.48,9.83,Medium,Low,Active,62.8,0.96,145.75,Stable
08-06-2024 03:00,NODE_01,Sensor_Node_1_Industry_Zone,20.69,45.25,1.149,433.8,21.51,4.86,13.95,29.8,74.4,2.6,69,Moderate,E,1010.8,3.45,High,High,Active,54.8,0.94,72.41,Increasing
08-06-2024 04:00,NODE_01,Sensor_Node_1_Industry_Zone,29.12,40.87,2.069,467.3,27.34,1.25,26.03,33.1,77.3,1.3,87,Moderate,SE,1016.02,8.13,High,Peak,Active,87.3,0.73,78.59,Increasing
08-06-2024 05:00,NODE_01,Sensor_Node_1_Industry_Zone,30.12,44.04,1.084,416,14.59,18.9,22.57,30,77.9,4,89,Moderate,W,1016.43,7.9,Low,High,Active,86.5,0.91,94.7,Stable
08-06-2024 06:00,NODE_01,Sensor_Node_1_Industry_Zone,103.87,184.74,6.744,527.6,69.83,28.38,14.67,36.2,75.2,4.9,176,Unhealthy,NE,1019.83,8.56,Medium,Normal,Active,45.7,0.83,164.94,Stable
08-06-2024 07:00,NODE_01,Sensor_Node_1_Industry_Zone,104.01,147.43,5.477,508,84.64,39.1,19.9,33.6,79.3,1.5,176,Unhealthy,E,1012.63,4.78,Low,Peak,Active,95.7,0.75,176,Decreasing
08-06-2024 08:00,NODE_01,Sensor_Node_1_Industry_Zone,92.38,166.88,5.849,538.1,66.55,37.61,15.25,34.9,75.7,3.4,170,Unhealthy,NE,1000.52,9.35,High,Low,Active,98.3,0.89,162.23,Stable
08-06-2024 09:00,NODE_01,Sensor_Node_1_Industry_Zone,296.91,653.16,14.658,540.2,68.41,64.44,13.62,36.7,70.2,0.7,500,Hazardous,S,998.29,4.39,Low,Peak,Active,47.3,0.98,545.02,Stable
08-06-2024 10:00,NODE_01,Sensor_Node_1_Industry_Zone,98.03,195.28,6.104,535.7,81.32,31.42,21.87,38,66.2,2.4,173,Unhealthy,E,1002.39,7.42,High,High,Active,39.5,0.92,170.45,Stable
08-06-2024 11:00,NODE_01,Sensor_Node_1_Industry_Zone,103.68,156.19,5.895,572.2,92.06,35.31,18.5,35.2,62.9,1.9,176,Unhealthy,W,1011.77,6.42,High,Peak,Active,87,0.85,189.44,Stable
08-06-2024 12:00,NODE_01,Sensor_Node_1_Industry_Zone,98.75,166.29,4.834,554.5,68.93,33.72,26.37,36.6,50.8,7.9,173,Unhealthy,SE,1011.06,4.28,High,High,Active,75.3,0.83,182.73,Decreasing
08-06-2024 13:00,NODE_01,Sensor_Node_1_Industry_Zone,97.81,188.31,6.803,518.9,79.92,30.9,15.47,41.8,57.2,1.8,173,Unhealthy,N,1013.66,3.05,Medium,Low,Maintenance,86,0.94,179.34,Decreasing
08-06-2024 14:00,NODE_01,Sensor_Node_1_Industry_Zone,102.13,179.45,6.367,542.8,78.6,31.19,17.35,36.9,70.5,5.9,175,Unhealthy,SE,1008.25,7.17,High,Low,Active,50.5,0.84,188.19,Increasing
08-06-2024 15:00,NODE_01,Sensor_Node_1_Industry_Zone,77.12,143.6,4.645,536.1,60.79,19.12,24.71,35.5,63.8,4.2,162,Unhealthy,E,1007.58,9.12,High,Normal,Active,43.3,0.98,175.8,Stable
08-06-2024 16:00,NODE_01,Sensor_Node_1_Industry_Zone,62.99,182.25,5.187,519.8,60.77,27.35,21.01,37,72.3,1.7,155,Unhealthy,SE,1015.33,4.59,Medium,Peak,Active,61.7,0.97,144.3,Stable
08-06-2024 17:00,NODE_01,Sensor_Node_1_Industry_Zone,80.8,135.59,5.226,526.5,40.57,28.83,19.37,35,68.1,3.8,164,Unhealthy,N,1015.94,1.87,High,Low,Active,79.3,0.71,169.35,Increasing
08-06-2024 18:00,NODE_01,Sensor_Node_1_Industry_Zone,73.9,144.02,4.173,491,56.76,29.66,23.17,34.8,76.4,4.1,160,Unhealthy,N,1010.46,3.53,High,High,Active,40.7,0.99,164.43,Increasing
08-06-2024 19:00,NODE_01,Sensor_Node_1_Industry_Zone,84.21,149.53,5.036,537.2,66.11,27.61,23.75,32.9,68.3,1,166,Unhealthy,W,1011.77,4.61,High,Low,Active,62.8,0.94,165.61,Decreasing
08-06-2024 20:00,NODE_01,Sensor_Node_1_Industry_Zone,74.68,136.3,4.263,510.3,47.9,27.06,18.41,30.8,79,0.8,161,Unhealthy,N,1014.43,4.66,Medium,Normal,Active,62.2,0.98,160.7,Stable
08-06-2024 21:00,NODE_01,Sensor_Node_1_Industry_Zone,87.58,115.81,4.278,502,54.57,29.53,17.43,30.8,64.2,1.8,168,Unhealthy,W,1015.03,6.74,Low,Peak,Maintenance,72.3,0.71,154.48,Decreasing
08-06-2024 22:00,NODE_01,Sensor_Node_1_Industry_Zone,80.56,142.2,5.34,492.2,40.02,26.94,27.4,32.4,78.5,1.8,164,Unhealthy,SE,1005.14,2.04,Medium,High,Active,36.5,0.72,169.01,Increasing
08-06-2024 23:00,NODE_01,Sensor_Node_1_Industry_Zone,56.13,110.41,3.747,509.7,65.18,21.23,18.26,30.1,67.2,2,151,Unhealthy,W,1007.68,2.01,Low,Normal,Active,63.3,0.93,148.46,Increasing
09-06-2024 00:00,NODE_01,Sensor_Node_1_Industry_Zone,55.87,105.87,3.083,510.8,45.87,19.62,19.16,30.2,83,2.2,151,Unhealthy,E,1004.62,2.56,Medium,High,Active,31.5,0.93,153.17,Decreasing
09-06-2024 01:00,NODE_01,Sensor_Node_1_Industry_Zone,53.12,84.9,3.085,482,51.98,20.71,21.77,31.4,77,2.4,144,Unhealthy for Sensitive Groups,SE,1008.96,2.49,Low,High,Active,41.7,0.74,142.22,Increasing
09-06-2024 02:00,NODE_01,Sensor_Node_1_Industry_Zone,62.18,95.58,2.275,488.2,55.82,23.36,25.63,32.4,77.7,2.1,154,Unhealthy,N,1016.87,2.58,Medium,Normal,Active,33,0.83,155.13,Increasing
09-06-2024 03:00,NODE_01,Sensor_Node_1_Industry_Zone,26.6,51.85,2.058,444,15.96,8.19,28.01,29,62.5,1.7,82,Moderate,S,1015.28,1.05,High,Peak,Maintenance,95.9,0.79,79.14,Increasing
09-06-2024 04:00,NODE_01,Sensor_Node_1_Industry_Zone,20.96,41.16,1.229,472.6,21.4,9.39,28.11,30.3,81.2,1.7,70,Moderate,N,1005.41,3.47,Low,Low,Active,92,0.95,64.77,Increasing
09-06-2024 05:00,NODE_01,Sensor_Node_1_Industry_Zone,24.42,21.47,1.865,453.3,12.8,4.71,30.63,31.2,83.4,3.9,77,Moderate,SW,1015.07,6.09,High,Peak,Active,63.4,0.76,70.51,Decreasing
09-06-2024 06:00,NODE_01,Sensor_Node_1_Industry_Zone,97.47,181.34,5.552,538.1,76.73,28.75,19.7,33.2,70.6,2.9,173,Unhealthy,W,1012.52,9.93,Medium,Normal,Active,28.1,0.8,165.46,Decreasing
09-06-2024 07:00,NODE_01,Sensor_Node_1_Industry_Zone,92.15,206.68,6.216,540.7,74.6,32.85,18.74,33.3,77.1,4.3,170,Unhealthy,N,1009.04,4.7,High,Peak,Maintenance,65.5,0.86,177.85,Increasing
09-06-2024 08:00,NODE_01,Sensor_Node_1_Industry_Zone,103.61,173.17,6.16,551.7,73.96,30.47,16.51,38.3,61.6,0.3,176,Unhealthy,SW,1003.56,8.61,Low,Normal,Active,25.9,0.74,178.38,Increasing
09-06-2024 09:00,NODE_01,Sensor_Node_1_Industry_Zone,88.36,175.21,5.849,544.1,78.15,31.87,23.45,34.4,62.8,0.9,168,Unhealthy,E,1010.95,2.89,Low,Peak,Active,91.6,0.99,184.2,Decreasing
09-06-2024 10:00,NODE_01,Sensor_Node_1_Industry_Zone,99.27,149.9,5.736,570.9,76.59,33.68,9.7,36.5,64.6,3.5,174,Unhealthy,SE,1016.08,9.46,Low,High,Maintenance,38.8,0.85,163.15,Stable
09-06-2024 11:00,NODE_01,Sensor_Node_1_Industry_Zone,97.56,157.34,5.947,550,84.42,39.08,10.92,36.6,58.7,5.5,173,Unhealthy,W,999.02,1.15,High,Low,Active,67.4,0.76,180.09,Stable
09-06-2024 12:00,NODE_01,Sensor_Node_1_Industry_Zone,108,171.84,5.664,543.7,70.59,41.12,7.96,38.3,78.1,1,178,Unhealthy,E,1009.62,1.24,High,High,Maintenance,28,1,188.39,Stable
09-06-2024 13:00,NODE_01,Sensor_Node_1_Industry_Zone,100.15,170.37,6.51,501.2,87.17,27.06,14.67,37.2,69.7,6.3,174,Unhealthy,SE,1025.53,4.26,Low,Peak,Active,25.6,0.92,173.35,Stable
09-06-2024 14:00,NODE_01,Sensor_Node_1_Industry_Zone,87.32,179.37,6.836,516.5,77.77,30.11,18.13,37.5,63,2.8,167,Unhealthy,SW,1016.04,8.88,Low,Low,Maintenance,67.5,0.72,151.54,Increasing
09-06-2024 15:00,NODE_01,Sensor_Node_1_Industry_Zone,83.98,148.4,4.013,498.6,64.46,32.14,20.18,36.4,67.8,0.3,166,Unhealthy,N,1013.56,6.1,Medium,Normal,Maintenance,82.4,0.82,180.11,Increasing
09-06-2024 16:00,NODE_01,Sensor_Node_1_Industry_Zone,70.08,146.78,5.1,507.7,57.86,27.27,16.22,35.9,81.6,1.2,159,Unhealthy,N,1007.58,1.32,Medium,Normal,Active,67.5,0.74,150.92,Decreasing
09-06-2024 17:00,NODE_01,Sensor_Node_1_Industry_Zone,78.1,148.74,4.569,504.1,70.4,31.89,15.4,32.2,76.5,4.4,163,Unhealthy,N,1007.93,8.56,High,High,Active,76.8,0.78,158.4,Decreasing
09-06-2024 18:00,NODE_01,Sensor_Node_1_Industry_Zone,64.32,150.82,4.054,529,61.25,22.39,16.36,35,72.6,2.7,156,Unhealthy,SE,1011.5,2.46,Medium,Normal,Active,90.2,0.94,152.54,Stable
09-06-2024 19:00,NODE_01,Sensor_Node_1_Industry_Zone,84.76,160.96,4.711,499.6,51.84,25.45,23.01,32.8,82.6,2.9,166,Unhealthy,NW,1021.62,4.38,High,Low,Active,67.8,0.91,176.72,Decreasing
09-06-2024 20:00,NODE_01,Sensor_Node_1_Industry_Zone,70.06,143.41,5.103,508.2,42.92,27,20.58,32.6,82.4,4.3,159,Unhealthy,N,1014.79,1.77,Low,Peak,Active,38.1,0.99,159.25,Decreasing
09-06-2024 21:00,NODE_01,Sensor_Node_1_Industry_Zone,71.51,113.42,4.819,506.7,60.58,27.6,15.96,30.2,76.4,6.7,159,Unhealthy,E,1006.77,9.38,Low,High,Active,56,0.82,144.03,Decreasing
09-06-2024 22:00,NODE_01,Sensor_Node_1_Industry_Zone,71.38,123.12,4.999,495.1,65.82,28.06,9.77,29.5,84.4,4.6,159,Unhealthy,E,1019.06,1.06,Medium,Peak,Active,55.5,1,158.43,Stable
09-06-2024 23:00,NODE_01,Sensor_Node_1_Industry_Zone,52.21,114.71,3.369,479.8,55.82,26.61,25.69,30.3,72.9,3.9,142,Unhealthy for Sensitive Groups,N,1010.24,8.91,High,Peak,Active,71.3,0.86,142.66,Decreasing
10-06-2024 00:00,NODE_01,Sensor_Node_1_Industry_Zone,95.75,179.22,5.701,463.5,77.92,26.25,18.88,30.4,90,2.4,172,Unhealthy,S,1022.18,2.52,Medium,Normal,Active,24.9,0.85,185.34,Increasing
10-06-2024 01:00,NODE_01,Sensor_Node_1_Industry_Zone,117.28,167.08,5.82,484.8,83.13,31.16,23.29,31.1,80.3,2,183,Unhealthy,SE,1008.6,2.82,Medium,Normal,Active,48,0.71,176.17,Decreasing
10-06-2024 02:00,NODE_01,Sensor_Node_1_Industry_Zone,87.93,144.2,5.596,504.6,73.76,36.94,20.77,31.5,70.6,4.3,168,Unhealthy,S,1005.98,2.99,Medium,Low,Active,68.8,0.78,154.22,Decreasing
10-06-2024 03:00,NODE_01,Sensor_Node_1_Industry_Zone,35.4,62.38,2.204,419.2,26.9,16.16,27.88,31.9,76.5,0.8,500,Hazardous,SW,1013.05,2.28,High,Normal,Active,56.4,0.94,451.45,Decreasing
10-06-2024 04:00,NODE_01,Sensor_Node_1_Industry_Zone,44.09,72.39,2.486,437,14.33,16.99,22.61,30.7,79.2,3.7,122,Unhealthy for Sensitive Groups,W,1017.89,2.29,High,Peak,Active,91.1,0.7,129.21,Stable
10-06-2024 05:00,NODE_01,Sensor_Node_1_Industry_Zone,35.36,76.07,1.557,468.3,31.23,11.12,25.72,30.3,76,2.1,100,Moderate,N,1018.22,8.84,Medium,Peak,Active,72.5,0.77,97.2,Increasing
10-06-2024 06:00,NODE_01,Sensor_Node_1_Industry_Zone,141.82,281.58,8.645,568.6,113.85,43.57,10.42,35.9,71.1,6,196,Unhealthy,S,1012.96,4.75,Medium,Peak,Active,60,0.93,208.02,Increasing
10-06-2024 07:00,NODE_01,Sensor_Node_1_Industry_Zone,149.61,281.64,9.684,534.5,108.32,48.75,17.3,33.6,64.7,2.6,200,Unhealthy,SE,1006.07,4.26,High,Peak,Active,65.7,0.98,204.26,Decreasing
10-06-2024 08:00,NODE_01,Sensor_Node_1_Industry_Zone,154.26,255.38,8.845,524.4,123.83,54.54,6.77,34.6,60,1.7,205,Very Unhealthy,SW,1008.97,3.21,High,High,Active,91.1,0.72,189.17,Decreasing
10-06-2024 09:00,NODE_01,Sensor_Node_1_Industry_Zone,148.8,253.09,8.458,544.7,118.09,47.51,16.88,36,66.1,3.3,199,Unhealthy,SE,999.89,9.14,Medium,Peak,Active,32.9,0.93,195.48,Decreasing
10-06-2024 10:00,NODE_01,Sensor_Node_1_Industry_Zone,143.6,277.62,9.366,520.3,123.33,56.55,10.39,36.1,72.9,6,196,Unhealthy,S,1006.52,6.26,Low,Low,Active,48.8,0.76,205.25,Decreasing
10-06-2024 11:00,NODE_01,Sensor_Node_1_Industry_Zone,156.17,273.72,9.13,548,108.31,54.59,21.85,37.5,65.9,3.3,207,Very Unhealthy,W,1010.93,4.11,Low,High,Active,41.4,0.72,193.45,Decreasing
10-06-2024 12:00,NODE_01,Sensor_Node_1_Industry_Zone,158.58,265.13,9.522,535,121.55,46.32,15.88,37.7,67.4,5.5,209,Very Unhealthy,SW,1014.33,2.78,Medium,High,Maintenance,55,0.95,199.95,Decreasing
10-06-2024 13:00,NODE_01,Sensor_Node_1_Industry_Zone,151.04,259.89,8.157,572.5,127.27,45.23,19.45,37.1,67.8,1.6,202,Very Unhealthy,NE,1009.96,9.22,High,Normal,Maintenance,23.1,0.92,215.21,Stable
10-06-2024 14:00,NODE_01,Sensor_Node_1_Industry_Zone,147.73,256.33,8.502,526,117.13,47.54,19.41,39.7,63.3,6.1,199,Unhealthy,SW,1011.66,2.84,Low,Peak,Fault,90.7,0.7,217.84,Decreasing
10-06-2024 15:00,NODE_01,Sensor_Node_1_Industry_Zone,125.12,219.8,7.404,517.2,99.28,42.25,12.21,38.1,73.1,3,187,Unhealthy,SE,1009.62,1.59,Medium,Low,Active,46.7,0.87,189.66,Stable
10-06-2024 16:00,NODE_01,Sensor_Node_1_Industry_Zone,128.67,209.87,7.704,558.3,88.58,34.8,19.92,37.1,67.6,3.5,189,Unhealthy,N,1016.51,6.67,Medium,Low,Active,89,0.97,182.7,Decreasing
10-06-2024 17:00,NODE_01,Sensor_Node_1_Industry_Zone,134.83,204.32,8.028,551.7,88.71,38.12,22.7,34.5,70.2,2.1,192,Unhealthy,N,1006.61,3.49,High,Low,Active,29.6,0.98,188.64,Increasing
10-06-2024 18:00,NODE_01,Sensor_Node_1_Industry_Zone,123.09,203.14,6.921,541.8,85.28,43.57,17.01,33.6,76.7,4.5,186,Unhealthy,N,1017.03,2.6,Low,Low,Active,49.3,0.9,176.79,Stable
10-06-2024 19:00,NODE_01,Sensor_Node_1_Industry_Zone,125.92,208.16,6.862,496.3,88.3,52.12,24.62,30.9,65.6,4.6,187,Unhealthy,SW,1023.77,6.45,Medium,Low,Active,25,0.8,177.91,Increasing
10-06-2024 20:00,NODE_01,Sensor_Node_1_Industry_Zone,127.59,209.23,7.105,521.7,94.68,31.44,17.25,30.7,76.1,1.6,188,Unhealthy,SW,1014.84,5.11,Medium,Low,Active,22.6,0.74,197.67,Increasing
10-06-2024 21:00,NODE_01,Sensor_Node_1_Industry_Zone,147.08,225.71,7.409,523.4,98.33,48.55,12.75,31.9,70.7,1.6,198,Unhealthy,W,1008.84,2.41,High,Normal,Active,36.9,0.71,183.96,Stable
10-06-2024 22:00,NODE_01,Sensor_Node_1_Industry_Zone,119.86,208.67,7.656,532.3,85.36,40.54,14.85,28.6,75.9,3,184,Unhealthy,NE,1008.78,6.17,Low,High,Active,74.7,0.96,188.53,Decreasing
10-06-2024 23:00,NODE_01,Sensor_Node_1_Industry_Zone,89.93,140.31,5.094,509,85.18,23.9,11.4,32.9,80.1,3.9,169,Unhealthy,N,1019.26,7.01,Medium,Low,Active,40.7,0.88,164.54,Increasing
11-06-2024 00:00,NODE_01,Sensor_Node_1_Industry_Zone,71.31,159.65,5.54,507.2,63.46,30.58,16.17,30.4,72.6,3.8,159,Unhealthy,S,1005.24,7.24,Medium,Peak,Active,66.7,0.86,159.22,Increasing
11-06-2024 01:00,NODE_01,Sensor_Node_1_Industry_Zone,89.14,171.62,5.259,491.3,60.42,29.04,20.55,34.1,71.1,3.5,168,Unhealthy,NE,1006.28,3.27,High,Low,Active,39,1,177.99,Decreasing
11-06-2024 02:00,NODE_01,Sensor_Node_1_Industry_Zone,94.65,184.22,5.562,497.6,70.19,35.13,26.28,29.6,69.3,4.9,171,Unhealthy,W,1005.01,5.67,Medium,Peak,Active,55,0.86,160.53,Increasing
11-06-2024 03:00,NODE_01,Sensor_Node_1_Industry_Zone,36.88,55.3,2.208,468.8,26.2,12.43,25.29,32.4,62.8,6.5,104,Unhealthy for Sensitive Groups,SW,1004.33,4.04,High,High,Active,87.9,0.99,105.96,Increasing
11-06-2024 04:00,NODE_01,Sensor_Node_1_Industry_Zone,33.65,69.46,2.84,437.6,16.26,15.08,21.82,30.2,71.3,2.4,96,Moderate,SW,1005.73,9.34,Low,High,Active,57,0.92,88.44,Increasing
11-06-2024 05:00,NODE_01,Sensor_Node_1_Industry_Zone,37.02,79.06,2.877,458.2,21.44,11.79,24.97,33.9,77.6,3.1,105,Unhealthy for Sensitive Groups,SE,1016.74,5.33,Medium,Peak,Active,47.8,0.8,104.09,Increasing
11-06-2024 06:00,NODE_01,Sensor_Node_1_Industry_Zone,157.66,286.38,9.312,555.2,118.19,56.04,18.05,32.7,80.4,1.5,208,Very Unhealthy,NE,1018.61,6.13,Medium,Low,Active,42.3,0.98,188.15,Increasing
11-06-2024 07:00,NODE_01,Sensor_Node_1_Industry_Zone,159.58,270.15,9.192,544.6,119.78,57.2,21.36,35.3,76.1,3.5,210,Very Unhealthy,N,1007.82,5.78,Low,Peak,Active,33.7,0.89,223.93,Decreasing
11-06-2024 08:00,NODE_01,Sensor_Node_1_Industry_Zone,168.47,262.95,8.536,529.3,109.97,47.26,14.15,33.9,69.1,1.6,219,Very Unhealthy,N,1013.24,9.98,High,Peak,Active,48.1,0.91,211.9,Stable
11-06-2024 09:00,NODE_01,Sensor_Node_1_Industry_Zone,161.22,253.29,9.72,550.2,124.81,47.77,20.27,35.2,73.1,5.9,212,Very Unhealthy,S,1016.55,9.06,High,Peak,Active,37.3,0.79,198.48,Stable
11-06-2024 10:00,NODE_01,Sensor_Node_1_Industry_Zone,144.6,253.47,9.259,523.9,120.84,44.93,20.24,35.6,70.1,4.2,197,Unhealthy,SE,1012.6,9.89,Medium,Normal,Active,91.9,0.84,213.03,Increasing
11-06-2024 11:00,NODE_01,Sensor_Node_1_Industry_Zone,159.01,269.65,8.691,522.8,103.86,51.8,8.18,38,64.6,2.2,209,Very Unhealthy,SE,1006.27,3.16,Low,High,Active,52.7,0.95,211.81,Increasing
11-06-2024 12:00,NODE_01,Sensor_Node_1_Industry_Zone,151.36,276.25,9.128,546.7,120.88,44.26,19.78,38.9,59.9,0.5,202,Very Unhealthy,NE,1003.18,5.34,Medium,High,Active,94,0.85,214.02,Increasing
11-06-2024 13:00,NODE_01,Sensor_Node_1_Industry_Zone,152.05,270.67,9.676,560.5,108.41,52.89,22.64,38.4,72.8,3.2,203,Very Unhealthy,W,1018.06,5.08,Low,Normal,Active,60.9,0.9,210.47,Increasing
11-06-2024 14:00,NODE_01,Sensor_Node_1_Industry_Zone,155.99,280.63,9.032,541.4,115.14,56.65,11.91,39.8,69.8,5.7,206,Very Unhealthy,SW,1014.98,7.31,Medium,Normal,Active,87.7,0.86,217.06,Stable
11-06-2024 15:00,NODE_01,Sensor_Node_1_Industry_Zone,112.01,217.95,6.118,527.1,100.28,37.95,19.02,39.8,64.7,3.7,180,Unhealthy,NW,1015.46,7.5,Medium,Low,Active,57.6,0.79,167.44,Increasing
11-06-2024 16:00,NODE_01,Sensor_Node_1_Industry_Zone,138.9,212.85,7.674,539.9,88.88,38.38,24.55,38.5,72.4,2.7,194,Unhealthy,SW,1005.35,4.77,High,Low,Active,29.2,0.8,209.47,Stable
11-06-2024 17:00,NODE_01,Sensor_Node_1_Industry_Zone,116.16,208.11,7.339,543.8,100.06,41.98,20.72,35.1,73.8,2.9,182,Unhealthy,NW,1013.41,5.74,Low,High,Active,51.7,0.82,178.67,Stable
11-06-2024 18:00,NODE_01,Sensor_Node_1_Industry_Zone,125.13,196.69,7.361,512.1,106.37,46.61,16.07,33.8,71.6,1,187,Unhealthy,N,1015.77,5.19,Low,High,Active,30.8,0.83,187.04,Decreasing
11-06-2024 19:00,NODE_01,Sensor_Node_1_Industry_Zone,119.59,196.97,7.479,527.1,88.45,43.9,15.24,33.3,78.5,6.7,184,Unhealthy,N,1013.88,7.89,Low,Peak,Active,76.7,0.86,176.97,Increasing
11-06-2024 20:00,NODE_01,Sensor_Node_1_Industry_Zone,119.07,210.05,7.065,502.4,92.84,34.13,15.94,31.6,73.5,6.7,184,Unhealthy,NW,1007.53,5.45,High,High,Active,73.4,0.83,198.04,Increasing
11-06-2024 21:00,NODE_01,Sensor_Node_1_Industry_Zone,121.27,211.94,7.408,531.5,89.53,35.51,13.19,30.4,74.1,1.9,185,Unhealthy,NE,1018.07,7.1,Medium,Low,Active,57,0.73,181.71,Stable
11-06-2024 22:00,NODE_01,Sensor_Node_1_Industry_Zone,119.55,215.34,7.466,505.8,91.19,36.61,18.24,29.3,80.6,4.5,184,Unhealthy,E,1002.83,8.41,High,High,Active,85.2,0.95,181.14,Stable
11-06-2024 23:00,NODE_01,Sensor_Node_1_Industry_Zone,78.11,162.17,6.723,496.9,63.53,29.86,11.92,30,72.8,2.1,163,Unhealthy,N,1017.57,7.1,High,High,Active,60.9,0.89,177.14,Stable
12-06-2024 00:00,NODE_01,Sensor_Node_1_Industry_Zone,91.47,150.7,6.245,484.8,83.39,33.5,23.21,30.6,80.4,4.7,170,Unhealthy,W,1018.49,4.28,Low,High,Active,57.8,0.98,170.62,Stable
12-06-2024 01:00,NODE_01,Sensor_Node_1_Industry_Zone,76.98,155.7,5.799,489.7,60.72,30.03,29.32,32,77.4,2.3,162,Unhealthy,NW,1021.43,5.31,Medium,Low,Active,61.5,0.95,161.66,Increasing
12-06-2024 02:00,NODE_01,Sensor_Node_1_Industry_Zone,78.77,146.66,6.157,485.7,68.86,29.04,30.32,33,90.5,1.8,163,Unhealthy,SE,1009.95,5.2,High,Low,Active,28.3,0.75,154.55,Stable
12-06-2024 03:00,NODE_01,Sensor_Node_1_Industry_Zone,37.23,87.18,1.656,450.4,21.72,10.24,20.81,30.3,73,4.6,105,Unhealthy for Sensitive Groups,W,1006,9.63,Medium,Normal,Active,46.8,0.73,96.58,Increasing
12-06-2024 04:00,NODE_01,Sensor_Node_1_Industry_Zone,29.66,69.59,2.849,437.3,24.37,11.68,30.9,32.3,71.8,3.7,88,Moderate,NW,1016.76,4.92,Medium,Peak,Active,34.3,0.88,79.7,Increasing
12-06-2024 05:00,NODE_01,Sensor_Node_1_Industry_Zone,42.37,72.22,2.086,431.4,23.19,14.74,31.14,32,76.3,2.7,118,Unhealthy for Sensitive Groups,SW,1007.8,9.22,High,Low,Active,58.6,0.71,128.94,Stable
12-06-2024 06:00,NODE_01,Sensor_Node_1_Industry_Zone,153.75,253.26,8.492,529,119.65,49.65,5,30.8,68.4,2.9,204,Very Unhealthy,NE,1012.26,9.19,High,Normal,Active,87.5,0.97,192.86,Decreasing
12-06-2024 07:00,NODE_01,Sensor_Node_1_Industry_Zone,157.66,258.63,9.654,534.1,120.28,50.97,5.35,36.2,71.7,3,208,Very Unhealthy,NE,1010.1,7.72,High,Normal,Active,81.8,0.9,207.32,Increasing
12-06-2024 08:00,NODE_01,Sensor_Node_1_Industry_Zone,137.33,290.15,8.816,546.2,117.28,48.7,13.15,36.5,59.9,1.5,193,Unhealthy,NW,1006.59,2.82,Medium,Normal,Active,86.6,0.97,180.15,Increasing
12-06-2024 09:00,NODE_01,Sensor_Node_1_Industry_Zone,160,259.7,9.589,531.4,120.11,47.48,19.79,37.9,78.8,5.7,210,Very Unhealthy,W,1013.93,4.83,Medium,Normal,Active,21.1,0.76,207.12,Decreasing
12-06-2024 10:00,NODE_01,Sensor_Node_1_Industry_Zone,154.78,284.14,8.601,554.4,116.24,50.14,16.46,37.8,66.1,3.4,205,Very Unhealthy,S,1003.65,6.81,Medium,Low,Active,66.1,0.82,191.81,Stable
12-06-2024 11:00,NODE_01,Sensor_Node_1_Industry_Zone,155.72,278.17,8.732,525,124.29,53.9,23.36,37,64.8,2.7,206,Very Unhealthy,N,1015.55,3.31,Low,Low,Active,50.3,0.72,199.03,Increasing
12-06-2024 12:00,NODE_01,Sensor_Node_1_Industry_Zone,161.97,259.47,9.28,537.6,119.87,45.81,16.43,33.5,64.9,3.6,212,Very Unhealthy,SW,1006.2,2.44,Medium,Low,Active,72.2,0.87,208.11,Decreasing
12-06-2024 13:00,NODE_01,Sensor_Node_1_Industry_Zone,140.96,272.53,9.721,523.9,129.83,54.13,14.82,39.6,59.6,2,195,Unhealthy,N,1001.61,5.34,Low,Peak,Active,99.7,0.71,207.9,Decreasing
12-06-2024 14:00,NODE_01,Sensor_Node_1_Industry_Zone,149.77,251.21,9.572,536.3,120.07,48.12,6.9,37.9,55.3,3.3,200,Unhealthy,SE,1011.7,6.4,High,Peak,Active,69.1,0.88,204.54,Increasing
12-06-2024 15:00,NODE_01,Sensor_Node_1_Industry_Zone,122.65,225.56,7.221,538.5,88.16,42.49,19.4,37.2,75.4,3.6,186,Unhealthy,E,1014.59,6.83,High,High,Maintenance,97.9,0.73,178.56,Stable
12-06-2024 16:00,NODE_01,Sensor_Node_1_Industry_Zone,109.96,199.36,7.107,517.5,86.17,49.97,25.98,36.9,69.4,3.1,179,Unhealthy,NW,1015.46,6.5,Medium,Peak,Active,98.6,0.89,174.83,Increasing
12-06-2024 17:00,NODE_01,Sensor_Node_1_Industry_Zone,121.5,216.41,6.547,521.8,92.99,32.69,14.1,34.4,81.8,1.8,185,Unhealthy,SE,1016.91,3.62,High,Normal,Active,27.9,0.8,200.02,Stable
12-06-2024 18:00,NODE_01,Sensor_Node_1_Industry_Zone,127.09,191.14,7.709,507.3,93.42,45.62,11.96,31.9,68.5,1.7,188,Unhealthy,E,997.88,4.13,Medium,High,Active,32.7,0.92,203.44,Increasing
12-06-2024 19:00,NODE_01,Sensor_Node_1_Industry_Zone,131.51,191.53,5.752,507.7,97.94,45.12,16.08,32.3,80.5,2.7,190,Unhealthy,S,1005.97,4.45,Medium,Low,Fault,93.5,0.74,198.52,Decreasing
12-06-2024 20:00,NODE_01,Sensor_Node_1_Industry_Zone,124.72,219.09,6.913,516.4,76.66,37.69,20.67,30.5,75.4,3.9,187,Unhealthy,W,1012.64,2.84,Low,Normal,Active,66.4,1,198.05,Stable
12-06-2024 21:00,NODE_01,Sensor_Node_1_Industry_Zone,126.77,199.32,7.065,526.8,95.18,37.97,19.52,32.2,63.9,2.5,188,Unhealthy,SE,1021.11,2.86,Medium,Normal,Active,51.2,0.87,200.69,Stable
12-06-2024 22:00,NODE_01,Sensor_Node_1_Industry_Zone,126.6,229.56,6.482,503,92.06,37.18,27.07,29.3,73.9,2.5,188,Unhealthy,W,1016.7,5.13,Medium,Low,Active,21.5,0.96,184.6,Decreasing
12-06-2024 23:00,NODE_01,Sensor_Node_1_Industry_Zone,94.04,164.04,5.21,488.9,66.85,24.18,22.41,32.8,77.9,6.2,171,Unhealthy,W,1023.41,2.16,Low,High,Active,86.8,0.81,184.6,Increasing
13-06-2024 00:00,NODE_01,Sensor_Node_1_Industry_Zone,94.2,169.3,4.741,521.2,71.98,36.77,17.13,32.7,82.7,1.4,171,Unhealthy,SW,1008.85,1.99,Medium,Low,Active,63.3,0.91,170.89,Decreasing
13-06-2024 01:00,NODE_01,Sensor_Node_1_Industry_Zone,96.82,176.41,5.446,455.2,62.74,29.5,22.35,30.1,85.1,3,172,Unhealthy,SW,1013.65,5.55,High,High,Active,80,0.94,161.05,Stable
13-06-2024 02:00,NODE_01,Sensor_Node_1_Industry_Zone,77.86,170.24,5.329,498.2,64.51,35.36,26.01,31.4,76.4,4.3,163,Unhealthy,NW,1005.4,1.43,Low,Low,Active,86.3,0.94,147.82,Stable
13-06-2024 03:00,NODE_01,Sensor_Node_1_Industry_Zone,43.14,89.59,2.775,433.4,31.93,7.43,27.86,31.8,65,2.6,120,Unhealthy for Sensitive Groups,SE,1009.57,4.62,High,Peak,Active,62.2,0.77,112.61,Increasing
13-06-2024 04:00,NODE_01,Sensor_Node_1_Industry_Zone,36.09,49.57,2.434,451,28.04,9.58,30.24,34.5,72.1,0.5,102,Unhealthy for Sensitive Groups,N,1007.59,7.74,Low,High,Active,71.4,0.88,104.93,Decreasing
13-06-2024 05:00,NODE_01,Sensor_Node_1_Industry_Zone,33.6,73.38,2.061,444,34.58,4.96,31.59,33.1,71.1,0.4,96,Moderate,SE,1008.2,9.77,Medium,Low,Active,65.7,0.81,96.38,Increasing
13-06-2024 06:00,NODE_01,Sensor_Node_1_Industry_Zone,153.29,265.47,8.094,567.9,117.89,52.17,20.76,32.5,74.8,2.4,204,Very Unhealthy,N,1009.64,5.5,Medium,Peak,Active,50.5,0.75,210.17,Increasing
13-06-2024 07:00,NODE_01,Sensor_Node_1_Industry_Zone,151.86,264.61,8.659,548.8,120.89,47.57,12.44,34.9,65.1,2.2,202,Very Unhealthy,S,1012.02,3.31,Medium,Low,Active,95.5,0.71,209.8,Increasing
13-06-2024 08:00,NODE_01,Sensor_Node_1_Industry_Zone,130.74,260.75,8.441,511.6,108.94,50.84,22.64,36.5,65.4,1.4,190,Unhealthy,E,1012.13,6.65,Medium,Peak,Active,21.2,0.97,208.49,Increasing
13-06-2024 09:00,NODE_01,Sensor_Node_1_Industry_Zone,157.65,249.84,8.084,534,118.71,50.01,13.92,35.4,71.4,3.5,208,Very Unhealthy,W,1015.26,2.3,High,High,Active,56.8,0.92,213.73,Stable
13-06-2024 10:00,NODE_01,Sensor_Node_1_Industry_Zone,145.98,255.47,8.227,532,124.43,52.46,20.89,38.2,60.2,4.1,198,Unhealthy,SE,1012.84,9.37,High,High,Active,97.1,0.99,211.77,Decreasing
13-06-2024 11:00,NODE_01,Sensor_Node_1_Industry_Zone,151.35,249.24,9.407,557.1,130.41,48.76,19.56,41.3,62.5,2.5,500,Hazardous,SW,1009.94,7.8,Low,Low,Active,46.2,0.89,544.96,Stable
13-06-2024 12:00,NODE_01,Sensor_Node_1_Industry_Zone,159.7,239.64,8.774,548.9,118.9,52.1,17.11,39.9,60.3,4.2,210,Very Unhealthy,SW,1008.86,2.36,Medium,Low,Active,77.4,0.71,226.15,Increasing
13-06-2024 13:00,NODE_01,Sensor_Node_1_Industry_Zone,148.58,278.61,9.186,562.3,109.35,57.07,23.62,39,76.9,2.6,199,Unhealthy,S,1010.16,1.88,Medium,Peak,Active,26.9,0.81,194.14,Increasing
13-06-2024 14:00,NODE_01,Sensor_Node_1_Industry_Zone,148.12,276.1,8.435,554.6,127.19,53.18,17.42,36,61.7,2.8,199,Unhealthy,NW,1009.31,9.34,Medium,High,Active,67.7,0.84,195.08,Stable
13-06-2024 15:00,NODE_01,Sensor_Node_1_Industry_Zone,133.2,206.95,6.155,496.5,107.46,35.2,19.35,38.3,60.2,6.4,191,Unhealthy,N,1014.95,9.6,Low,Peak,Fault,71.9,0.97,183.87,Decreasing
13-06-2024 16:00,NODE_01,Sensor_Node_1_Industry_Zone,124.68,225.93,7.174,567.4,82.4,44.55,17.54,37.2,71.6,2.1,187,Unhealthy,E,1017.19,3.26,Medium,Low,Active,47.1,0.79,171.06,Decreasing
13-06-2024 17:00,NODE_01,Sensor_Node_1_Industry_Zone,117.33,221.25,7.317,527.3,101.49,41.79,19.14,33.7,66.2,3.6,183,Unhealthy,SE,1019.64,2.55,Medium,High,Active,75.4,0.72,186.52,Increasing
13-06-2024 18:00,NODE_01,Sensor_Node_1_Industry_Zone,121.3,213.44,6.716,536.9,98.74,48.08,14.01,33.4,73.4,1.2,185,Unhealthy,SE,1007.21,7.21,Medium,Low,Active,82.6,0.95,167.69,Stable
13-06-2024 19:00,NODE_01,Sensor_Node_1_Industry_Zone,128.37,225.14,7.529,499.3,103.57,45,19.07,33.1,76.9,3,189,Unhealthy,NE,1014.82,9.94,High,Peak,Active,53.6,0.96,186.66,Decreasing
13-06-2024 20:00,NODE_01,Sensor_Node_1_Industry_Zone,105.98,225.07,6.387,542.9,91.77,39.47,15.26,31.6,83.5,5,177,Unhealthy,NW,1003.63,3.32,Medium,Peak,Active,84.3,0.97,164.76,Decreasing
13-06-2024 21:00,NODE_01,Sensor_Node_1_Industry_Zone,103.3,230.68,7.337,494.1,86.55,47.03,13.67,29.4,83.1,1.3,176,Unhealthy,SW,1014.24,4.25,Medium,High,Active,47.2,0.83,176.59,Stable
13-06-2024 22:00,NODE_01,Sensor_Node_1_Industry_Zone,124.93,198.44,7.718,534.9,97.8,41.77,27.21,30.5,70.1,0.6,187,Unhealthy,SE,1018.5,4.24,High,Peak,Active,27,0.85,189.58,Decreasing
13-06-2024 23:00,NODE_01,Sensor_Node_1_Industry_Zone,96,188.8,4.869,484.1,73.48,30.02,15.89,31.8,91.7,1,172,Unhealthy,W,1011.1,5.19,Low,Peak,Active,88.7,1,180.77,Increasing
14-06-2024 00:00,NODE_01,Sensor_Node_1_Industry_Zone,93.97,146.94,4.602,495.2,78.29,32.14,20.79,29.1,71.4,2.1,171,Unhealthy,S,1018.44,3.36,Medium,High,Active,47.1,0.87,156.95,Stable
14-06-2024 01:00,NODE_01,Sensor_Node_1_Industry_Zone,99.08,181.86,5.663,515.8,61.17,24.78,20.06,30.9,88.6,2.3,174,Unhealthy,SW,1005.17,6.03,High,High,Active,45.8,1,157.06,Decreasing
14-06-2024 02:00,NODE_01,Sensor_Node_1_Industry_Zone,84.19,176.82,4.894,519.9,68.57,36.6,24.19,30.3,74.1,3.3,166,Unhealthy,SW,1006.67,8.48,High,High,Active,25.6,0.78,176.7,Decreasing
14-06-2024 03:00,NODE_01,Sensor_Node_1_Industry_Zone,35.77,58.19,2.157,447.9,14.5,14.43,20.1,29.4,66.1,1.2,102,Unhealthy for Sensitive Groups,SE,1011.19,4.6,High,Normal,Active,58.5,0.75,104.83,Stable
14-06-2024 04:00,NODE_01,Sensor_Node_1_Industry_Zone,24.15,47.52,1.885,481.7,25.72,13.31,27,32.2,74.5,3.4,76,Moderate,SE,1018.13,3.52,Medium,Normal,Active,80.5,0.91,71.48,Increasing
14-06-2024 05:00,NODE_01,Sensor_Node_1_Industry_Zone,28.94,42.94,1.728,441.5,22.65,14.62,21.36,36.2,80.7,5,86,Moderate,NW,1009.5,9.41,Low,Low,Active,50.7,0.95,90.56,Stable
14-06-2024 06:00,NODE_01,Sensor_Node_1_Industry_Zone,162.85,258.1,8.552,542.4,123.63,50.96,8.12,32.8,71.6,2.6,213,Very Unhealthy,NE,1009.28,5.95,Low,Peak,Active,98.5,0.96,212.86,Increasing
14-06-2024 07:00,NODE_01,Sensor_Node_1_Industry_Zone,153.39,273.08,9.705,581.9,114.77,52.37,18.85,35.3,69.9,1.3,204,Very Unhealthy,NE,1006.05,3.09,Medium,High,Active,87.2,0.88,209.34,Increasing
14-06-2024 08:00,NODE_01,Sensor_Node_1_Industry_Zone,157.49,230.55,9.301,543.3,116.04,58.59,12.63,35.4,80.9,2.4,208,Very Unhealthy,NE,1013.22,4.12,High,Normal,Active,50.4,0.84,224.33,Increasing
14-06-2024 09:00,NODE_01,Sensor_Node_1_Industry_Zone,147.34,277.77,9.064,517.7,113.87,47.97,15.61,37.5,70.3,3.3,198,Unhealthy,NW,1019.48,5.51,High,Peak,Active,33.6,0.91,188.35,Stable
14-06-2024 10:00,NODE_01,Sensor_Node_1_Industry_Zone,156.02,285.38,9.182,560.8,120.87,55.78,18.61,37.3,80.4,1.7,206,Very Unhealthy,SE,1016.2,1.8,Low,Normal,Active,41.4,0.88,188.91,Decreasing
14-06-2024 11:00,NODE_01,Sensor_Node_1_Industry_Zone,161.11,247.96,9.106,543.6,113.3,50.96,23.94,38.9,59.4,1,212,Very Unhealthy,W,1016.18,1.3,Low,Peak,Active,44.2,0.78,198.47,Increasing
14-06-2024 12:00,NODE_01,Sensor_Node_1_Industry_Zone,150.9,260.21,8.721,518.4,116.71,48.16,5,41.1,72.5,1.4,201,Very Unhealthy,E,1010.76,7.4,Low,High,Active,58.2,0.9,203.9,Decreasing
14-06-2024 13:00,NODE_01,Sensor_Node_1_Industry_Zone,150.99,289.74,9.909,543.8,124.76,51.1,9.32,37.2,67,6,201,Very Unhealthy,E,1008.62,7.68,Medium,High,Active,87.2,0.83,187.32,Decreasing
14-06-2024 14:00,NODE_01,Sensor_Node_1_Industry_Zone,577.53,1009.91,27.391,539.5,117.97,106.37,12.41,35.5,72.7,1,500,Hazardous,S,1016.06,5.23,Medium,Normal,Active,76,0.76,486.23,Increasing
14-06-2024 15:00,NODE_01,Sensor_Node_1_Industry_Zone,106.35,197.21,8.053,468.3,91.82,40.76,20.94,35.5,74.6,2.5,177,Unhealthy,SE,1011.81,8.78,Low,Peak,Active,32.3,0.94,178.06,Stable
14-06-2024 16:00,NODE_01,Sensor_Node_1_Industry_Zone,128.17,227.36,6.466,563.4,87.8,35.07,20.91,35.5,66,2.5,189,Unhealthy,NW,1010.96,6.3,Medium,Normal,Active,74.3,0.72,181.78,Decreasing
14-06-2024 17:00,NODE_01,Sensor_Node_1_Industry_Zone,127.97,204.44,7.707,505.8,105.27,45.12,19.81,35.5,72.1,0.9,188,Unhealthy,NE,1017.39,7.82,Medium,Low,Active,82.2,0.94,199.09,Stable
14-06-2024 18:00,NODE_01,Sensor_Node_1_Industry_Zone,121.2,197.82,6.063,535.7,95.18,40.34,20.39,32.8,66,1.5,185,Unhealthy,E,1010.81,9.42,Medium,Low,Maintenance,50.9,0.81,190.62,Decreasing
14-06-2024 19:00,NODE_01,Sensor_Node_1_Industry_Zone,120.93,231.95,6.584,468.5,90.43,44.89,9.74,31.2,75.1,2.8,185,Unhealthy,SE,1006.97,8.11,Medium,High,Active,94.1,0.73,184.29,Increasing
14-06-2024 20:00,NODE_01,Sensor_Node_1_Industry_Zone,112.02,217.54,7.77,504.6,82.73,42.05,21.47,34.7,78.9,3.4,180,Unhealthy,SW,1017.46,3.79,High,Peak,Active,39.8,0.81,183.35,Decreasing
14-06-2024 21:00,NODE_01,Sensor_Node_1_Industry_Zone,129.82,207.23,6.862,548.4,83.76,32.93,19,31.2,74.9,2,189,Unhealthy,NW,1012.48,2.07,Low,Low,Maintenance,33.7,0.85,198.4,Stable
14-06-2024 22:00,NODE_01,Sensor_Node_1_Industry_Zone,123.71,207.76,6.722,514.7,100.05,48.8,21.3,26.8,77,0.5,186,Unhealthy,NW,1005.78,1.36,Low,Low,Active,66.8,0.89,194.13,Stable
14-06-2024 23:00,NODE_01,Sensor_Node_1_Industry_Zone,92.8,172.71,5.468,513.2,73.3,36.48,18.61,30.4,82.8,1.6,170,Unhealthy,SW,1005.32,4.51,High,High,Active,81.7,0.89,154.29,Increasing
15-06-2024 00:00,NODE_01,Sensor_Node_1_Industry_Zone,55.03,93.25,3.756,457.6,34.97,27.11,17.17,30.3,69.1,2,149,Unhealthy for Sensitive Groups,SW,1012.57,1.07,Low,High,Active,20.4,0.77,160.23,Increasing
15-06-2024 01:00,NODE_01,Sensor_Node_1_Industry_Zone,60.81,122.46,4.086,488.7,52.86,27.27,24.57,30.9,79,8.4,154,Unhealthy,NE,1026.02,7.64,Medium,High,Active,72.7,0.76,148.67,Decreasing
15-06-2024 02:00,NODE_01,Sensor_Node_1_Industry_Zone,65.26,98.65,3.356,498.7,42.55,18.19,20.8,32.3,70.4,4.2,156,Unhealthy,S,1009.64,5.07,Low,Normal,Active,51.1,0.91,169.19,Decreasing
15-06-2024 03:00,NODE_01,Sensor_Node_1_Industry_Zone,31.1,31.93,0.61,456.6,20.42,12.21,21.5,32.3,82.6,6.4,91,Moderate,E,1009.98,7.59,Medium,High,Active,53.1,0.94,89.27,Decreasing
15-06-2024 04:00,NODE_01,Sensor_Node_1_Industry_Zone,28.08,31.72,1.722,475.7,19.27,2.35,21.56,29.3,82.7,1.8,85,Moderate,E,1021.14,5.48,Low,Low,Active,97.3,0.86,90.94,Decreasing
15-06-2024 05:00,NODE_01,Sensor_Node_1_Industry_Zone,31.14,31.56,1.137,448.5,19.64,13.56,21.54,30.7,66.6,0.9,91,Moderate,N,1011.66,1.13,Low,Low,Active,84.5,0.96,92.7,Increasing
15-06-2024 06:00,NODE_01,Sensor_Node_1_Industry_Zone,97.76,166.54,6.319,530.4,73.8,35.63,13.18,34.6,74,3.7,173,Unhealthy,NE,1003.31,8.85,Medium,Peak,Active,61.2,0.72,160.98,Increasing
15-06-2024 07:00,NODE_01,Sensor_Node_1_Industry_Zone,101.23,203.99,5.828,522.2,76.64,36.72,12.92,34.8,72.5,3.6,175,Unhealthy,SW,1002.56,9.28,High,High,Active,57.3,0.84,184.36,Stable
15-06-2024 08:00,NODE_01,Sensor_Node_1_Industry_Zone,106.63,166.93,6.025,528,82.36,37.36,18.77,35.4,67.8,4.8,177,Unhealthy,N,1019.36,6.41,Low,Peak,Active,92.5,0.97,182.09,Increasing
15-06-2024 09:00,NODE_01,Sensor_Node_1_Industry_Zone,114.55,177.64,5.657,516.8,77.92,33.12,25.03,35.5,81.5,4.6,181,Unhealthy,NW,1016,7.29,Medium,Peak,Active,80.3,0.76,182.67,Stable
15-06-2024 10:00,NODE_01,Sensor_Node_1_Industry_Zone,95.36,177.31,6.061,557.9,69.59,38.39,17.81,38.4,65.5,5.2,172,Unhealthy,S,1016.96,1.55,High,Peak,Active,23.2,0.83,183.42,Decreasing
15-06-2024 11:00,NODE_01,Sensor_Node_1_Industry_Zone,92.67,173.92,5.918,516.1,81.99,36.75,12.35,36.3,64.4,0.4,170,Unhealthy,N,1011.65,7.26,Medium,Low,Active,34.3,0.82,183.73,Increasing
15-06-2024 12:00,NODE_01,Sensor_Node_1_Industry_Zone,99.61,176,5.14,518.4,57.38,36.53,16.08,39.6,59.2,7.1,174,Unhealthy,SE,1007.64,1.76,Low,High,Active,96.2,0.85,185.8,Stable
15-06-2024 13:00,NODE_01,Sensor_Node_1_Industry_Zone,100.3,175.91,5.543,513,88.66,38.36,14.09,38.6,63.3,3.6,174,Unhealthy,E,1010.7,3.89,Low,Low,Active,59.9,0.73,160.49,Increasing
15-06-2024 14:00,NODE_01,Sensor_Node_1_Industry_Zone,86.86,168.9,5.866,570.7,82.72,26.07,15.99,37.5,65.4,0.8,167,Unhealthy,SW,1012.82,3.69,Medium,Low,Active,26.8,0.76,181.53,Increasing
15-06-2024 15:00,NODE_01,Sensor_Node_1_Industry_Zone,85.04,118.59,4.455,524.4,65.91,26.81,16.96,36.6,72.2,1.2,500,Hazardous,W,1006.97,8.57,High,Normal,Active,87.7,0.76,538.55,Stable
15-06-2024 16:00,NODE_01,Sensor_Node_1_Industry_Zone,70.21,117.47,5.387,530.3,60.41,24.39,15.53,37.6,80.4,3,159,Unhealthy,SW,1015.37,5.17,High,Low,Active,79.8,0.89,155.3,Stable
15-06-2024 17:00,NODE_01,Sensor_Node_1_Industry_Zone,248.81,447.58,14.316,515.6,63.23,53.97,10.27,35.5,67.1,2.3,326,Hazardous,W,1004.44,1.56,Low,Peak,Maintenance,89.3,0.89,299.19,Decreasing
15-06-2024 18:00,NODE_01,Sensor_Node_1_Industry_Zone,85.4,130.58,5.16,506.8,55.68,23.17,9.54,34.7,61,5.1,166,Unhealthy,N,1010,3.18,High,Normal,Active,79.2,0.85,150.53,Stable
15-06-2024 19:00,NODE_01,Sensor_Node_1_Industry_Zone,70.25,109.26,4.616,513.1,58.87,22.04,12.54,33.7,70.2,1.3,159,Unhealthy,W,1010.78,5,Low,Low,Active,74.8,0.79,153.64,Stable
15-06-2024 20:00,NODE_01,Sensor_Node_1_Industry_Zone,81.53,156.57,4.952,508.4,62.95,25.25,18.44,31.5,74,2,164,Unhealthy,N,1007.85,9.53,Low,Normal,Maintenance,47,0.78,168.92,Decreasing
15-06-2024 21:00,NODE_01,Sensor_Node_1_Industry_Zone,81.78,118.88,3.859,493.9,62.27,22.64,20.97,31.2,64.4,4.4,165,Unhealthy,SW,998.77,3.17,High,Low,Maintenance,42.3,0.86,177.85,Increasing
15-06-2024 22:00,NODE_01,Sensor_Node_1_Industry_Zone,72.13,144.2,4.231,517.6,52.3,19.04,16.49,30.4,74.8,6,160,Unhealthy,NE,1014.69,7.98,Medium,High,Active,23.5,0.95,161.78,Increasing
15-06-2024 23:00,NODE_01,Sensor_Node_1_Industry_Zone,50.59,98.14,3.629,489.8,47.14,16.98,26.66,28.4,80.7,1.4,138,Unhealthy for Sensitive Groups,NE,1007.47,2.57,High,Peak,Active,76.1,0.74,140.74,Increasing
16-06-2024 00:00,NODE_01,Sensor_Node_1_Industry_Zone,69.52,110.47,3.393,481.1,53.12,13.96,15.95,29.4,85.4,2.4,158,Unhealthy,N,1019.95,6.78,High,Low,Active,38.3,0.89,171.97,Decreasing
16-06-2024 01:00,NODE_01,Sensor_Node_1_Industry_Zone,63.1,95.14,3.14,508.2,36.26,26.09,24.94,31.8,75,1.7,155,Unhealthy,SE,1009.95,3.03,Medium,Low,Active,42.5,0.87,147.22,Stable
16-06-2024 02:00,NODE_01,Sensor_Node_1_Industry_Zone,55.86,110.65,4.142,470.7,43.31,19.05,13.82,31.4,72.9,1.4,151,Unhealthy,N,1008.75,7.95,Medium,Low,Active,43.2,0.94,148.89,Stable
16-06-2024 03:00,NODE_01,Sensor_Node_1_Industry_Zone,23.46,43.13,1.348,439.8,14.01,9.47,33.27,31.4,82.2,3.1,75,Moderate,SE,1012.55,5.88,Low,Normal,Fault,32.5,0.84,76.72,Stable
16-06-2024 04:00,NODE_01,Sensor_Node_1_Industry_Zone,16.25,22.55,1.086,468,25.76,9.16,17.34,31.7,76.8,2.6,60,Moderate,N,1018.32,9.03,Low,High,Active,87.6,0.7,60.36,Decreasing
16-06-2024 05:00,NODE_01,Sensor_Node_1_Industry_Zone,26.43,42.33,1.724,407,17.98,8.76,29.25,34,77,2.3,81,Moderate,S,1008.62,1.96,Medium,Normal,Active,71,0.75,77.03,Stable
16-06-2024 06:00,NODE_01,Sensor_Node_1_Industry_Zone,96.96,186.92,6.521,553.8,79.45,34.28,13.22,33.8,82,2.7,172,Unhealthy,S,1018.09,2.7,Medium,Normal,Active,80.4,0.92,175.17,Decreasing
16-06-2024 07:00,NODE_01,Sensor_Node_1_Industry_Zone,92.56,191.46,5.121,551.5,71.28,27.1,17.09,36.5,65.4,2.8,170,Unhealthy,N,1020.64,7.9,Low,Peak,Active,95.1,0.74,156.5,Increasing
16-06-2024 08:00,NODE_01,Sensor_Node_1_Industry_Zone,442.79,804.39,22.447,539.9,89.43,89.96,14.27,33.6,67.4,0.3,500,Hazardous,NE,1017.94,4.02,Medium,High,Active,53.4,0.79,459.18,Increasing
16-06-2024 09:00,NODE_01,Sensor_Node_1_Industry_Zone,97.41,183.44,5.23,544.3,84.94,34.66,12.4,39.1,71.7,4.2,173,Unhealthy,SE,1021.76,1.63,Low,Normal,Active,58.2,0.83,167.67,Stable
16-06-2024 10:00,NODE_01,Sensor_Node_1_Industry_Zone,85.22,185,5.538,544.5,83.5,30.56,7.77,39.7,73.8,2.3,166,Unhealthy,NW,1019.76,7.33,High,Peak,Active,80.6,0.98,163.33,Stable
16-06-2024 11:00,NODE_01,Sensor_Node_1_Industry_Zone,99.4,174.26,5.752,535.1,78.96,27.93,14.74,38.3,77.2,3.5,174,Unhealthy,S,1021.09,2.22,Medium,Normal,Active,32.4,0.81,184.65,Decreasing
16-06-2024 12:00,NODE_01,Sensor_Node_1_Industry_Zone,105.14,146.63,6.029,556.8,80.56,32.42,17.67,38.3,55.9,0.8,177,Unhealthy,SE,1021.63,2.07,High,High,Fault,73.8,0.95,179.28,Increasing
16-06-2024 13:00,NODE_01,Sensor_Node_1_Industry_Zone,101.65,167.76,5.472,585.7,85.21,28.16,17.73,40.1,57.2,6.5,175,Unhealthy,E,1013.25,5.53,High,Normal,Active,48.7,0.95,161.42,Increasing
16-06-2024 14:00,NODE_01,Sensor_Node_1_Industry_Zone,100.72,174.64,5.187,547.8,84.25,38.79,14.75,41.2,54.5,3,174,Unhealthy,W,1009.42,4.71,Low,Low,Active,49.3,0.89,168.68,Increasing
16-06-2024 15:00,NODE_01,Sensor_Node_1_Industry_Zone,82.93,131.01,4.913,513.5,55.37,23.17,28.06,37.5,57.5,2.3,165,Unhealthy,SW,998.43,2.57,High,High,Maintenance,67.9,0.93,162.59,Decreasing
16-06-2024 16:00,NODE_01,Sensor_Node_1_Industry_Zone,80.12,149.8,5.251,500.3,60.94,24.02,21.38,35.7,69.2,4.1,164,Unhealthy,NE,1004.06,7.04,Low,Low,Active,28.2,0.98,161,Stable
16-06-2024 17:00,NODE_01,Sensor_Node_1_Industry_Zone,77.92,171.79,4.848,514,49.98,23.17,17.77,34,66.8,2.9,163,Unhealthy,NE,1009.31,4.74,Low,Peak,Active,74.2,0.98,151.77,Decreasing
16-06-2024 18:00,NODE_01,Sensor_Node_1_Industry_Zone,81.03,128.88,5.248,512,57.51,19.88,18.09,33.2,82.1,2.2,164,Unhealthy,E,1009.71,7.17,High,Low,Active,91.9,0.87,157.27,Decreasing
16-06-2024 19:00,NODE_01,Sensor_Node_1_Industry_Zone,94.83,134.45,4.251,519.7,58.87,27.33,23.48,31.4,79.5,3.5,171,Unhealthy,NE,1011.08,4.45,Medium,High,Active,60.9,0.89,183.31,Decreasing
16-06-2024 20:00,NODE_01,Sensor_Node_1_Industry_Zone,93.05,136.74,4.177,495,67.27,26.09,23.03,35.3,70.4,4.8,170,Unhealthy,SW,1006,8.43,Low,High,Active,99.7,0.91,182.07,Increasing
16-06-2024 21:00,NODE_01,Sensor_Node_1_Industry_Zone,70.24,125.15,4.677,540.5,49.72,27.15,15.7,31.4,80.5,1.3,159,Unhealthy,S,1002.43,6.17,Low,Peak,Active,26.2,0.8,146.54,Stable
16-06-2024 22:00,NODE_01,Sensor_Node_1_Industry_Zone,76.07,158.29,4.824,530.9,62.9,29.44,16.42,29.4,81.8,2.1,162,Unhealthy,SW,1011.22,8.31,Medium,Low,Active,73.7,0.84,174.74,Stable
16-06-2024 23:00,NODE_01,Sensor_Node_1_Industry_Zone,69.08,101.45,4.304,500.7,36.6,19.28,19.57,28.4,77.2,7.2,158,Unhealthy,E,1010.86,6.63,High,High,Active,26.2,1,173.12,Decreasing
17-06-2024 00:00,NODE_01,Sensor_Node_1_Industry_Zone,90.08,154.54,5.172,517.1,68.01,30.44,20.51,29.2,78.5,1.1,500,Hazardous,SW,1007.15,4.26,Low,High,Active,48.9,0.75,470.31,Decreasing
17-06-2024 01:00,NODE_01,Sensor_Node_1_Industry_Zone,92.92,156.71,5.756,487.4,71.69,30.91,22.89,31,76.8,2,170,Unhealthy,SW,1007.55,4.49,Medium,Low,Active,96.2,0.93,155.5,Increasing
17-06-2024 02:00,NODE_01,Sensor_Node_1_Industry_Zone,100.54,170.38,5.701,505.2,69.43,27.74,15.9,28.9,84.5,2.6,174,Unhealthy,S,1006.36,8.27,High,Peak,Active,21.4,0.71,177.42,Decreasing
17-06-2024 03:00,NODE_01,Sensor_Node_1_Industry_Zone,34.55,57.03,1.693,435.9,39.33,8.26,35.58,29.9,80.7,0.9,98,Moderate,S,1009.62,1.26,Medium,High,Active,43.3,0.77,107.33,Stable
17-06-2024 04:00,NODE_01,Sensor_Node_1_Industry_Zone,28.33,65.12,1.661,416.2,30.24,10.06,33.42,33.5,85.2,2.5,85,Moderate,SW,1006.86,2.56,Medium,Peak,Active,75.5,0.73,76.63,Stable
17-06-2024 05:00,NODE_01,Sensor_Node_1_Industry_Zone,33.05,62.55,2.289,449.3,29.1,12.87,11.43,33.3,76.5,3.3,95,Moderate,SW,1019.56,6.67,Medium,Low,Active,25.7,0.99,99.4,Increasing
17-06-2024 06:00,NODE_01,Sensor_Node_1_Industry_Zone,152.95,281.47,7.781,531.7,112.24,50.26,5.01,36,70.5,4.6,203,Very Unhealthy,E,1013.45,7.69,Medium,Peak,Active,85.4,0.85,210.56,Decreasing
17-06-2024 07:00,NODE_01,Sensor_Node_1_Industry_Zone,156.55,239.93,9.016,561.6,116.91,46.59,12.98,34.4,66.1,4.3,207,Very Unhealthy,NW,1006.17,8.67,High,Low,Active,73.1,0.81,217.74,Decreasing
17-06-2024 08:00,NODE_01,Sensor_Node_1_Industry_Zone,379.57,659.26,18.701,537.9,108.3,76.55,15.51,37.5,63.2,1.6,500,Hazardous,SE,1010.32,7.94,High,Low,Active,49.4,0.8,508,Stable
17-06-2024 09:00,NODE_01,Sensor_Node_1_Industry_Zone,161.86,259.3,9.14,583.3,112.59,48.73,15.68,37.4,69.3,2.6,212,Very Unhealthy,SW,1004.92,9.83,Low,Peak,Active,75.2,0.85,209.42,Increasing
17-06-2024 10:00,NODE_01,Sensor_Node_1_Industry_Zone,134.9,259.06,9.509,512.8,96.55,52.68,17.22,35.8,60.9,2.5,192,Unhealthy,NW,1018.07,9.28,Medium,Peak,Active,86.3,0.81,207.91,Stable
17-06-2024 11:00,NODE_01,Sensor_Node_1_Industry_Zone,146.24,267.55,8.647,549.9,97.62,46.97,10.37,37.5,63,6.5,198,Unhealthy,NW,1020.31,4.79,Medium,Peak,Active,47.6,0.9,188.37,Stable
17-06-2024 12:00,NODE_01,Sensor_Node_1_Industry_Zone,160.38,239.97,8.983,551.1,130.6,48.47,17.62,35.3,51.6,1.5,211,Very Unhealthy,SE,1019.51,8.1,Low,Low,Active,83.8,0.88,221.72,Stable
17-06-2024 13:00,NODE_01,Sensor_Node_1_Industry_Zone,160.76,265.92,9.549,516.3,121.24,57.88,18.1,38.3,66.3,3.4,211,Very Unhealthy,W,1005.13,3.66,Medium,Low,Active,66,0.7,214.66,Decreasing
17-06-2024 14:00,NODE_01,Sensor_Node_1_Industry_Zone,149.11,273.06,8.178,519.8,127.65,49.01,23.27,37.3,55.8,4.5,199,Unhealthy,W,1011.45,9.36,High,Normal,Active,51.1,0.97,198.85,Decreasing
17-06-2024 15:00,NODE_01,Sensor_Node_1_Industry_Zone,130.34,213.15,6.396,518.8,109.45,42.29,18.11,38.4,69,1.4,190,Unhealthy,NE,1009.59,9.97,High,Peak,Active,85.9,0.8,173.17,Increasing
17-06-2024 16:00,NODE_01,Sensor_Node_1_Industry_Zone,125.07,227.3,6.75,541.4,93.44,36.77,23.39,35.6,73.6,6.5,187,Unhealthy,W,1015.37,7.61,Low,Normal,Active,68.2,0.98,205.07,Increasing
17-06-2024 17:00,NODE_01,Sensor_Node_1_Industry_Zone,120.87,216.87,6.17,495.6,100.59,39.79,15.78,33,64,2.9,185,Unhealthy,NW,1005.95,4.01,High,High,Active,37.8,0.76,182.79,Increasing
17-06-2024 18:00,NODE_01,Sensor_Node_1_Industry_Zone,118.41,199.27,7.134,522.4,108.73,34.27,24.2,35.5,67.3,3.7,183,Unhealthy,E,1007.94,9.67,High,High,Active,22,0.98,198.71,Stable
17-06-2024 19:00,NODE_01,Sensor_Node_1_Industry_Zone,124.83,233.93,7.471,525,91.07,34.38,17.36,34.8,64.4,3.1,187,Unhealthy,S,1009.52,1.37,Low,Peak,Active,84.3,0.83,168.98,Stable
17-06-2024 20:00,NODE_01,Sensor_Node_1_Industry_Zone,115.32,201.7,6.956,491.2,87.26,43.13,11.86,29.6,71.2,0.9,182,Unhealthy,SE,1012.92,4.69,Low,Low,Active,94.2,0.88,173.57,Decreasing
17-06-2024 21:00,NODE_01,Sensor_Node_1_Industry_Zone,129.06,213.42,6.295,524.7,96.76,38.68,23.43,29.5,83,0.9,189,Unhealthy,SE,1016.16,5.59,High,High,Active,64.5,0.8,183.58,Decreasing
17-06-2024 22:00,NODE_01,Sensor_Node_1_Industry_Zone,123.04,211.3,7.778,496.4,88.74,44.47,15.42,31.9,87.4,3.8,186,Unhealthy,NE,1010.03,5.63,Low,High,Active,66.9,0.75,169.75,Stable
17-06-2024 23:00,NODE_01,Sensor_Node_1_Industry_Zone,89.19,169.14,4.799,504.2,71.96,32.13,17.57,27.6,80.8,2.8,168,Unhealthy,NE,1015.98,3.02,Low,Normal,Active,52.1,0.78,166.35,Increasing
18-06-2024 00:00,NODE_01,Sensor_Node_1_Industry_Zone,99.93,162.29,6.35,509.1,65.98,30.35,20.56,27.6,72.4,2.9,174,Unhealthy,SW,1016.93,4.62,High,High,Active,96.7,0.86,174.12,Stable
18-06-2024 01:00,NODE_01,Sensor_Node_1_Industry_Zone,87.91,156.11,4.54,497.9,75.57,31.15,19.18,31,81.9,1.2,168,Unhealthy,W,1010.72,7.4,High,Peak,Active,63.1,0.74,183.42,Stable
18-06-2024 02:00,NODE_01,Sensor_Node_1_Industry_Zone,94.61,176.34,5.078,528.4,66.88,30.37,17.44,30.9,66.7,3.1,171,Unhealthy,SW,1004.53,8,Low,Normal,Active,77.5,0.89,159.59,Increasing
18-06-2024 03:00,NODE_01,Sensor_Node_1_Industry_Zone,34.13,80.42,2.563,403.8,43.69,13.78,21.12,31.4,77.3,3.5,97,Moderate,NE,1004.97,7.46,Low,Peak,Active,72.2,0.81,105.35,Stable
18-06-2024 04:00,NODE_01,Sensor_Node_1_Industry_Zone,33.64,60.84,1.897,420.7,30.42,14.94,27.57,33.2,76.9,2,96,Moderate,NE,1015.55,1.15,Low,Normal,Active,63.6,0.88,103.79,Stable
18-06-2024 05:00,NODE_01,Sensor_Node_1_Industry_Zone,34.24,53.89,1.758,465.9,36,14.55,30.36,31.6,75.6,3.6,98,Moderate,E,1009.14,7.08,Low,Low,Active,41.1,0.77,99.71,Increasing
18-06-2024 06:00,NODE_01,Sensor_Node_1_Industry_Zone,153,277.86,8.902,534.1,121.39,53.9,12.66,33.9,65.6,5.7,203,Very Unhealthy,N,1001.72,3.17,High,Normal,Active,48.1,0.78,188.21,Increasing
18-06-2024 07:00,NODE_01,Sensor_Node_1_Industry_Zone,134.02,269.67,7.985,534.7,102.07,55.88,10.57,36.9,76.1,2,192,Unhealthy,SE,1015.68,6.81,Medium,High,Active,62.1,0.99,184.4,Stable
18-06-2024 08:00,NODE_01,Sensor_Node_1_Industry_Zone,156.8,254.18,9.011,532.3,105.13,41.48,17.13,35.2,65.7,2.6,500,Hazardous,NE,1012.78,4.42,Medium,Peak,Active,75.5,0.74,473.08,Increasing
18-06-2024 09:00,NODE_01,Sensor_Node_1_Industry_Zone,159.57,261.23,9.21,516.6,119.16,52.61,19.4,33.9,63.2,3.1,210,Very Unhealthy,S,1003.56,6.16,Low,High,Active,59.6,0.85,222.27,Decreasing
18-06-2024 10:00,NODE_01,Sensor_Node_1_Industry_Zone,157.85,286.95,8.713,532,125.65,51.59,22.34,37.9,59.9,3.3,208,Very Unhealthy,SE,1019.08,3.02,Medium,High,Active,83.6,0.88,224.71,Stable
18-06-2024 11:00,NODE_01,Sensor_Node_1_Industry_Zone,143.33,282.64,9.885,556.2,125.74,48.08,10.22,39.1,68.7,6.3,196,Unhealthy,NE,1017.02,7.1,Low,Normal,Active,95.1,0.88,211.81,Stable
18-06-2024 12:00,NODE_01,Sensor_Node_1_Industry_Zone,573.04,1039.23,28.128,550.8,123.52,115.18,13.69,39.1,57.6,6.2,500,Hazardous,NE,1012.83,9.12,Low,Normal,Active,35.2,0.78,515.63,Stable
18-06-2024 13:00,NODE_01,Sensor_Node_1_Industry_Zone,162.43,273.29,8.551,531.4,113.02,53.86,15.94,37.2,64,4.2,213,Very Unhealthy,E,1004.35,4.01,Medium,Peak,Active,66.1,0.86,227.75,Decreasing
18-06-2024 14:00,NODE_01,Sensor_Node_1_Industry_Zone,144.11,275.46,9.196,525.1,127.87,52.56,13.46,34.7,68.2,2.1,197,Unhealthy,N,1003.59,1.57,Medium,Normal,Active,57.3,0.89,204.33,Decreasing
18-06-2024 15:00,NODE_01,Sensor_Node_1_Industry_Zone,122.84,224.96,6.19,521.5,92.77,42.31,16.93,37.3,63.3,5.4,186,Unhealthy,W,1010.16,9.45,High,High,Active,69.2,0.79,185.55,Stable
18-06-2024 16:00,NODE_01,Sensor_Node_1_Industry_Zone,122.81,219.65,7.243,522.6,87.58,37.96,15.53,35.6,77.2,1.4,186,Unhealthy,NW,1001.72,5.94,Low,Peak,Active,61.9,0.92,186.6,Stable
18-06-2024 17:00,NODE_01,Sensor_Node_1_Industry_Zone,410.59,671.28,20.3,540,85.25,98.67,20.48,36.6,79.2,1.9,500,Hazardous,N,1014.43,8.49,Low,Normal,Active,79.3,0.94,515.25,Stable
18-06-2024 18:00,NODE_01,Sensor_Node_1_Industry_Zone,124.54,226.03,7.418,500,99.28,37.77,19.48,33.5,70.7,3.5,187,Unhealthy,E,1003.54,9.52,Low,Normal,Active,83,0.8,173.68,Stable
18-06-2024 19:00,NODE_01,Sensor_Node_1_Industry_Zone,129.33,187.3,6.869,522.5,98.17,39.92,18.11,33.6,72.2,3.5,189,Unhealthy,S,1012.99,8.87,Medium,Peak,Active,50.9,0.83,184.38,Increasing
18-06-2024 20:00,NODE_01,Sensor_Node_1_Industry_Zone,130.18,199.27,7.128,510.4,87.04,41.76,15.71,33,68.6,3.3,190,Unhealthy,W,1010.27,5.68,High,High,Active,33.4,0.9,175.72,Increasing
18-06-2024 21:00,NODE_01,Sensor_Node_1_Industry_Zone,136.95,223.89,6.883,531.1,85.48,46.13,18.47,30.3,74.4,2,193,Unhealthy,N,1016.27,9.8,High,Peak,Active,82.9,0.94,205.47,Increasing
18-06-2024 22:00,NODE_01,Sensor_Node_1_Industry_Zone,117.21,209.7,6.58,548.6,90.12,43.65,19.45,29.1,77.2,4.8,183,Unhealthy,S,1006.37,4.94,Low,Low,Active,50.4,0.8,179.68,Increasing
18-06-2024 23:00,NODE_01,Sensor_Node_1_Industry_Zone,98.67,173.9,5.835,482.3,63,27.79,21.78,31,64.8,8.3,173,Unhealthy,NW,1013.64,3.25,Low,Low,Active,74.8,0.87,170.76,Increasing
19-06-2024 00:00,NODE_01,Sensor_Node_1_Industry_Zone,383,754.61,18.982,514.2,69.05,86.61,28.98,32,71.4,1.1,500,Hazardous,SE,1003.63,8.81,Medium,Low,Active,25.5,0.79,476.14,Increasing
19-06-2024 01:00,NODE_01,Sensor_Node_1_Industry_Zone,90.37,149.33,5.041,474.8,78.6,25.23,20.91,29.7,84,4.2,169,Unhealthy,SE,1016.77,8.94,Low,Peak,Active,98.7,0.92,154.84,Increasing
19-06-2024 02:00,NODE_01,Sensor_Node_1_Industry_Zone,83.03,191.44,5.256,490.8,82.14,27.89,29.14,29.9,81.2,3.3,165,Unhealthy,N,1011.31,1.53,Low,Normal,Active,43.2,0.79,173.58,Stable
19-06-2024 03:00,NODE_01,Sensor_Node_1_Industry_Zone,33.92,75.46,1.582,441,37.81,15,23.02,30.3,87.9,2.9,97,Moderate,N,1014.98,7.63,Medium,High,Active,72.6,0.95,93.74,Increasing
19-06-2024 04:00,NODE_01,Sensor_Node_1_Industry_Zone,26.78,84.91,2.236,449.7,48.78,10.23,33.74,31.4,73.6,1.6,82,Moderate,SE,1004.08,4.02,High,High,Active,63.4,0.73,75.84,Decreasing
19-06-2024 05:00,NODE_01,Sensor_Node_1_Industry_Zone,59.61,70.45,2.154,453.1,28.46,21.46,27.78,31.4,74.3,2.4,153,Unhealthy,SW,1014.99,8.74,Low,High,Active,37.7,0.74,165.43,Decreasing
19-06-2024 06:00,NODE_01,Sensor_Node_1_Industry_Zone,146.72,295.5,8.614,553.4,115.34,45.77,16.99,34.6,75.4,1,198,Unhealthy,SE,1013.84,3.19,Low,Low,Maintenance,87.8,0.88,202.97,Stable
19-06-2024 07:00,NODE_01,Sensor_Node_1_Industry_Zone,133.02,248.71,9.439,524.4,119.02,45.37,19.66,36.4,74.8,3.7,500,Hazardous,W,1014.18,6.22,Medium,Normal,Active,53.5,0.79,489.88,Stable
19-06-2024 08:00,NODE_01,Sensor_Node_1_Industry_Zone,144.61,254.96,9.409,561.3,112.88,47.42,12.74,33.6,61.4,0.3,500,Hazardous,NW,1013.88,2.17,Low,Peak,Active,39.8,0.74,480.91,Stable
19-06-2024 09:00,NODE_01,Sensor_Node_1_Industry_Zone,144.02,261.88,9.095,548.8,114.04,48.46,16.62,34.6,73.5,2.4,197,Unhealthy,N,1010.84,8.95,Low,Low,Active,30.1,0.9,188.06,Stable
19-06-2024 10:00,NODE_01,Sensor_Node_1_Industry_Zone,150.81,283.41,8.898,551.6,116.95,56.63,18.45,38.3,70.2,4.8,201,Very Unhealthy,SE,1019.45,2.22,Medium,High,Active,91.2,0.88,199.71,Stable
19-06-2024 11:00,NODE_01,Sensor_Node_1_Industry_Zone,536.02,959.7,24.002,574.7,124.45,108.7,14.63,38.2,69.3,4.6,500,Hazardous,N,1011.06,6.83,High,Peak,Active,87.1,0.79,450.25,Decreasing
19-06-2024 12:00,NODE_01,Sensor_Node_1_Industry_Zone,153.35,221.61,9.065,532.2,128.75,50.48,10.06,37.9,59.7,5,204,Very Unhealthy,NW,1007.56,3.03,Medium,Low,Active,98.7,0.98,209.76,Stable
19-06-2024 13:00,NODE_01,Sensor_Node_1_Industry_Zone,157.79,254.93,8.977,516.4,122.51,52.48,18.48,37.9,68.7,2.7,500,Hazardous,NW,1011.65,7.81,Medium,Peak,Active,39.7,0.91,490.53,Decreasing
19-06-2024 14:00,NODE_01,Sensor_Node_1_Industry_Zone,155.11,250.79,8.526,542.8,125.33,49.37,14.82,36.9,63.6,3.5,206,Very Unhealthy,SW,1006.3,2.66,Low,Normal,Active,99.7,0.96,216.29,Decreasing
19-06-2024 15:00,NODE_01,Sensor_Node_1_Industry_Zone,125.56,203.48,7.529,492.9,98.76,43.01,20.32,35.3,69.3,2.6,187,Unhealthy,E,1009.22,7.82,Medium,Low,Active,69.2,0.85,189.92,Decreasing
19-06-2024 16:00,NODE_01,Sensor_Node_1_Industry_Zone,131.44,223.95,7.176,498.3,98.6,40.4,6.8,37.2,68.9,2.8,190,Unhealthy,NE,1010.94,5.55,High,High,Active,87.6,0.83,202.47,Increasing
19-06-2024 17:00,NODE_01,Sensor_Node_1_Industry_Zone,132.82,216.71,7.314,485.4,87.23,51.34,16.87,36.1,66.5,2.9,191,Unhealthy,N,1009.72,7.38,High,Low,Active,87,0.8,208.59,Increasing
19-06-2024 18:00,NODE_01,Sensor_Node_1_Industry_Zone,121.08,207.2,7.111,520.6,93.03,35.26,20.83,31.1,59.7,2.7,185,Unhealthy,S,1013.2,5.69,High,Low,Active,85.7,0.77,184.21,Decreasing
19-06-2024 19:00,NODE_01,Sensor_Node_1_Industry_Zone,129.11,193.26,6.814,511.1,82.91,37.36,21.66,35.1,71,2.3,189,Unhealthy,NW,1023.67,6.01,High,Normal,Active,35.9,0.83,207.32,Stable
19-06-2024 20:00,NODE_01,Sensor_Node_1_Industry_Zone,128.48,201.54,7.322,511.3,103.32,36.82,21.54,31.6,74.1,2.9,189,Unhealthy,N,1015.43,6.44,Medium,Normal,Active,71.4,0.84,203.87,Stable
19-06-2024 21:00,NODE_01,Sensor_Node_1_Industry_Zone,121.73,211.92,7.289,517.3,99.67,44.01,13.15,32.5,69.1,0.8,185,Unhealthy,SE,1018.43,3.06,Medium,Low,Active,39.9,0.76,200.5,Increasing
19-06-2024 22:00,NODE_01,Sensor_Node_1_Industry_Zone,127.9,221.48,6.212,517.5,90.8,37.28,25.15,29.6,72.4,0.5,188,Unhealthy,S,1008.98,6.18,Medium,Normal,Active,27.5,0.72,191.3,Increasing
19-06-2024 23:00,NODE_01,Sensor_Node_1_Industry_Zone,93.01,169.2,5.305,511.6,74.28,21.53,18.15,29.3,80.7,3,170,Unhealthy,S,1008.48,3.37,High,Peak,Active,95.9,0.83,165.84,Stable
20-06-2024 00:00,NODE_01,Sensor_Node_1_Industry_Zone,96.65,161.68,5.967,532.8,76.66,34.04,21.45,29.8,75.1,1.9,172,Unhealthy,NE,1009.73,3.7,Medium,High,Active,45.3,0.84,183.9,Decreasing
20-06-2024 01:00,NODE_01,Sensor_Node_1_Industry_Zone,85.79,158.54,4.534,494,70.31,30.83,18.19,34.8,86,3.2,167,Unhealthy,N,1017.12,5.49,Medium,Low,Active,98.4,0.8,162.45,Increasing
20-06-2024 02:00,NODE_01,Sensor_Node_1_Industry_Zone,87.54,145.4,4.706,498.4,65.79,34.11,25.77,32.6,72.1,1.8,168,Unhealthy,E,999.11,3.05,Low,Peak,Active,41.1,0.97,178.11,Increasing
20-06-2024 03:00,NODE_01,Sensor_Node_1_Industry_Zone,42.3,55.7,3.045,450.6,33.85,9.31,18.9,30.3,75.5,2.9,118,Unhealthy for Sensitive Groups,W,1005.8,6.57,Low,High,Active,80.6,0.89,114.47,Decreasing
20-06-2024 04:00,NODE_01,Sensor_Node_1_Industry_Zone,24.99,50.82,2.575,457.4,26.66,8.53,19.86,31.4,78.9,1.6,78,Moderate,W,1012.61,3.7,Medium,Normal,Active,84.4,0.82,80.99,Decreasing
20-06-2024 05:00,NODE_01,Sensor_Node_1_Industry_Zone,45.93,70.25,1.828,437.2,38.68,15.91,25.79,31.1,74.8,2.4,127,Unhealthy for Sensitive Groups,S,1010.66,2.67,Low,Peak,Active,65.4,0.99,132.46,Increasing
20-06-2024 06:00,NODE_01,Sensor_Node_1_Industry_Zone,164.81,284.1,9.792,546.5,121.71,56.06,18.24,33.2,69.3,2.8,215,Very Unhealthy,S,1023.81,9.09,Low,Normal,Active,95.1,0.82,194.59,Increasing
20-06-2024 07:00,NODE_01,Sensor_Node_1_Industry_Zone,155.91,281.35,7.864,568.6,125.46,48.56,18.72,35,77.8,7,206,Very Unhealthy,E,1014.69,4.92,Medium,Low,Active,75.8,0.87,203.99,Decreasing
20-06-2024 08:00,NODE_01,Sensor_Node_1_Industry_Zone,161.86,246.4,9.254,537.3,118.18,47.49,24.74,37.6,64.6,4.8,212,Very Unhealthy,S,1008.03,9.49,High,Low,Active,46.6,0.84,198.61,Decreasing
20-06-2024 09:00,NODE_01,Sensor_Node_1_Industry_Zone,143.32,269.36,9.587,555.2,124.39,51.71,9.05,36.5,74.1,6.5,196,Unhealthy,W,1002.53,4.73,High,High,Active,30.5,0.73,211.01,Increasing
20-06-2024 10:00,NODE_01,Sensor_Node_1_Industry_Zone,151.45,251.58,8.898,546.6,113.01,49.46,11.3,39.1,65,2.9,202,Very Unhealthy,SE,1009.96,1.1,High,Peak,Active,65.1,0.84,220.13,Increasing
20-06-2024 11:00,NODE_01,Sensor_Node_1_Industry_Zone,165.62,251.88,7.917,514.5,107.98,55.91,16.58,38.4,52.9,3.7,216,Very Unhealthy,E,1004.18,2.79,High,High,Active,61.6,0.95,215.26,Stable
20-06-2024 12:00,NODE_01,Sensor_Node_1_Industry_Zone,156.29,263.94,9.242,570.4,116.05,50.68,16.96,41.6,53.4,1,207,Very Unhealthy,SE,1014.8,8.52,Medium,High,Active,64.4,0.76,195.83,Increasing
20-06-2024 13:00,NODE_01,Sensor_Node_1_Industry_Zone,159.47,264.39,9.243,529.2,117.26,53.25,31.56,39.1,61.1,1.5,210,Very Unhealthy,NW,1012.97,4.24,Medium,Normal,Active,49.8,0.81,192.4,Stable
20-06-2024 14:00,NODE_01,Sensor_Node_1_Industry_Zone,139.63,261.38,9.326,518.1,124.94,52.35,12.33,37.3,76.4,0.3,194,Unhealthy,N,1013.92,8.62,Low,Normal,Active,79.9,0.77,202.45,Stable
20-06-2024 15:00,NODE_01,Sensor_Node_1_Industry_Zone,129.07,213.87,6.912,477.9,108.38,40.94,20.39,36.7,63.3,1.8,189,Unhealthy,SW,1024.48,4.49,High,High,Active,56.3,0.73,195.66,Increasing
20-06-2024 16:00,NODE_01,Sensor_Node_1_Industry_Zone,141.42,195.52,6.652,507.9,103.1,40.38,12.22,37.9,73.4,6.5,195,Unhealthy,SW,1006.56,3.67,Medium,High,Active,90.9,0.82,207.27,Increasing
20-06-2024 17:00,NODE_01,Sensor_Node_1_Industry_Zone,127.51,222.82,8.365,555.1,89.27,46.82,20.32,35.8,60.3,1.1,188,Unhealthy,SW,1010.85,8.21,High,Low,Active,42.6,0.96,173.07,Stable
20-06-2024 18:00,NODE_01,Sensor_Node_1_Industry_Zone,129.82,227.8,6.131,515.4,101.93,39.57,22.05,34.5,74,0.9,189,Unhealthy,N,1004.72,1.65,Medium,Normal,Fault,53.9,0.8,187.91,Decreasing
20-06-2024 19:00,NODE_01,Sensor_Node_1_Industry_Zone,121.03,195.77,6.607,528.6,94.22,39.77,16.28,32.5,79.8,1.6,185,Unhealthy,N,1011.52,8.88,Medium,Normal,Active,57.5,0.99,169.23,Decreasing
20-06-2024 20:00,NODE_01,Sensor_Node_1_Industry_Zone,129.15,209.93,7.184,544.7,93.94,41.48,12.51,31.7,78.7,4,189,Unhealthy,NW,1021.56,4.78,High,High,Active,36.6,0.95,204.01,Increasing
20-06-2024 21:00,NODE_01,Sensor_Node_1_Industry_Zone,437.01,841.92,24.263,521.8,104.43,86.04,19.08,31.3,69.8,2,500,Hazardous,NW,1015.41,3.96,Low,Normal,Fault,88.2,0.93,493.2,Stable
20-06-2024 22:00,NODE_01,Sensor_Node_1_Industry_Zone,123.89,206.86,7.414,516.5,88.93,40.21,24.42,30.8,81,1.6,186,Unhealthy,SW,1011.31,2.98,Low,Normal,Maintenance,29.6,0.87,202.02,Stable
20-06-2024 23:00,NODE_01,Sensor_Node_1_Industry_Zone,90.18,152.6,5.325,467.6,64.75,31.49,21.45,31.3,74.2,0.8,169,Unhealthy,SE,1013.51,6.35,Low,Normal,Maintenance,95.8,0.92,159.61,Increasing
21-06-2024 00:00,NODE_01,Sensor_Node_1_Industry_Zone,98.05,176.27,5.618,509.7,70.79,33.46,21.18,28.5,79.5,2.8,173,Unhealthy,S,1004.73,9.53,Low,High,Active,29,0.94,184.06,Decreasing
21-06-2024 01:00,NODE_01,Sensor_Node_1_Industry_Zone,84.44,168.63,5.37,468.4,57.27,33.24,28.55,29,67.9,1.7,166,Unhealthy,NW,1009.64,4.17,High,Low,Active,38.2,0.77,177.64,Stable
21-06-2024 02:00,NODE_01,Sensor_Node_1_Industry_Zone,89.8,146.48,5.051,501.6,70.21,26.92,23.74,31.5,75.2,4.3,169,Unhealthy,S,1012.51,3.08,Low,High,Active,59.4,0.91,160.43,Increasing
21-06-2024 03:00,NODE_01,Sensor_Node_1_Industry_Zone,39.6,67.07,2.956,457,26.25,10.82,22.21,32.1,72.5,1.6,111,Unhealthy for Sensitive Groups,SW,1012.6,3.23,Low,High,Active,38.1,0.87,113.08,Decreasing
21-06-2024 04:00,NODE_01,Sensor_Node_1_Industry_Zone,35.1,81.31,2.336,468.1,34.99,7.89,24.49,33.5,67.7,4.5,99,Moderate,E,1002.82,1.82,High,Normal,Active,66.1,0.85,105.46,Decreasing
21-06-2024 05:00,NODE_01,Sensor_Node_1_Industry_Zone,41.86,65.95,1.363,448.7,23.54,7.93,25.05,30.1,69.5,3,117,Unhealthy for Sensitive Groups,E,1013.97,3.13,Low,High,Active,37.9,0.86,115.74,Stable
21-06-2024 06:00,NODE_01,Sensor_Node_1_Industry_Zone,146.95,285.66,8.464,531,109.56,51.42,22.84,32.5,59.6,2.6,198,Unhealthy,S,1013.68,6.8,Medium,Peak,Maintenance,90.7,0.74,213.2,Decreasing
21-06-2024 07:00,NODE_01,Sensor_Node_1_Industry_Zone,162.73,272.44,9.073,526.8,107.84,54.37,16.9,35.4,66.7,2.5,213,Very Unhealthy,W,1009.74,7.42,High,Peak,Active,35.6,0.73,196.92,Increasing
21-06-2024 08:00,NODE_01,Sensor_Node_1_Industry_Zone,152.18,286.14,8.515,513.6,120.65,52.88,13.07,35.5,70.6,3.3,203,Very Unhealthy,NE,1012.03,4.75,Low,High,Active,56.8,0.91,217.38,Decreasing
21-06-2024 09:00,NODE_01,Sensor_Node_1_Industry_Zone,152.76,242.07,9.575,542.9,127.32,53.3,16.31,38,65.4,4.2,203,Very Unhealthy,SE,1003.1,9.49,Low,High,Fault,93.3,0.74,195.98,Stable
21-06-2024 10:00,NODE_01,Sensor_Node_1_Industry_Zone,147.25,274.99,8.975,499.1,113.58,51.74,13.97,33.6,74.7,1.5,198,Unhealthy,SE,1003.12,2.5,Low,Normal,Active,90.5,0.9,197.29,Stable
21-06-2024 11:00,NODE_01,Sensor_Node_1_Industry_Zone,155.36,273.44,9.877,527.8,129.27,51.99,11.65,41.2,68.6,2.2,206,Very Unhealthy,SE,1012.81,7.44,High,Low,Active,67.4,0.89,190.53,Increasing
21-06-2024 12:00,NODE_01,Sensor_Node_1_Industry_Zone,147.63,268.35,9.751,535.4,117.41,56.23,14.5,38.8,71.3,5.3,199,Unhealthy,NE,1007.99,4.65,High,Peak,Active,31.7,0.74,215.95,Stable
21-06-2024 13:00,NODE_01,Sensor_Node_1_Industry_Zone,152.43,260.39,9.368,531.2,112.87,44.29,13.48,36.6,63.8,2.1,203,Very Unhealthy,E,1011.93,3.15,High,Peak,Active,54.5,0.8,203.91,Decreasing
21-06-2024 14:00,NODE_01,Sensor_Node_1_Industry_Zone,138.2,255.51,9.191,546.2,112.24,55.08,12.71,38.2,64.6,4.5,194,Unhealthy,SW,1017.04,2.75,High,Peak,Active,53,0.87,195.32,Increasing
21-06-2024 15:00,NODE_01,Sensor_Node_1_Industry_Zone,116.25,217.85,7.652,522.3,82.8,48.78,20.28,37.6,65.5,2.1,182,Unhealthy,E,1010.96,2.51,Medium,Normal,Active,51.9,0.74,175.92,Increasing
21-06-2024 16:00,NODE_01,Sensor_Node_1_Industry_Zone,128.08,183.69,7.507,496.4,96.02,45.75,22.51,37.8,75.7,2.1,188,Unhealthy,SE,995.14,9.8,High,Normal,Active,57.2,0.89,180.98,Decreasing
21-06-2024 17:00,NODE_01,Sensor_Node_1_Industry_Zone,119.01,203.18,7.864,508.9,81,48.37,21.21,36.2,64.6,4.6,184,Unhealthy,W,1011.1,4.5,High,Low,Active,20.6,0.88,201.59,Decreasing
21-06-2024 18:00,NODE_01,Sensor_Node_1_Industry_Zone,116.63,210.42,6.418,509.6,100.9,37.33,27.94,31.8,70.4,1.1,183,Unhealthy,SW,1009.11,6.47,Low,Low,Maintenance,76.6,0.9,169.44,Decreasing
21-06-2024 19:00,NODE_01,Sensor_Node_1_Industry_Zone,117.95,210.28,7.854,498.1,90.92,42.94,18.87,33.2,67.8,4.9,183,Unhealthy,E,1010.59,4.89,High,Low,Maintenance,43.5,0.97,187.29,Increasing
21-06-2024 20:00,NODE_01,Sensor_Node_1_Industry_Zone,110.32,203.04,6.26,525.5,102.66,39.59,13.37,30.5,73.2,2,179,Unhealthy,SE,1017.4,8.3,High,Peak,Active,63.1,0.8,195.98,Decreasing
21-06-2024 21:00,NODE_01,Sensor_Node_1_Industry_Zone,120.79,218.89,7.015,502.4,91.77,41.67,22.97,30.8,69,2,185,Unhealthy,NW,1002.53,7.83,Medium,Low,Active,33.4,0.99,198.55,Increasing
21-06-2024 22:00,NODE_01,Sensor_Node_1_Industry_Zone,125.29,212.45,7.089,507,98.42,25.99,24.08,29.2,79.6,3.1,187,Unhealthy,S,1013.46,1.42,Low,Normal,Active,81.6,0.86,196.99,Increasing
21-06-2024 23:00,NODE_01,Sensor_Node_1_Industry_Zone,95.24,147.99,4.574,484.3,56.85,27.73,19.34,29.1,78,1.2,172,Unhealthy,S,1021.42,6.77,Low,High,Active,75.8,0.86,177.59,Decreasing
22-06-2024 00:00,NODE_01,Sensor_Node_1_Industry_Zone,40.67,85.61,3.816,505.1,32.99,16.4,26.16,28.9,77.3,1.3,114,Unhealthy for Sensitive Groups,E,1008.24,9.72,High,Low,Active,23.5,0.76,107,Stable
22-06-2024 01:00,NODE_01,Sensor_Node_1_Industry_Zone,71.59,101.54,4.421,498.6,46,17.56,23.49,31.1,71.4,2.5,500,Hazardous,SW,1014.83,8.65,Medium,Low,Active,43,0.81,472.06,Stable
22-06-2024 02:00,NODE_01,Sensor_Node_1_Industry_Zone,60.26,91.36,3.294,472.1,38.32,21.16,19.02,28.6,90.3,1,153,Unhealthy,NW,1017.8,3.66,Low,High,Active,86.4,0.8,159.95,Stable
22-06-2024 03:00,NODE_01,Sensor_Node_1_Industry_Zone,16.03,58.51,0.718,454.7,17.36,5.67,25.98,31.3,71.4,2.1,59,Moderate,NE,1013.26,6.5,Medium,High,Active,60.3,0.91,55.13,Stable
22-06-2024 04:00,NODE_01,Sensor_Node_1_Industry_Zone,27.47,25.67,1.458,457.2,20.57,5.3,29.54,31.4,67,1.6,83,Moderate,W,1007.89,5.05,High,Normal,Active,34.6,0.92,88.26,Decreasing
22-06-2024 05:00,NODE_01,Sensor_Node_1_Industry_Zone,22.76,55.52,1.071,435.1,11.79,10.92,24.73,31.5,71.2,3,73,Moderate,E,1007.74,6.26,Low,High,Active,81.5,0.83,77.12,Decreasing
22-06-2024 06:00,NODE_01,Sensor_Node_1_Industry_Zone,98.73,139.21,5.096,533.4,67.24,35.93,18.09,34.5,56.4,6.8,173,Unhealthy,SW,1016.46,6.06,Medium,Low,Active,63.7,0.87,157.6,Stable
22-06-2024 07:00,NODE_01,Sensor_Node_1_Industry_Zone,95.9,163.13,5.347,533.5,68.56,33.62,19.83,36.1,69.6,0.8,172,Unhealthy,N,1015.55,7.6,Low,Low,Active,50.4,0.81,161.68,Stable
22-06-2024 08:00,NODE_01,Sensor_Node_1_Industry_Zone,116.09,188.86,5.773,532.3,85.81,36.79,8.95,37.6,68.1,1.3,182,Unhealthy,W,1007.28,3.89,Medium,Low,Active,69,0.72,165.33,Increasing
22-06-2024 09:00,NODE_01,Sensor_Node_1_Industry_Zone,93.21,145.19,5.69,540.8,87.55,36.59,13.09,37.4,72.7,0.8,170,Unhealthy,SE,1004.94,4.89,High,Low,Maintenance,54.9,0.79,175.53,Stable
22-06-2024 10:00,NODE_01,Sensor_Node_1_Industry_Zone,95.84,178.3,6.03,535.7,58.11,27.6,19.1,34.3,73.9,6.2,172,Unhealthy,N,1004.32,6.21,High,Peak,Active,29.5,0.81,170.69,Decreasing
22-06-2024 11:00,NODE_01,Sensor_Node_1_Industry_Zone,108.39,180.3,5.766,516.3,83.21,38.39,9.96,35.7,65.4,3.4,178,Unhealthy,E,1021.97,1.07,High,Low,Active,31.5,0.72,164.13,Decreasing
22-06-2024 12:00,NODE_01,Sensor_Node_1_Industry_Zone,109.76,141.46,6.615,533.7,80.02,35.23,19.68,38.1,67.8,2.1,179,Unhealthy,S,1011.59,3.44,High,Peak,Active,70.9,0.8,192.07,Increasing
22-06-2024 13:00,NODE_01,Sensor_Node_1_Industry_Zone,294.29,447.79,13.269,526.8,70.95,68.89,20.29,37.5,70.2,3.4,336,Hazardous,SE,1026.16,5.38,High,Peak,Active,32.5,1,334.15,Stable
22-06-2024 14:00,NODE_01,Sensor_Node_1_Industry_Zone,104.14,181.67,5.204,513.9,71.22,30.11,19.77,36.5,61.7,2.9,176,Unhealthy,E,1015.33,2.62,High,Peak,Active,82,0.97,178.61,Stable
22-06-2024 15:00,NODE_01,Sensor_Node_1_Industry_Zone,75.19,135.81,4.604,539.1,55.91,31.47,19.45,36.6,82.8,0.7,161,Unhealthy,NE,1014.64,7.47,High,Peak,Active,21.1,0.92,154.02,Stable
22-06-2024 16:00,NODE_01,Sensor_Node_1_Industry_Zone,71.63,133.37,4.043,532.9,72.98,32.89,24.52,35.7,66.8,3.1,159,Unhealthy,E,1013.84,1.95,Low,Low,Active,31.8,0.77,150.36,Decreasing
22-06-2024 17:00,NODE_01,Sensor_Node_1_Industry_Zone,66.71,131.43,5.323,498.3,64,25.52,21.59,34.9,61.7,5.1,157,Unhealthy,NE,1017.99,7.51,High,Peak,Active,59.7,0.85,150.66,Decreasing
22-06-2024 18:00,NODE_01,Sensor_Node_1_Industry_Zone,79.85,149.17,4.136,515.3,56.78,29.2,18.56,35,78.5,1.3,164,Unhealthy,S,1006.2,8.4,High,Normal,Active,54.6,0.72,151.4,Stable
22-06-2024 19:00,NODE_01,Sensor_Node_1_Industry_Zone,85.61,138.28,4.393,509.6,58.53,22.29,8.61,32,74.7,2.9,167,Unhealthy,SW,1024.96,7.17,Low,Low,Active,70.9,0.96,168.42,Stable
22-06-2024 20:00,NODE_01,Sensor_Node_1_Industry_Zone,95.28,152.64,5.481,522.8,69.32,23.31,15.18,27.9,82.1,2.1,172,Unhealthy,NE,1011.4,9.26,Medium,Low,Active,40.1,0.93,162.18,Increasing
22-06-2024 21:00,NODE_01,Sensor_Node_1_Industry_Zone,92.4,127.77,4.851,536,48.95,27.85,17.02,31.3,79,1.9,170,Unhealthy,W,1007.78,7.41,High,High,Active,32.6,0.89,157.62,Decreasing
22-06-2024 22:00,NODE_01,Sensor_Node_1_Industry_Zone,78.37,151.9,4.869,519.8,52.26,24.69,22.89,30.6,81.2,5.4,163,Unhealthy,W,1013.82,2.99,Low,High,Active,48.9,0.72,171.46,Stable
22-06-2024 23:00,NODE_01,Sensor_Node_1_Industry_Zone,74.19,118.28,3.541,481.4,27.99,18.98,19.17,30.7,76.9,2,161,Unhealthy,NW,1018.55,8.4,Medium,Peak,Active,21.1,0.98,148.07,Increasing
23-06-2024 00:00,NODE_01,Sensor_Node_1_Industry_Zone,52.54,110.41,4.352,488.8,48.16,23.47,16.75,30.6,73.6,5.8,143,Unhealthy for Sensitive Groups,N,1005.95,3.19,Medium,Peak,Maintenance,62,0.87,132.95,Stable
23-06-2024 01:00,NODE_01,Sensor_Node_1_Industry_Zone,66.98,92.78,3.848,528.1,38.81,18.3,21.96,31.3,74.4,3,157,Unhealthy,SW,1015.4,8.48,Medium,Peak,Active,73.1,0.73,157.48,Increasing
23-06-2024 02:00,NODE_01,Sensor_Node_1_Industry_Zone,66.14,79.34,3.191,518.8,56,23.41,19.92,30.7,76.4,1.9,156,Unhealthy,N,1007.7,6.3,Low,Peak,Active,88.4,0.92,155.94,Increasing
23-06-2024 03:00,NODE_01,Sensor_Node_1_Industry_Zone,34.05,57.37,1.434,471.3,14.41,7.97,20.39,31.2,67.4,1.8,97,Moderate,NW,1008.96,5.61,Low,Peak,Active,69.6,0.99,90.22,Increasing
23-06-2024 04:00,NODE_01,Sensor_Node_1_Industry_Zone,30.58,53.26,0.591,470.5,36.59,8.37,21.79,36.2,67.1,4.5,90,Moderate,N,1009.06,6.21,Low,Low,Active,58.2,0.81,81.54,Decreasing
23-06-2024 05:00,NODE_01,Sensor_Node_1_Industry_Zone,25.19,48.26,1.207,429.4,16.72,4.16,25.24,32.1,64.6,2.4,79,Moderate,N,1016.58,4.54,Low,Peak,Active,60.3,0.73,79.03,Increasing
23-06-2024 06:00,NODE_01,Sensor_Node_1_Industry_Zone,89.95,170.54,5.858,509.6,78.76,28.57,24.56,34.8,69.6,5.3,169,Unhealthy,W,1005.35,3.43,Low,Normal,Active,90.7,0.72,167.02,Stable
23-06-2024 07:00,NODE_01,Sensor_Node_1_Industry_Zone,94.14,171.43,6.13,540.5,74.92,32.99,12.98,34.5,57.9,3.4,171,Unhealthy,N,1013.16,5.14,Medium,Normal,Active,81,0.96,187.65,Decreasing
23-06-2024 08:00,NODE_01,Sensor_Node_1_Industry_Zone,93.91,199.48,5.868,522.3,82.44,34.35,17.97,35.4,71.7,2.2,171,Unhealthy,NW,1009.94,2.24,Medium,Normal,Active,89.4,0.74,179.75,Stable
23-06-2024 09:00,NODE_01,Sensor_Node_1_Industry_Zone,98.01,166.83,6.685,527.2,72.21,30.97,9.93,33.5,66.4,2.2,173,Unhealthy,NE,1006.92,6.58,High,Normal,Active,48,0.84,158.98,Increasing
23-06-2024 10:00,NODE_01,Sensor_Node_1_Industry_Zone,98.94,173.5,6.335,537.6,72.42,31.64,18.9,39.6,63,1.4,173,Unhealthy,N,1004.72,5.92,Medium,Low,Active,55.7,0.91,187.83,Increasing
23-06-2024 11:00,NODE_01,Sensor_Node_1_Industry_Zone,100.89,173.19,5.091,509.2,79.01,31.22,17.01,37.8,60.3,1.5,174,Unhealthy,SE,1004.78,7.06,High,Normal,Active,84,0.74,165.97,Increasing
23-06-2024 12:00,NODE_01,Sensor_Node_1_Industry_Zone,442.21,690.05,23.125,516.6,75.07,76.06,18.85,37.5,62.9,4.4,500,Hazardous,W,1002.2,6.74,Medium,Normal,Active,99.3,0.8,534.53,Decreasing
23-06-2024 13:00,NODE_01,Sensor_Node_1_Industry_Zone,106.93,146.23,5.953,530.4,75.14,29.84,25.87,35.5,83.2,3.9,178,Unhealthy,NE,1017.38,9.32,Low,Low,Active,44.7,0.81,162.51,Decreasing
23-06-2024 14:00,NODE_01,Sensor_Node_1_Industry_Zone,95.5,164.27,5.432,551.8,66.56,34.22,5.08,37.9,71.9,3.1,172,Unhealthy,NW,1010.55,5.65,Medium,Peak,Maintenance,22.5,1,169.48,Decreasing
23-06-2024 15:00,NODE_01,Sensor_Node_1_Industry_Zone,69.88,160.7,4.232,566.5,44.42,24.89,9.91,39.6,66.2,5.9,158,Unhealthy,S,1012.95,1.11,Low,Peak,Active,52.2,0.73,154.99,Decreasing
23-06-2024 16:00,NODE_01,Sensor_Node_1_Industry_Zone,80.04,130.01,4.031,518.8,63.8,28.99,27.96,32.7,68.6,2.4,164,Unhealthy,NE,1019.07,8.92,Medium,Low,Active,43.1,0.72,164.36,Increasing
23-06-2024 17:00,NODE_01,Sensor_Node_1_Industry_Zone,89.61,120.25,4.823,521.1,65.86,23.08,19.7,33.6,72,1,169,Unhealthy,E,1004.68,2.09,Medium,Low,Maintenance,66.9,0.8,174.16,Stable
23-06-2024 18:00,NODE_01,Sensor_Node_1_Industry_Zone,92.55,114.44,4.588,500.6,73.99,28.6,15.15,33.6,83.2,0.6,170,Unhealthy,S,1006.35,7.56,High,Peak,Active,88.4,0.88,155.68,Decreasing
23-06-2024 19:00,NODE_01,Sensor_Node_1_Industry_Zone,72.51,113.62,4.805,521.4,65.81,28.9,27.25,30.4,66.3,1.7,160,Unhealthy,N,1013.53,2.78,Medium,High,Maintenance,86.3,0.81,169.67,Stable
23-06-2024 20:00,NODE_01,Sensor_Node_1_Industry_Zone,68.43,164.44,3.849,509.5,60.74,31.44,9.06,32.6,69.7,3.8,158,Unhealthy,N,1001.06,2.11,Low,Peak,Active,31.5,0.89,143.68,Increasing
23-06-2024 21:00,NODE_01,Sensor_Node_1_Industry_Zone,85.1,125.71,3.428,501.6,59.32,30.54,12.11,29.3,82,2.7,166,Unhealthy,E,1008.53,9.59,High,High,Active,88.5,0.99,152.7,Stable
23-06-2024 22:00,NODE_01,Sensor_Node_1_Industry_Zone,78.81,141.37,4.284,499.1,63.5,22.62,11.6,32.4,80.1,1.9,163,Unhealthy,SW,1006.45,1.32,Low,High,Active,56.5,0.9,173.1,Decreasing
23-06-2024 23:00,NODE_01,Sensor_Node_1_Industry_Zone,74.2,105.09,2.987,460.9,42.73,23.58,22.17,28,74.9,1.9,161,Unhealthy,NW,1013.98,1.27,High,Normal,Active,42,0.97,172.95,Increasing
24-06-2024 00:00,NODE_01,Sensor_Node_1_Industry_Zone,98.11,156.4,4.681,464.6,78.26,28.72,26.75,32.4,84.1,0.7,173,Unhealthy,N,1009.45,5.04,High,High,Active,96.1,0.76,167.06,Increasing
24-06-2024 01:00,NODE_01,Sensor_Node_1_Industry_Zone,88.13,124.63,5.532,528.2,70.31,22.28,17.43,29.9,71.2,2.9,168,Unhealthy,S,1024.05,6.27,Low,High,Active,53.5,0.73,177.02,Increasing
24-06-2024 02:00,NODE_01,Sensor_Node_1_Industry_Zone,86.12,184.42,5.427,499.1,69.73,30.61,12.54,29,83.7,1,167,Unhealthy,S,1017.63,2.59,Low,Low,Maintenance,83.1,0.84,162.94,Stable
24-06-2024 03:00,NODE_01,Sensor_Node_1_Industry_Zone,40.18,60.92,2.483,455.6,43.34,13.25,19.69,31,79.9,2.2,113,Unhealthy for Sensitive Groups,S,1006.88,7.52,Low,High,Active,33.9,0.75,112.67,Decreasing
24-06-2024 04:00,NODE_01,Sensor_Node_1_Industry_Zone,40.53,53.94,1.957,461.7,34.62,9.89,24.21,31.2,92.4,4,113,Unhealthy for Sensitive Groups,NE,1009.68,9.45,High,High,Maintenance,68.3,0.92,105.31,Increasing
24-06-2024 05:00,NODE_01,Sensor_Node_1_Industry_Zone,40.73,85.5,3.136,484.1,34.35,11.2,23.99,32.5,71.1,2.9,114,Unhealthy for Sensitive Groups,NW,1009.91,5.49,Medium,Peak,Maintenance,74.2,0.87,104.91,Stable
24-06-2024 06:00,NODE_01,Sensor_Node_1_Industry_Zone,161.77,275.47,8.411,510.1,108.94,48.69,16.67,33,76.2,3.9,212,Very Unhealthy,W,1031.84,2.1,Medium,High,Active,52.7,0.88,197.17,Stable
24-06-2024 07:00,NODE_01,Sensor_Node_1_Industry_Zone,149.78,290.28,8.472,580.8,113.44,45.04,14.92,39.9,75.8,4.5,200,Unhealthy,W,1002.94,8.59,Medium,Normal,Active,81.8,0.82,188.38,Increasing
24-06-2024 08:00,NODE_01,Sensor_Node_1_Industry_Zone,147.84,270.56,8.961,573.6,116.84,48.89,10.18,36.2,70.8,3.9,199,Unhealthy,NE,1013.22,9.49,High,Normal,Active,80.3,0.85,213.83,Increasing
24-06-2024 09:00,NODE_01,Sensor_Node_1_Industry_Zone,144.39,280.19,9.566,542.7,110.35,47.08,24.81,37.1,78.2,1,197,Unhealthy,S,999.49,8.5,Low,High,Active,63.5,0.77,178.22,Decreasing
24-06-2024 10:00,NODE_01,Sensor_Node_1_Industry_Zone,157.99,276.55,9.429,519,119.75,45.45,14.58,38.4,60.7,3.5,500,Hazardous,NE,1011.96,6.08,Low,Low,Active,24.1,0.99,468.53,Increasing
24-06-2024 11:00,NODE_01,Sensor_Node_1_Industry_Zone,158.47,256.7,8.446,515.2,113.54,42.77,13.26,39.5,65.1,3.2,209,Very Unhealthy,SW,1023.46,8.56,Low,High,Active,69.6,0.72,201.62,Decreasing
24-06-2024 12:00,NODE_01,Sensor_Node_1_Industry_Zone,155.1,293.39,9.355,546.5,123.94,49.86,15.62,40.5,56.2,7.1,206,Very Unhealthy,NE,1009.55,4.39,Medium,Peak,Active,41.7,0.81,202.36,Stable
24-06-2024 13:00,NODE_01,Sensor_Node_1_Industry_Zone,161.74,264.45,8.814,531,118.68,50.23,13.93,36.8,54.8,1.9,212,Very Unhealthy,NW,1018.63,5.5,Medium,Peak,Active,35.4,0.95,207.64,Decreasing
24-06-2024 14:00,NODE_01,Sensor_Node_1_Industry_Zone,155.21,293.48,8.652,522.6,112.6,51.01,18.94,38.6,71.8,3.7,206,Very Unhealthy,SE,1011.6,1.73,High,High,Active,81.4,0.7,219.38,Stable
24-06-2024 15:00,NODE_01,Sensor_Node_1_Industry_Zone,130.95,207.83,7.223,539.1,98.04,31.36,18.43,38.1,59.7,3.8,190,Unhealthy,SW,1009.47,3.92,Medium,Low,Active,63.2,0.83,183.93,Stable
24-06-2024 16:00,NODE_01,Sensor_Node_1_Industry_Zone,132.67,203.11,7.666,518.7,106.44,51.46,26.09,36.7,82.9,2.8,191,Unhealthy,NE,1010.49,9.24,High,High,Active,98,0.83,186.38,Decreasing
24-06-2024 17:00,NODE_01,Sensor_Node_1_Industry_Zone,128.03,223.46,7.581,495.5,86.43,38.95,21.07,36,71.3,3.7,188,Unhealthy,SE,1008.48,8.68,Low,High,Active,35.8,0.84,170.72,Decreasing
24-06-2024 18:00,NODE_01,Sensor_Node_1_Industry_Zone,370.64,747.05,19.498,538.8,90.97,77.12,18.68,33.3,73.4,4.7,500,Hazardous,SW,1008.24,6.35,High,High,Maintenance,53.7,0.8,534.26,Increasing
24-06-2024 19:00,NODE_01,Sensor_Node_1_Industry_Zone,135.83,208.45,6.394,520.6,93.8,43.3,18.87,32.7,68.3,5.8,192,Unhealthy,NW,1004.02,9.15,Low,Peak,Active,96,0.8,194.81,Decreasing
24-06-2024 20:00,NODE_01,Sensor_Node_1_Industry_Zone,114.05,214.02,7.285,502.9,89.97,41.24,12.73,32.5,69.6,2.8,181,Unhealthy,SE,1021.04,4.84,Medium,High,Active,34.2,0.94,191.75,Stable
24-06-2024 21:00,NODE_01,Sensor_Node_1_Industry_Zone,131.7,220.28,6.805,534.5,85.22,42.24,14.04,30.9,70.1,1.9,190,Unhealthy,W,1009.64,9.44,Medium,Normal,Maintenance,34,0.94,181.16,Decreasing
24-06-2024 22:00,NODE_01,Sensor_Node_1_Industry_Zone,127.62,207.98,7.111,518.5,88.75,41.16,26.05,29.4,84.2,2,188,Unhealthy,W,1013.76,9.51,Medium,High,Active,33.6,0.84,176.13,Decreasing
24-06-2024 23:00,NODE_01,Sensor_Node_1_Industry_Zone,104.38,163.83,5.102,524.2,70.8,27.03,15.06,31.8,74.4,5.3,176,Unhealthy,NW,1006.74,6.13,Medium,Low,Maintenance,88.2,0.98,159.35,Increasing
25-06-2024 00:00,NODE_01,Sensor_Node_1_Industry_Zone,88.53,158.96,5.368,502.9,74.7,29.36,21.12,29.4,69.1,2.6,168,Unhealthy,NE,1018.7,1.45,Medium,Low,Active,40.3,0.78,172.63,Stable
25-06-2024 01:00,NODE_01,Sensor_Node_1_Industry_Zone,94.46,148.78,4.941,503.6,73.7,29.61,16.21,30.3,68.4,1.9,171,Unhealthy,NE,1010.36,8.96,Medium,Normal,Active,43.3,0.82,171.08,Decreasing
25-06-2024 02:00,NODE_01,Sensor_Node_1_Industry_Zone,93.55,171.8,4.75,463,81.62,27.79,26.48,30.3,76.2,3.2,171,Unhealthy,NE,1011.45,9.2,High,Normal,Active,88.4,0.76,164.89,Decreasing
25-06-2024 03:00,NODE_01,Sensor_Node_1_Industry_Zone,42.01,61.16,1.58,452.6,27.56,11.97,18.95,33.6,81.5,2.4,117,Unhealthy for Sensitive Groups,W,1001.03,9.49,Low,Low,Active,41.4,0.75,106.8,Increasing
25-06-2024 04:00,NODE_01,Sensor_Node_1_Industry_Zone,24.67,93.84,2.209,433,32.32,17.27,24.88,33.9,81.5,4.4,77,Moderate,N,1014.38,5.25,High,Low,Active,62.7,0.77,80.95,Increasing
25-06-2024 05:00,NODE_01,Sensor_Node_1_Industry_Zone,124.89,119.18,7.238,420.7,26.06,28.59,23.21,32.1,67,2.3,187,Unhealthy,SE,1022.87,3.62,Medium,Low,Active,62.4,0.76,182.59,Increasing
25-06-2024 06:00,NODE_01,Sensor_Node_1_Industry_Zone,154.71,279.63,9.987,551.5,128.66,45.55,26.8,31.2,69,2.5,205,Very Unhealthy,N,1006.79,1.79,High,High,Active,54.3,0.85,200.88,Decreasing
25-06-2024 07:00,NODE_01,Sensor_Node_1_Industry_Zone,158.49,250.8,8.805,566.6,117.72,48.55,5,35.7,75.2,2.9,209,Very Unhealthy,S,1009.25,8.91,Low,Peak,Active,41.5,0.99,194.34,Decreasing
25-06-2024 08:00,NODE_01,Sensor_Node_1_Industry_Zone,465.01,835.61,20.563,525.2,114.4,99.62,21.22,36,75.1,0.8,500,Hazardous,NE,1005.17,7.51,Medium,Peak,Maintenance,48.8,0.74,538.32,Increasing
25-06-2024 09:00,NODE_01,Sensor_Node_1_Industry_Zone,135.05,255.42,9.14,537.1,111.03,55.73,20.64,35.9,70.7,4.6,192,Unhealthy,S,1012.77,8.22,High,Normal,Fault,74.3,0.88,181.3,Increasing
25-06-2024 10:00,NODE_01,Sensor_Node_1_Industry_Zone,140.45,280.09,8.675,534.6,136.07,51.61,14.07,34.2,75.1,5.3,195,Unhealthy,SW,1012.38,7.92,High,Normal,Maintenance,33.8,0.9,178.69,Decreasing
25-06-2024 11:00,NODE_01,Sensor_Node_1_Industry_Zone,143.24,251.95,8.794,566.5,123.01,49.77,17.54,37,67,5.2,196,Unhealthy,N,1016.23,8.36,Medium,Peak,Active,42.9,0.77,211.57,Stable
25-06-2024 12:00,NODE_01,Sensor_Node_1_Industry_Zone,161.74,272.92,8.779,554.4,116.96,46.07,13.98,38.1,71.5,7,212,Very Unhealthy,SE,1015.31,2,Low,Peak,Active,90.1,0.92,207.12,Increasing
25-06-2024 13:00,NODE_01,Sensor_Node_1_Industry_Zone,152.53,249.07,8.988,543,118.9,54.08,21.09,37,62.5,3.8,203,Very Unhealthy,W,1007.12,4.04,Low,Peak,Active,54.4,0.92,200.09,Stable
25-06-2024 14:00,NODE_01,Sensor_Node_1_Industry_Zone,165.59,261.59,8.839,567.4,121.14,52.14,10.05,38.5,61.2,1.2,216,Very Unhealthy,E,1013.35,8.33,High,Low,Active,85.8,0.96,226.68,Decreasing
25-06-2024 15:00,NODE_01,Sensor_Node_1_Industry_Zone,476.92,876.29,21.554,533.1,101.97,81.56,23.29,35.6,72.9,3.8,500,Hazardous,NE,1010.03,7.61,Low,Normal,Active,89.4,0.9,472.59,Stable
25-06-2024 16:00,NODE_01,Sensor_Node_1_Industry_Zone,139.79,201.79,7.513,496.2,93.02,46.5,14.31,39.3,69,4.8,195,Unhealthy,S,1005.45,7.9,Low,Low,Active,92.7,0.82,202.69,Decreasing
25-06-2024 17:00,NODE_01,Sensor_Node_1_Industry_Zone,131.01,192.83,6.932,537.3,91.67,40.88,10.66,34.2,77.2,3.5,190,Unhealthy,S,1011.24,7.84,Medium,Low,Fault,27.8,0.9,171.72,Decreasing
25-06-2024 18:00,NODE_01,Sensor_Node_1_Industry_Zone,124.62,209.5,7.028,507,91.27,44.04,16.24,36.7,73.8,0.6,187,Unhealthy,S,1034.81,1.6,Medium,High,Active,54.2,0.85,170.42,Stable
25-06-2024 19:00,NODE_01,Sensor_Node_1_Industry_Zone,118.59,226.43,7.48,486,86.84,39.86,10.48,36.1,78.5,1.9,184,Unhealthy,N,1025.89,8.43,Medium,High,Maintenance,88,0.78,176.95,Stable
25-06-2024 20:00,NODE_01,Sensor_Node_1_Industry_Zone,123.09,208,6.868,480.4,81.95,47.92,26.27,31.1,80.4,1.9,186,Unhealthy,N,1012.84,1.77,High,Peak,Active,70.5,0.93,199.94,Decreasing
25-06-2024 21:00,NODE_01,Sensor_Node_1_Industry_Zone,127.25,187.49,7.759,480.2,93.04,38.85,16.1,31.6,72.2,3.6,188,Unhealthy,NW,1022.43,8.4,Low,Normal,Active,90.7,0.95,184.7,Increasing
25-06-2024 22:00,NODE_01,Sensor_Node_1_Industry_Zone,139.99,193.4,7.183,523.6,92.29,34.97,24.69,31,69.6,2.9,195,Unhealthy,E,1011.73,3.85,Low,Peak,Active,79.5,0.91,201.27,Increasing
25-06-2024 23:00,NODE_01,Sensor_Node_1_Industry_Zone,95.91,159.57,6.16,473.1,82.65,34.13,16.18,29.1,74.6,3,172,Unhealthy,SW,1011.68,2.91,Medium,Peak,Active,40.3,0.85,167.82,Decreasing
26-06-2024 00:00,NODE_01,Sensor_Node_1_Industry_Zone,85.37,163.75,4.731,507.2,75.72,27.42,22.6,30.1,86.9,0.9,166,Unhealthy,N,1000.3,2.76,Low,Normal,Active,57,0.99,159.82,Decreasing
26-06-2024 01:00,NODE_01,Sensor_Node_1_Industry_Zone,84.14,160.23,5.643,478.9,68.01,34.1,27.59,30.9,77,0.5,166,Unhealthy,W,1006.24,1.7,Medium,Peak,Active,93.6,1,179.47,Increasing
26-06-2024 02:00,NODE_01,Sensor_Node_1_Industry_Zone,90.54,167.27,5.49,460.9,74.57,26.8,13.72,28,75.9,2.8,169,Unhealthy,SE,1007.3,5.48,High,Low,Active,78.7,0.89,183.08,Stable
26-06-2024 03:00,NODE_01,Sensor_Node_1_Industry_Zone,30.37,59.63,2.165,435.2,42.21,14.67,22.5,31.1,84.7,2.1,89,Moderate,SE,1012.65,8.06,Low,High,Active,86.2,0.72,83.08,Increasing
26-06-2024 04:00,NODE_01,Sensor_Node_1_Industry_Zone,30.71,55.55,2.02,435.8,29.64,15.54,29.51,31.5,65.2,1.7,90,Moderate,NW,1012.08,6.85,High,Normal,Active,34.3,0.87,91.07,Increasing
26-06-2024 05:00,NODE_01,Sensor_Node_1_Industry_Zone,30.18,82.47,1.65,457.6,17.63,15.23,24.3,35.2,66.8,1.9,89,Moderate,NW,1008.53,9.93,High,Peak,Active,33,0.97,96.08,Decreasing
26-06-2024 06:00,NODE_01,Sensor_Node_1_Industry_Zone,152.78,261.16,8.797,534.8,103.1,54.37,30.31,34.4,65.2,4,203,Very Unhealthy,S,1008.47,7.94,High,High,Active,79.6,0.94,190.98,Stable
26-06-2024 07:00,NODE_01,Sensor_Node_1_Industry_Zone,145.72,262.02,9.337,503.9,122.88,51.35,11.02,32.9,71.2,2.7,198,Unhealthy,W,1011,7.55,Low,High,Active,99.6,0.97,193.51,Stable
26-06-2024 08:00,NODE_01,Sensor_Node_1_Industry_Zone,147.18,268.68,9.87,548.8,121.38,55.29,18.36,34.8,58.5,3.7,198,Unhealthy,NE,1003.71,4.7,Low,Normal,Active,58.3,0.98,206.28,Increasing
26-06-2024 09:00,NODE_01,Sensor_Node_1_Industry_Zone,146.63,277.18,9.048,518.2,130.11,48.74,19.02,36.9,69,4.4,198,Unhealthy,S,1008.32,2.09,Low,Peak,Maintenance,52.9,0.77,198.84,Decreasing
26-06-2024 10:00,NODE_01,Sensor_Node_1_Industry_Zone,158.55,256.26,9.613,512.6,110.33,55.57,18.95,41.3,67.2,2.6,209,Very Unhealthy,SE,1009.71,4.42,High,Normal,Active,75.9,0.9,218.13,Increasing
26-06-2024 11:00,NODE_01,Sensor_Node_1_Industry_Zone,167.6,278.54,8.09,537.4,125.77,52.4,16.06,37.2,67.4,1.6,218,Very Unhealthy,NW,1004.51,8.74,Low,Peak,Maintenance,87.2,0.93,199.77,Increasing
26-06-2024 12:00,NODE_01,Sensor_Node_1_Industry_Zone,156.97,281.1,8.849,542.2,120.99,52.61,20.39,36.5,62.8,2.2,207,Very Unhealthy,SE,1010.02,4.02,High,Peak,Maintenance,72.7,0.72,218.34,Stable
26-06-2024 13:00,NODE_01,Sensor_Node_1_Industry_Zone,150.06,220.44,9.558,513,128.57,53.36,13.97,38.8,68.8,2.9,200,Unhealthy,SE,1006.99,2.1,Low,High,Active,70.3,0.97,202.63,Stable
26-06-2024 14:00,NODE_01,Sensor_Node_1_Industry_Zone,146.16,275.16,8.602,539.3,116.62,50.89,24.31,37.1,74.1,2.6,198,Unhealthy,S,1019.41,5.78,Medium,Low,Fault,45.3,0.77,205.85,Stable
26-06-2024 15:00,NODE_01,Sensor_Node_1_Industry_Zone,127.04,222.55,7.138,462,86.45,42.65,20.98,34.9,69.1,2.8,188,Unhealthy,E,1010.54,6.47,Low,High,Active,93.3,0.75,202.44,Stable
26-06-2024 16:00,NODE_01,Sensor_Node_1_Industry_Zone,129.03,221.1,7.15,506.6,101.38,42.17,11.49,36.3,62.1,3,189,Unhealthy,NE,1010.86,2.06,Medium,Normal,Active,31.1,0.92,174.49,Stable
26-06-2024 17:00,NODE_01,Sensor_Node_1_Industry_Zone,115.48,218.04,6.964,509.2,90.56,44.51,5,34.6,79.7,4.4,182,Unhealthy,E,1014.57,7.9,Medium,Normal,Active,27.8,0.82,170.42,Stable
26-06-2024 18:00,NODE_01,Sensor_Node_1_Industry_Zone,106.93,195.41,7.425,543.7,86.09,38.77,20.41,31.8,75.1,1.5,178,Unhealthy,E,1015.34,5.57,Low,High,Active,30.6,0.83,194.24,Stable
26-06-2024 19:00,NODE_01,Sensor_Node_1_Industry_Zone,101.79,206.53,7.494,523.9,94.02,44.2,9.9,33.3,68.8,1.1,175,Unhealthy,NE,1001.58,6.28,Low,High,Active,26.3,0.85,167.35,Decreasing
26-06-2024 20:00,NODE_01,Sensor_Node_1_Industry_Zone,130.54,222.42,7.53,545.4,101.96,39.69,18.39,32.9,75.8,3.1,190,Unhealthy,SE,1009.74,1.35,Medium,Low,Active,40.9,0.78,179.16,Stable
26-06-2024 21:00,NODE_01,Sensor_Node_1_Industry_Zone,128.84,213.65,6.357,499.4,79.17,35.96,17.69,33.4,78.7,1.4,189,Unhealthy,SE,1006.55,2.94,Low,High,Active,92.5,0.89,189.43,Stable
26-06-2024 22:00,NODE_01,Sensor_Node_1_Industry_Zone,116.6,202.34,6.815,509.5,92.15,38.96,15.04,30.7,75.3,0.5,183,Unhealthy,S,1011.13,4.96,Medium,Normal,Active,32.2,0.84,168.88,Increasing
26-06-2024 23:00,NODE_01,Sensor_Node_1_Industry_Zone,79.64,137.49,5.08,501.3,62.6,25.27,19.18,31.1,88.7,4.9,163,Unhealthy,S,1008.78,1.94,High,Normal,Active,23.1,0.98,178.26,Decreasing
27-06-2024 00:00,NODE_01,Sensor_Node_1_Industry_Zone,97.67,174.79,5.549,478.3,75.12,29.9,22.69,28.6,80.8,2.2,173,Unhealthy,E,1012.94,7.57,High,Peak,Active,48.4,0.97,172.03,Decreasing
27-06-2024 01:00,NODE_01,Sensor_Node_1_Industry_Zone,91.44,155.72,5.618,483.3,59.44,22.74,21.72,29.5,67.4,1.5,170,Unhealthy,NE,1006.12,2.95,High,High,Fault,91.7,0.75,180.82,Decreasing
27-06-2024 02:00,NODE_01,Sensor_Node_1_Industry_Zone,88.4,163.06,6.034,513.7,71.57,29.9,21.59,31,75.6,3,168,Unhealthy,NE,1008.59,4.25,Medium,Low,Maintenance,77.9,0.95,181.69,Decreasing
27-06-2024 03:00,NODE_01,Sensor_Node_1_Industry_Zone,39.9,73.18,1.995,444.8,21.62,7.6,26.05,30.1,65.6,2.1,112,Unhealthy for Sensitive Groups,N,1008.45,1.3,Low,Normal,Active,96.5,0.97,108.94,Decreasing
27-06-2024 04:00,NODE_01,Sensor_Node_1_Industry_Zone,44.7,69.01,1.804,435.9,38.58,16.34,19.41,33.7,74.5,4.8,124,Unhealthy for Sensitive Groups,NW,1018.5,3.28,Low,High,Active,27.1,0.72,113.55,Stable
27-06-2024 05:00,NODE_01,Sensor_Node_1_Industry_Zone,44.9,50.27,2.112,468.4,12.65,12.42,23.03,34,80,3.5,124,Unhealthy for Sensitive Groups,N,1014.21,8.64,High,Low,Active,92.8,0.82,114.73,Increasing
27-06-2024 06:00,NODE_01,Sensor_Node_1_Industry_Zone,154.32,261.2,9.065,567.3,111.79,48.79,15.62,35.5,73.3,3.7,205,Very Unhealthy,E,1014.21,5.8,High,Low,Active,89.6,0.77,208.21,Stable
27-06-2024 07:00,NODE_01,Sensor_Node_1_Industry_Zone,161.87,251.1,9.791,566.4,118.04,44.87,8.2,35.4,66.2,2.6,212,Very Unhealthy,S,1010.28,7.59,Medium,Peak,Active,49.3,0.72,220.37,Decreasing
27-06-2024 08:00,NODE_01,Sensor_Node_1_Industry_Zone,150.24,268.73,9.663,549.7,114.93,51.92,17.45,37.1,68.8,3.1,200,Unhealthy,SE,1009.69,2.87,High,Normal,Active,48.4,0.86,191.2,Decreasing
27-06-2024 09:00,NODE_01,Sensor_Node_1_Industry_Zone,162.29,264.33,9.42,528.2,107.05,44.35,12.02,37.8,65.2,0.9,500,Hazardous,SW,1015.37,2.77,Low,Normal,Active,22,0.82,481.92,Increasing
27-06-2024 10:00,NODE_01,Sensor_Node_1_Industry_Zone,150.1,251.64,8.914,537.8,120.49,51.55,15.01,35.2,73.2,4.2,200,Unhealthy,W,1016.66,6.25,High,Low,Active,61.1,0.89,181.73,Increasing
27-06-2024 11:00,NODE_01,Sensor_Node_1_Industry_Zone,153.32,278.72,9.183,541,117.52,51.36,18.03,40.4,81,2.3,204,Very Unhealthy,SE,1012.09,2.73,Medium,Low,Active,60.1,0.78,218.13,Decreasing
27-06-2024 12:00,NODE_01,Sensor_Node_1_Industry_Zone,146.39,291.36,9.319,548.7,116.43,45.64,24.39,36.8,70.4,5.1,198,Unhealthy,E,1018.85,2.78,Medium,Low,Active,74.6,0.78,203.97,Decreasing
27-06-2024 13:00,NODE_01,Sensor_Node_1_Industry_Zone,143.59,262.5,8.776,541.2,108.25,44.3,19.57,37.2,70.4,3.8,196,Unhealthy,NE,1019.64,1.89,Low,High,Active,35.6,0.87,205.89,Decreasing
27-06-2024 14:00,NODE_01,Sensor_Node_1_Industry_Zone,141.03,256.23,9.229,551,133.35,46.77,21.84,38,57,1.9,195,Unhealthy,N,1002.01,7.84,High,Peak,Active,35.1,0.8,192.95,Increasing
27-06-2024 15:00,NODE_01,Sensor_Node_1_Industry_Zone,118.82,183.77,6.287,520.5,90.69,37.84,15.47,34.7,65,3.3,184,Unhealthy,S,1014.58,1.79,Medium,Low,Active,83.2,0.75,201.39,Decreasing
27-06-2024 16:00,NODE_01,Sensor_Node_1_Industry_Zone,136.74,180.24,6.933,508.5,92.86,44.33,16.07,35.9,86.9,3.2,193,Unhealthy,NE,1011.74,9,High,Normal,Active,93,0.86,194.2,Decreasing
27-06-2024 17:00,NODE_01,Sensor_Node_1_Industry_Zone,503.46,844.04,22.418,515.7,86.19,91.05,16.28,35.5,81.4,1.4,500,Hazardous,S,1014.33,8.83,Low,Peak,Active,75.6,0.95,485.46,Decreasing
27-06-2024 18:00,NODE_01,Sensor_Node_1_Industry_Zone,446.79,694.58,21.601,483.9,90.03,83.4,15.22,33.2,83.2,1.9,500,Hazardous,S,1018.7,2.45,Low,Normal,Maintenance,57.7,0.95,509.43,Increasing
27-06-2024 19:00,NODE_01,Sensor_Node_1_Industry_Zone,116.39,219.01,7.219,501.5,111.31,43.28,19.04,32.2,79.3,1.8,182,Unhealthy,E,1006.48,9.71,High,Normal,Active,86.9,0.71,181.65,Stable
27-06-2024 20:00,NODE_01,Sensor_Node_1_Industry_Zone,136.75,213.23,6.786,515.9,100.03,42.81,23.27,30.1,80.7,4.8,193,Unhealthy,N,1002.28,4.07,High,High,Active,69.3,0.85,185.63,Stable
27-06-2024 21:00,NODE_01,Sensor_Node_1_Industry_Zone,121.77,222.64,7.344,480.1,93.76,37.18,21.96,32.7,74.4,4,185,Unhealthy,N,1018.64,9,Medium,Normal,Active,77.5,0.8,178.13,Stable
27-06-2024 22:00,NODE_01,Sensor_Node_1_Industry_Zone,118.37,196.08,6.752,505.8,88.05,43.7,7.41,29.2,76.9,1,183,Unhealthy,SW,1006.01,1.65,Low,Peak,Active,58.3,0.87,201.16,Decreasing
27-06-2024 23:00,NODE_01,Sensor_Node_1_Industry_Zone,94.08,183.29,6.149,461.8,57.2,30.34,17.43,28.3,77.9,1.2,171,Unhealthy,SE,1007.88,2.29,Low,Peak,Active,48.2,0.84,178.96,Decreasing
28-06-2024 00:00,NODE_01,Sensor_Node_1_Industry_Zone,94.25,147.85,5.064,476.9,67.68,32.41,15.41,29,75.6,3.7,171,Unhealthy,NE,1013.23,4.97,Medium,Peak,Active,76.3,0.76,185.03,Decreasing
28-06-2024 01:00,NODE_01,Sensor_Node_1_Industry_Zone,92.35,167.61,5.674,485.8,63.7,28.13,17.25,30.7,67.9,2.5,170,Unhealthy,SW,1007.88,1.43,Low,Peak,Active,62.9,0.77,153.25,Stable
28-06-2024 02:00,NODE_01,Sensor_Node_1_Industry_Zone,98.27,149.47,4.925,483.3,67.55,33.47,24.78,33.4,74.2,4,173,Unhealthy,SW,1002.45,3.43,Medium,Normal,Maintenance,73.5,0.7,183.43,Stable
28-06-2024 03:00,NODE_01,Sensor_Node_1_Industry_Zone,11.72,76.5,2.392,437.6,41.4,8.47,23.63,29.6,76.4,2.8,62,Moderate,NE,1012.21,6.39,Medium,Normal,Active,92.4,0.84,64.5,Increasing
28-06-2024 04:00,NODE_01,Sensor_Node_1_Industry_Zone,37.42,42.76,2.097,467.2,27.65,11.33,30.53,31.5,82.8,3.9,106,Unhealthy for Sensitive Groups,NW,1007.31,2.18,Low,Normal,Active,81.1,1,98.94,Increasing
28-06-2024 05:00,NODE_01,Sensor_Node_1_Industry_Zone,28.22,80.61,1.306,435,27.71,16.64,18.34,31.4,63.9,1.9,85,Moderate,SW,1015.59,2.12,Medium,Normal,Active,48.7,0.85,90.04,Increasing
28-06-2024 06:00,NODE_01,Sensor_Node_1_Industry_Zone,166.78,256.94,9.305,541.3,117.63,48.03,19.85,34.2,72.6,4.9,217,Very Unhealthy,W,1008.96,4.61,Medium,Peak,Active,37.4,1,228.24,Decreasing
28-06-2024 07:00,NODE_01,Sensor_Node_1_Industry_Zone,149.25,269.22,9.022,527.4,131.21,48.48,15.85,34.8,82.2,1.3,199,Unhealthy,N,1007.87,1.93,Medium,High,Active,42.7,0.84,208.85,Increasing
28-06-2024 08:00,NODE_01,Sensor_Node_1_Industry_Zone,154.95,256.29,9.016,583.7,119.7,51.45,12.41,38.6,80.6,2.3,205,Very Unhealthy,W,1010.74,6.88,Low,High,Active,34.9,0.95,206.86,Stable
28-06-2024 09:00,NODE_01,Sensor_Node_1_Industry_Zone,160.82,271.48,8.542,520.7,107.19,52.04,9.11,36.1,67.4,2.2,211,Very Unhealthy,S,1018.31,8.11,High,Peak,Active,83.3,0.88,198.2,Stable
28-06-2024 10:00,NODE_01,Sensor_Node_1_Industry_Zone,162.91,279.15,8.424,561.2,115.61,48.4,14.6,37.5,64.3,3.3,213,Very Unhealthy,NW,1017.45,5.26,Medium,High,Active,92,0.92,213.43,Increasing
28-06-2024 11:00,NODE_01,Sensor_Node_1_Industry_Zone,147.28,263.75,9.224,541.9,118.14,52.77,23.09,40.1,74.2,3.5,198,Unhealthy,SE,1005.44,1.59,High,Normal,Active,87,0.91,199.32,Increasing
28-06-2024 12:00,NODE_01,Sensor_Node_1_Industry_Zone,157.5,270.56,10.082,491.9,116.1,55.41,20.9,41.8,66.6,4.6,208,Very Unhealthy,SW,1028.8,6.51,Low,High,Active,40.5,0.78,209.15,Stable
28-06-2024 13:00,NODE_01,Sensor_Node_1_Industry_Zone,150.55,288.7,9.777,540,119.37,47.95,13.46,39.4,75.8,3.6,201,Very Unhealthy,SE,1010.05,3.16,High,Peak,Active,84.8,0.84,212.63,Increasing
28-06-2024 14:00,NODE_01,Sensor_Node_1_Industry_Zone,152.06,278.09,8.766,506.3,124.63,49.19,15,38.1,68.9,5.7,203,Very Unhealthy,S,1005.09,4.42,Low,Normal,Active,31.7,0.84,217.24,Decreasing
28-06-2024 15:00,NODE_01,Sensor_Node_1_Industry_Zone,126.85,189.98,7.446,481.4,99.47,44.79,11.56,37.3,74.1,4.8,188,Unhealthy,SE,1017.33,2.74,Low,Peak,Active,97.7,0.73,183.8,Decreasing
28-06-2024 16:00,NODE_01,Sensor_Node_1_Industry_Zone,100.92,228.17,7.183,511.2,100.97,47.24,20.83,38.4,59.7,1,174,Unhealthy,W,1009.83,6.76,Low,Peak,Maintenance,82.9,0.79,190.51,Increasing
28-06-2024 17:00,NODE_01,Sensor_Node_1_Industry_Zone,500.36,723.32,23.277,531.6,103.47,105.17,14.54,37,78.8,3.1,500,Hazardous,S,1024.92,8.37,High,Peak,Active,30.5,0.81,454.46,Increasing
28-06-2024 18:00,NODE_01,Sensor_Node_1_Industry_Zone,127.67,210.61,7.339,538.2,88.62,37.71,16.86,30.8,72.8,1.5,188,Unhealthy,NW,1017.08,8.73,Medium,Peak,Active,44.3,0.71,189.88,Decreasing
28-06-2024 19:00,NODE_01,Sensor_Node_1_Industry_Zone,108.11,213.54,7.601,507.2,105.82,34.48,24.36,34,63.3,2.9,178,Unhealthy,SE,1010.81,7.95,Medium,Normal,Maintenance,30.2,0.84,177.65,Decreasing
28-06-2024 20:00,NODE_01,Sensor_Node_1_Industry_Zone,116.18,193.1,7.058,513.5,94.8,39.13,21.57,31.4,63.4,3,182,Unhealthy,NW,1021.45,5.92,High,Normal,Active,53.3,0.89,183.01,Decreasing
28-06-2024 21:00,NODE_01,Sensor_Node_1_Industry_Zone,122.01,199.09,7.25,539.5,87.44,44.57,16.23,33.8,74.1,1.2,185,Unhealthy,N,1017.09,6,Medium,Normal,Active,78.9,0.9,172.95,Stable
28-06-2024 22:00,NODE_01,Sensor_Node_1_Industry_Zone,116.48,222.42,6.95,500.7,90.74,40.14,25.11,27.6,77.3,4.6,182,Unhealthy,SW,1004.63,2.83,Medium,Low,Active,60.1,0.73,187.43,Stable
28-06-2024 23:00,NODE_01,Sensor_Node_1_Industry_Zone,97.4,158.56,5.284,501.3,71.26,28.68,23.38,29.2,74.1,5.6,173,Unhealthy,SE,1017.33,1.14,High,Low,Active,75.6,0.71,169.98,Stable
29-06-2024 00:00,NODE_01,Sensor_Node_1_Industry_Zone,55.84,122.68,1.884,497.7,46.1,12.93,22.35,30.7,81.5,2.4,151,Unhealthy,SE,1008.9,6.03,Low,Peak,Active,73.6,0.89,157.55,Increasing
29-06-2024 01:00,NODE_01,Sensor_Node_1_Industry_Zone,38.85,113.35,3.865,474.8,50.49,18.11,10.44,31.9,73.1,2.2,109,Unhealthy for Sensitive Groups,W,1011.5,7.28,Low,High,Active,65.5,0.78,116.99,Decreasing
29-06-2024 02:00,NODE_01,Sensor_Node_1_Industry_Zone,62.24,102.94,3.768,466.5,40.67,19.19,30.29,30.4,83.7,2,154,Unhealthy,NE,1012.79,4.56,Low,Peak,Active,53,0.87,149.22,Stable
29-06-2024 03:00,NODE_01,Sensor_Node_1_Industry_Zone,25.33,40.87,1.758,471.2,21.63,12.94,20.18,30.5,71.9,1.4,79,Moderate,SE,1006.73,6.79,Medium,Peak,Active,33.7,0.85,72.26,Stable
29-06-2024 04:00,NODE_01,Sensor_Node_1_Industry_Zone,30.86,30.19,1.478,458.9,4.65,16.68,23.58,29,75.9,5.8,90,Moderate,NW,1004,3.92,High,Peak,Active,86.4,0.86,88.76,Increasing
29-06-2024 05:00,NODE_01,Sensor_Node_1_Industry_Zone,25.29,42.08,1.952,460,21.2,9.99,24.48,35.6,64.7,3.9,79,Moderate,SW,1014.21,4.18,Medium,High,Active,21.6,0.97,79.02,Increasing
29-06-2024 06:00,NODE_01,Sensor_Node_1_Industry_Zone,106.61,161.09,4.952,543.8,78.41,38.72,9.65,35.7,86.2,2.5,177,Unhealthy,SW,1003.67,4.41,Medium,Normal,Active,44.5,0.94,171.07,Stable
29-06-2024 07:00,NODE_01,Sensor_Node_1_Industry_Zone,97.08,173.1,6.106,530.4,87.33,28.3,7.3,36.7,56.8,3.1,172,Unhealthy,S,996.55,8.62,Low,Low,Active,21,0.9,178.49,Stable
29-06-2024 08:00,NODE_01,Sensor_Node_1_Industry_Zone,100,157.21,5.795,540.1,77.56,35.41,10.8,38.5,70.5,4.2,174,Unhealthy,N,1006.98,2.83,Medium,High,Active,46.1,0.72,172.97,Increasing
29-06-2024 09:00,NODE_01,Sensor_Node_1_Industry_Zone,105.91,169.3,5.963,524.2,69.46,35.51,13.78,35.5,63.9,1.8,177,Unhealthy,SE,1013.99,9.71,Low,High,Active,34.1,0.75,165.49,Decreasing
29-06-2024 10:00,NODE_01,Sensor_Node_1_Industry_Zone,99.16,173.11,4.865,514.5,78.79,29.81,21.28,38.9,71.1,6,174,Unhealthy,W,1010.38,3.34,High,Normal,Active,64,0.83,167.03,Stable
29-06-2024 11:00,NODE_01,Sensor_Node_1_Industry_Zone,114.66,164.72,7.05,576.7,76.52,34.31,22.8,37.6,62.3,0.5,182,Unhealthy,N,1019.6,5.42,Medium,Normal,Active,54.8,0.85,185.04,Decreasing
29-06-2024 12:00,NODE_01,Sensor_Node_1_Industry_Zone,107.09,174,5.915,526,64.42,33.7,20.52,37.7,74.6,2.8,178,Unhealthy,N,1013.1,3.31,Medium,Normal,Active,82.6,0.81,164.76,Decreasing
29-06-2024 13:00,NODE_01,Sensor_Node_1_Industry_Zone,94.47,171.74,6.209,527.1,86.02,40.63,15.8,39.7,59.9,3.8,171,Unhealthy,SE,1007.4,5.3,Low,Peak,Active,30.1,0.77,171.37,Increasing
29-06-2024 14:00,NODE_01,Sensor_Node_1_Industry_Zone,107.01,172.68,4.347,529.4,72.06,28.85,16.61,36.8,61.9,4.2,178,Unhealthy,W,1009.36,4.59,High,Low,Active,59.6,0.96,162.43,Stable
29-06-2024 15:00,NODE_01,Sensor_Node_1_Industry_Zone,71.61,129.07,4.402,507.6,63.52,28.03,5,38.4,76.4,4.5,500,Hazardous,NE,1003.38,4.37,Low,Normal,Active,90.5,0.85,519.29,Increasing
29-06-2024 16:00,NODE_01,Sensor_Node_1_Industry_Zone,71.68,124.71,4.434,502.2,62.72,18.42,12.81,38.3,63.4,2,500,Hazardous,E,1018.51,3.7,Low,Low,Active,89.2,0.83,520.3,Decreasing
29-06-2024 17:00,NODE_01,Sensor_Node_1_Industry_Zone,90.03,147.21,4.6,507.6,62.87,28.11,21.94,36.8,72.9,2.5,169,Unhealthy,SE,1003.71,1.2,High,High,Active,56.6,0.78,153.83,Stable
29-06-2024 18:00,NODE_01,Sensor_Node_1_Industry_Zone,103.62,148.46,5.844,540.9,62.84,27.41,18.22,31.4,72.1,4.1,176,Unhealthy,E,1006.48,8.27,Medium,Peak,Active,91.2,0.92,176.35,Decreasing
29-06-2024 19:00,NODE_01,Sensor_Node_1_Industry_Zone,89.77,150.24,4.204,507.7,54.03,22.92,11.96,31.6,82.1,3.2,169,Unhealthy,SE,1011.04,5.06,High,High,Active,99.4,0.88,179.11,Stable
29-06-2024 20:00,NODE_01,Sensor_Node_1_Industry_Zone,76.06,154.82,5.315,531.4,63.29,25.28,12.44,34.9,70.4,2.2,500,Hazardous,NW,1012.01,3.34,Medium,Low,Active,26.8,0.75,523.92,Stable
29-06-2024 21:00,NODE_01,Sensor_Node_1_Industry_Zone,85.39,152.85,5.041,546.9,57.87,21.06,15.87,31.5,76.6,2.1,166,Unhealthy,N,1002.98,2.69,Low,Normal,Active,31.1,0.79,171.67,Decreasing
29-06-2024 22:00,NODE_01,Sensor_Node_1_Industry_Zone,83.84,165.93,4.891,526.8,65.16,27.8,23.06,31.1,75.3,5.1,166,Unhealthy,SE,1006.57,2.42,High,High,Active,69.3,0.98,162.55,Decreasing
29-06-2024 23:00,NODE_01,Sensor_Node_1_Industry_Zone,53.69,99.31,3.652,498.5,51.7,24.79,21.19,28.2,75.7,2,146,Unhealthy for Sensitive Groups,E,1013.59,9.54,High,Normal,Active,75.6,0.93,140.56,Decreasing
30-06-2024 00:00,NODE_01,Sensor_Node_1_Industry_Zone,71.17,105.73,3.685,515.2,41.45,21.95,20.25,29.7,73.4,5.1,159,Unhealthy,W,1018.78,6.37,Low,Peak,Active,43.2,0.85,173.34,Increasing
30-06-2024 01:00,NODE_01,Sensor_Node_1_Industry_Zone,73.38,77.49,4.084,509.5,46.55,18.75,22.8,33.6,67.2,6,160,Unhealthy,N,1014.09,3.36,Medium,Peak,Active,45.3,0.94,155.13,Decreasing
30-06-2024 02:00,NODE_01,Sensor_Node_1_Industry_Zone,66.32,90.98,3.484,486.1,42.87,19.61,15.13,32.1,66.4,1.5,157,Unhealthy,SE,1011.85,3.35,High,Normal,Active,61.9,0.76,144.32,Increasing
30-06-2024 03:00,NODE_01,Sensor_Node_1_Industry_Zone,29.34,46.06,0.678,447.2,9.15,10.04,20.38,30.5,78,2.8,87,Moderate,W,1002.63,9.94,High,High,Active,38.8,0.97,92.08,Stable
30-06-2024 04:00,NODE_01,Sensor_Node_1_Industry_Zone,12.91,52.06,2.338,496.8,19.75,11.34,16.1,34.3,79.7,2.6,53,Moderate,NE,1008.3,6.8,Medium,Peak,Active,98.7,0.87,57.34,Stable
30-06-2024 05:00,NODE_01,Sensor_Node_1_Industry_Zone,21.15,36.81,1.694,427.4,26.26,3.97,19.75,31.6,78.1,0.3,70,Moderate,S,1015.13,2.47,High,High,Active,42.7,0.98,68.11,Increasing
30-06-2024 06:00,NODE_01,Sensor_Node_1_Industry_Zone,95.17,154.03,5.521,540.4,68.17,28.15,26.56,32.7,70.1,4.9,500,Hazardous,SE,1018.49,8.17,Medium,High,Active,86.3,0.71,451.59,Increasing
30-06-2024 07:00,NODE_01,Sensor_Node_1_Industry_Zone,97.16,186.17,5.671,518.7,85.36,32.38,24.65,31.7,71.6,2.8,173,Unhealthy,NE,1017.34,4.93,Low,Low,Active,33.7,0.73,181.53,Decreasing
30-06-2024 08:00,NODE_01,Sensor_Node_1_Industry_Zone,98.3,177.04,5.545,535.4,74.08,30.25,22.14,36.7,70.5,0.3,173,Unhealthy,E,1012.83,7.02,Low,High,Active,93.8,0.74,178.44,Increasing
30-06-2024 09:00,NODE_01,Sensor_Node_1_Industry_Zone,106.57,169.2,5.437,530.2,76.45,28.52,13.5,36.1,80.5,2.9,177,Unhealthy,SW,1019.23,6.29,High,Low,Active,61.1,0.93,165.55,Increasing
30-06-2024 10:00,NODE_01,Sensor_Node_1_Industry_Zone,113.91,174.61,6.201,542.8,71.77,23.79,17.03,36.3,62,3.1,181,Unhealthy,NE,1029.29,2.28,Low,High,Active,93.3,0.82,174.78,Decreasing
30-06-2024 11:00,NODE_01,Sensor_Node_1_Industry_Zone,96.11,175.94,5.592,519.8,79.72,39.89,14.76,34.3,70.2,2.2,172,Unhealthy,S,1008.44,2.11,Medium,Normal,Active,55.5,0.83,171.41,Decreasing
30-06-2024 12:00,NODE_01,Sensor_Node_1_Industry_Zone,101.51,179.22,5.787,526.8,83.55,31.15,8.57,34.9,73.6,0.6,175,Unhealthy,NE,1007.42,7.8,Low,Normal,Active,66.5,0.88,170.91,Decreasing
30-06-2024 13:00,NODE_01,Sensor_Node_1_Industry_Zone,105.03,165.49,5.286,533.2,61.6,29.82,14.45,38.8,66,1.2,177,Unhealthy,SW,1021.11,3.16,High,Normal,Active,75.2,0.96,175.01,Increasing
30-06-2024 14:00,NODE_01,Sensor_Node_1_Industry_Zone,106.46,191.79,6.353,549.5,76.52,28.84,19.7,40,68.9,2.4,177,Unhealthy,SE,1013.41,7.42,High,High,Active,88.5,0.87,191.72,Increasing
30-06-2024 15:00,NODE_01,Sensor_Node_1_Industry_Zone,95.42,150.29,4.791,539.4,61.04,22.74,17.33,34.5,61,3.9,172,Unhealthy,NE,1012.67,1.21,High,Low,Active,95.9,0.72,179.99,Stable
30-06-2024 16:00,NODE_01,Sensor_Node_1_Industry_Zone,82.98,114.22,4.48,493.8,69.39,23.87,12.97,36,65.2,1.9,500,Hazardous,SE,1014.35,9.78,Low,Low,Active,40.8,0.88,491.19,Decreasing
30-06-2024 17:00,NODE_01,Sensor_Node_1_Industry_Zone,91.95,108.18,4.644,505.7,51.15,30.96,21.74,35,78.6,1.7,170,Unhealthy,E,1008.07,5.5,Medium,Low,Active,82.2,0.93,172.25,Decreasing
30-06-2024 18:00,NODE_01,Sensor_Node_1_Industry_Zone,71.77,149.77,4.857,518.9,55.23,28.64,14.62,33.8,80.7,2.4,159,Unhealthy,S,1005.79,4.86,High,High,Active,82.9,0.97,173.76,Increasing
30-06-2024 19:00,NODE_01,Sensor_Node_1_Industry_Zone,74.79,152.24,4.787,513.5,57.59,28.15,14.15,33.4,69.2,2,161,Unhealthy,SW,1007.34,8.15,Low,Low,Active,55.2,0.72,176.56,Decreasing
30-06-2024 20:00,NODE_01,Sensor_Node_1_Industry_Zone,77.08,137.64,4.777,449.4,55.5,24.64,25.93,30.4,76,3.3,162,Unhealthy,NE,1019.48,4.69,Medium,Peak,Fault,60.7,0.91,164.03,Increasing
30-06-2024 21:00,NODE_01,Sensor_Node_1_Industry_Zone,92.04,127.09,4.407,501.3,56.03,37.1,22.62,32.8,79.2,3.2,500,Hazardous,NW,1003.38,7.18,Medium,Normal,Active,46.6,0.74,500.58,Increasing
30-06-2024 22:00,NODE_01,Sensor_Node_1_Industry_Zone,88.66,126.37,5.142,528.5,74.12,24.54,12.91,30,85.8,6,168,Unhealthy,NW,1014.99,1.22,High,High,Active,32.3,0.77,180.75,Decreasing
30-06-2024 23:00,NODE_01,Sensor_Node_1_Industry_Zone,45.43,74.78,3.539,482.6,45.92,23.44,18.04,27.3,90.1,2,125,Unhealthy for Sensitive Groups,S,1008.65,9.26,High,Peak,Active,81.4,0.88,118.16,Stable
01-07-2024 00:00,NODE_01,Sensor_Node_1_Industry_Zone,101.23,154.22,5.344,499.3,78.15,28.91,28.4,26.8,82.6,3,500,Hazardous,NE,1009.88,5.93,Medium,High,Active,26.5,0.76,508.61,Increasing
01-07-2024 01:00,NODE_01,Sensor_Node_1_Industry_Zone,85.68,150.18,5.707,506.7,75.05,26.12,18.38,30.1,77.5,2.3,167,Unhealthy,W,1016.46,7.56,Low,Low,Fault,78,0.76,170.25,Decreasing
01-07-2024 02:00,NODE_01,Sensor_Node_1_Industry_Zone,95.07,155.54,4.957,477.2,69.06,15.84,17.29,29.2,80.4,4.2,171,Unhealthy,S,1017.06,9.48,Low,High,Active,94.6,0.78,185.1,Decreasing
01-07-2024 03:00,NODE_01,Sensor_Node_1_Industry_Zone,32.06,80.42,2.691,437.5,33.2,11.66,24.02,31.8,72.7,2.8,93,Moderate,NE,1014.06,4.78,Medium,Peak,Active,74.3,0.72,96.71,Decreasing
01-07-2024 04:00,NODE_01,Sensor_Node_1_Industry_Zone,43.45,86.88,2.756,421.1,32.51,16,29.46,30.3,71.1,0.7,121,Unhealthy for Sensitive Groups,E,1000.76,1.94,Low,Normal,Active,63.7,0.72,118.17,Decreasing
01-07-2024 05:00,NODE_01,Sensor_Node_1_Industry_Zone,46.46,55.84,2.09,474.9,29.07,9.69,20.61,33.5,65.6,5.6,128,Unhealthy for Sensitive Groups,SW,1021.43,1.3,Medium,High,Maintenance,22.7,0.75,130.73,Stable
01-07-2024 06:00,NODE_01,Sensor_Node_1_Industry_Zone,152.02,270.67,9.61,553,112.6,55.11,14.5,32.1,71,3.1,203,Very Unhealthy,W,1019.86,5.26,Low,Low,Active,87,0.85,201.63,Stable
01-07-2024 07:00,NODE_01,Sensor_Node_1_Industry_Zone,165.51,288.92,8.244,517.9,106.29,51.89,16.83,37.3,71.9,1.1,216,Very Unhealthy,SW,1012.55,6.18,Medium,High,Active,82,0.95,214.61,Increasing
01-07-2024 08:00,NODE_01,Sensor_Node_1_Industry_Zone,150.77,266.03,9.019,510.9,136.57,52.48,17.05,36.9,73.3,4.3,201,Very Unhealthy,NW,1012.06,4.17,High,High,Active,73.5,0.98,210.39,Decreasing
01-07-2024 09:00,NODE_01,Sensor_Node_1_Industry_Zone,152.88,271.4,8.555,566.5,119.65,53.32,22.96,36.9,69.7,1.2,203,Very Unhealthy,E,1022.81,5.39,High,Normal,Active,96.6,0.89,204.33,Increasing
01-07-2024 10:00,NODE_01,Sensor_Node_1_Industry_Zone,160.48,255.85,8.987,543.3,110.91,59.67,8.96,35.5,74.7,3.7,211,Very Unhealthy,SE,1017.68,2.14,Low,High,Maintenance,68.4,0.8,225.22,Stable
01-07-2024 11:00,NODE_01,Sensor_Node_1_Industry_Zone,159.71,286.55,8.945,587.8,105.53,53.18,21.83,39.2,65,1.5,210,Very Unhealthy,NE,1011.82,2.46,Low,High,Maintenance,56.7,0.78,207.63,Stable
01-07-2024 12:00,NODE_01,Sensor_Node_1_Industry_Zone,151.68,272.22,9.368,551.8,124.88,46.32,14.86,36.6,63.7,3.3,202,Very Unhealthy,E,1010.25,9.13,High,Normal,Active,69.9,0.79,206.44,Decreasing
01-07-2024 13:00,NODE_01,Sensor_Node_1_Industry_Zone,162.12,268.71,8.99,542.9,113.14,50.17,21.64,38,61.4,2.2,213,Very Unhealthy,NW,1010.84,2.59,High,Normal,Active,36.3,0.84,204.4,Decreasing
01-07-2024 14:00,NODE_01,Sensor_Node_1_Industry_Zone,154.59,282.71,8.29,535.2,118.61,43.07,11.83,36.4,62,0.9,205,Very Unhealthy,E,1019.06,5.84,Medium,Peak,Active,24.9,0.87,212.12,Decreasing
01-07-2024 15:00,NODE_01,Sensor_Node_1_Industry_Zone,124.74,218.79,8.03,545.3,80.62,42.63,17.51,37.1,65.4,5.2,187,Unhealthy,W,1018.24,3.95,High,High,Active,81.7,0.86,176.54,Decreasing
01-07-2024 16:00,NODE_01,Sensor_Node_1_Industry_Zone,118.57,200.25,6.944,520,98.27,43.73,15.93,36.4,74.8,4.7,184,Unhealthy,W,1002.32,9.54,High,High,Active,48.8,0.73,189.07,Decreasing
01-07-2024 17:00,NODE_01,Sensor_Node_1_Industry_Zone,132.52,211.98,7.058,519.2,86.03,39.55,22.12,36,68.8,1.1,191,Unhealthy,S,1014.79,1.88,Low,Low,Active,34.8,0.81,176.05,Stable
01-07-2024 18:00,NODE_01,Sensor_Node_1_Industry_Zone,128.83,211.71,7.03,509.3,93.64,38.53,21.69,33.4,81.6,3,189,Unhealthy,NW,1017.18,3.07,Low,Peak,Active,22.9,0.83,203.96,Stable
01-07-2024 19:00,NODE_01,Sensor_Node_1_Industry_Zone,134.92,203.69,7.005,551.8,91.93,41.76,21.11,31.5,68.4,2.2,192,Unhealthy,E,1002.96,3.69,Low,Normal,Active,46.9,0.85,209.7,Stable
01-07-2024 20:00,NODE_01,Sensor_Node_1_Industry_Zone,100.4,220.42,8.195,518.5,84.17,37.75,16.11,30.5,80.2,3.7,174,Unhealthy,E,1011.98,4.25,Medium,Low,Active,63.1,0.75,176.59,Increasing
01-07-2024 21:00,NODE_01,Sensor_Node_1_Industry_Zone,129.68,234.18,8.119,567.4,87.77,51.62,16.63,30.3,78.2,4.1,189,Unhealthy,SE,1001.34,1.87,Medium,Normal,Active,57.9,0.94,193.97,Increasing
01-07-2024 22:00,NODE_01,Sensor_Node_1_Industry_Zone,112.64,209.46,7.811,514.8,95.07,42.22,24.25,28.1,80.7,5,181,Unhealthy,W,1012.78,2.39,Low,Normal,Active,25,0.93,191.17,Stable
01-07-2024 23:00,NODE_01,Sensor_Node_1_Industry_Zone,90.25,142.88,4.87,455.8,66.72,35.56,20.2,28.1,74.9,2.4,169,Unhealthy,W,999.5,8.79,High,Peak,Fault,91.1,0.91,158.41,Stable
02-07-2024 00:00,NODE_01,Sensor_Node_1_Industry_Zone,95.51,143.17,5.932,489.3,71.16,29.13,24.66,31.2,80,5.7,172,Unhealthy,N,1007.91,5.33,Low,High,Active,94.8,0.83,177.77,Increasing
02-07-2024 01:00,NODE_01,Sensor_Node_1_Industry_Zone,96.92,154.87,5.377,485.7,67.36,27.48,23.14,32.1,84.8,0.3,500,Hazardous,SW,1008.33,2.44,Low,High,Active,25.6,0.82,527.36,Stable
02-07-2024 02:00,NODE_01,Sensor_Node_1_Industry_Zone,330.57,713.14,16.754,501.4,64.22,74.2,22.37,28.3,80.8,1.8,500,Hazardous,S,1007.75,9.25,Low,Low,Active,69.1,0.96,476.7,Decreasing
02-07-2024 03:00,NODE_01,Sensor_Node_1_Industry_Zone,49.27,79.24,2.195,458.9,11.93,1.8,19.11,31.4,85.4,2.2,135,Unhealthy for Sensitive Groups,NW,1020.71,7.51,Low,Low,Active,96.1,0.74,128.98,Stable
02-07-2024 04:00,NODE_01,Sensor_Node_1_Industry_Zone,39.21,59.61,1.965,438.9,38.6,17.06,25.12,34.5,78.1,2.1,110,Unhealthy for Sensitive Groups,E,1015.21,3.29,Medium,Peak,Active,24.4,0.95,102.99,Increasing
02-07-2024 05:00,NODE_01,Sensor_Node_1_Industry_Zone,177.78,202.81,5.701,434.5,28.79,28.69,26.62,35.9,77.9,2.9,228,Very Unhealthy,N,1009.6,8.89,Low,Normal,Active,36.1,0.84,205.55,Stable
02-07-2024 06:00,NODE_01,Sensor_Node_1_Industry_Zone,148.96,288.92,8.57,554.2,113.69,48.56,21.15,33.4,69.6,3.3,199,Unhealthy,N,1006.4,7.64,Low,Normal,Active,68.8,0.94,218.81,Increasing
02-07-2024 07:00,NODE_01,Sensor_Node_1_Industry_Zone,163.06,256.83,8.705,542.4,119.85,46.45,19.62,35.2,60.2,2.2,213,Very Unhealthy,E,1010.57,9.95,Medium,High,Active,62.1,0.72,226.94,Decreasing
02-07-2024 08:00,NODE_01,Sensor_Node_1_Industry_Zone,153.42,292.45,9.079,525.9,119.14,48.99,17.62,36.9,76.3,3.4,204,Very Unhealthy,SE,1005.83,1.71,Medium,Peak,Active,40.2,0.83,185.4,Stable
02-07-2024 09:00,NODE_01,Sensor_Node_1_Industry_Zone,153.81,256.1,10.065,546.9,111.75,57.01,26.39,36.8,64.7,5.6,204,Very Unhealthy,SW,1017.84,6.58,Medium,Normal,Active,51.5,0.9,218.16,Increasing
02-07-2024 10:00,NODE_01,Sensor_Node_1_Industry_Zone,164.22,273.99,9.011,568,115.41,54.52,14.56,38.1,66.1,4.4,215,Very Unhealthy,NW,1023.98,3.34,Medium,Low,Active,90.6,0.99,195.82,Decreasing
02-07-2024 11:00,NODE_01,Sensor_Node_1_Industry_Zone,153.55,255.74,8.59,579.2,124.44,40.86,13.17,35.1,60.5,2.9,204,Very Unhealthy,W,1018.32,2.37,High,High,Active,38.9,0.78,217.69,Decreasing
02-07-2024 12:00,NODE_01,Sensor_Node_1_Industry_Zone,144.86,266.84,8.147,542.5,114.7,56.41,23.06,39.2,64,2.5,197,Unhealthy,W,1013.99,3.61,High,High,Active,37.4,0.8,184.47,Stable
02-07-2024 13:00,NODE_01,Sensor_Node_1_Industry_Zone,169.88,264.83,10.087,537.4,116.32,44.63,20.73,39.3,70.9,1.7,220,Very Unhealthy,SW,1011.01,7.54,Medium,Low,Active,82.6,0.93,223.98,Stable
02-07-2024 14:00,NODE_01,Sensor_Node_1_Industry_Zone,143.66,267.17,8.42,519.8,114.63,48.44,13.31,38.2,67.3,6.8,197,Unhealthy,SW,1009.57,6.66,Medium,Peak,Active,49.3,0.78,187.13,Stable
02-07-2024 15:00,NODE_01,Sensor_Node_1_Industry_Zone,120.89,215.36,6.672,517.7,95.13,34.31,23.38,35.5,68.3,3.7,185,Unhealthy,W,1022.47,3.82,Low,Low,Maintenance,81.6,0.93,191.98,Increasing
02-07-2024 16:00,NODE_01,Sensor_Node_1_Industry_Zone,123.47,207.73,7.642,527.9,89.75,37.14,8.04,36.2,68.5,4.4,186,Unhealthy,NW,1008.54,1.94,Low,Peak,Active,23.4,0.95,167.93,Decreasing
02-07-2024 17:00,NODE_01,Sensor_Node_1_Industry_Zone,132.29,203.04,7.737,506.3,99.52,34.48,19.58,32.1,68.8,1.9,191,Unhealthy,NE,1021.37,2.11,Low,High,Active,69.1,0.85,183.09,Increasing
02-07-2024 18:00,NODE_01,Sensor_Node_1_Industry_Zone,126.72,205.51,6.643,531,93.36,38.36,18.61,38,78.9,3.7,188,Unhealthy,W,1005.21,6.49,Low,Normal,Active,97.8,0.89,195.54,Decreasing
02-07-2024 19:00,NODE_01,Sensor_Node_1_Industry_Zone,132.5,179.25,6.829,507.1,80.96,35.69,8.5,32.9,78.5,3.5,191,Unhealthy,SW,1010.22,5.28,Low,High,Active,34.6,0.91,181.9,Stable
02-07-2024 20:00,NODE_01,Sensor_Node_1_Industry_Zone,115.49,185.75,6.29,493,87.86,39.68,13.33,32.5,73.6,2.2,182,Unhealthy,SE,1001.72,4.34,Medium,Normal,Active,45.6,0.84,189.28,Increasing
02-07-2024 21:00,NODE_01,Sensor_Node_1_Industry_Zone,123.28,218.66,7.161,509.8,100.28,43.84,13.67,30.9,77.9,5.4,186,Unhealthy,E,1012.96,1.87,Medium,Normal,Active,39.7,0.92,173.04,Decreasing
02-07-2024 22:00,NODE_01,Sensor_Node_1_Industry_Zone,125.45,238.46,6.403,513.6,87.72,42.74,10.31,31.1,73.4,2.6,187,Unhealthy,NW,1004.42,5.44,High,Peak,Active,54.6,0.71,175.32,Stable
02-07-2024 23:00,NODE_01,Sensor_Node_1_Industry_Zone,86.53,174.78,5.363,501.9,82.21,31.3,18.01,30.8,74.5,1.9,167,Unhealthy,S,1021.99,3.38,High,Normal,Maintenance,73.8,0.87,170.41,Decreasing
03-07-2024 00:00,NODE_01,Sensor_Node_1_Industry_Zone,99.81,154.2,5.467,472,73.61,27.19,20.09,31.3,82.7,3,500,Hazardous,NE,1014.47,8.86,Medium,High,Active,83.6,0.98,477.75,Increasing
03-07-2024 01:00,NODE_01,Sensor_Node_1_Industry_Zone,92.22,184.04,5.737,477,69.76,28.07,27.12,30.5,73.1,5.1,170,Unhealthy,NE,1015.22,7.25,High,High,Active,92.8,0.87,178.04,Decreasing
03-07-2024 02:00,NODE_01,Sensor_Node_1_Industry_Zone,88.63,175.3,6.176,518.1,75.86,29.23,5,31,77.2,1.6,168,Unhealthy,E,1013.7,4.76,Low,Peak,Active,88.5,0.89,154.31,Stable
03-07-2024 03:00,NODE_01,Sensor_Node_1_Industry_Zone,39.62,74.3,2.556,458.8,36.03,15.02,22.95,31.1,76.8,1.3,111,Unhealthy for Sensitive Groups,E,1005.44,9.28,Low,Low,Active,53.7,0.87,115.33,Increasing
03-07-2024 04:00,NODE_01,Sensor_Node_1_Industry_Zone,39.36,80.48,2.562,483.9,44.85,12.92,5.82,33.9,71.8,1.5,111,Unhealthy for Sensitive Groups,S,1012.74,6.03,Medium,Normal,Active,84.1,0.86,103.79,Increasing
03-07-2024 05:00,NODE_01,Sensor_Node_1_Industry_Zone,32.09,75.07,1.46,427.1,31.8,15.09,28.21,31.8,67.7,5.8,93,Moderate,W,1023.02,8.46,High,Low,Active,50.1,0.73,84.69,Stable
03-07-2024 06:00,NODE_01,Sensor_Node_1_Industry_Zone,149.95,269.36,9.703,504.1,116.05,45.07,7.74,35.5,75.3,2.2,200,Unhealthy,SW,1012.05,6.34,High,Low,Active,80,0.99,198.22,Increasing
03-07-2024 07:00,NODE_01,Sensor_Node_1_Industry_Zone,157.6,259.94,10.053,536.6,122.75,50.43,6.76,32,67,3.8,208,Very Unhealthy,SE,1005.9,9.49,Medium,Normal,Fault,70.7,0.85,225.26,Increasing
03-07-2024 08:00,NODE_01,Sensor_Node_1_Industry_Zone,161.31,252.18,9.768,523.6,119.09,50.36,15.13,38,64.8,0.5,212,Very Unhealthy,W,1000.89,1.8,Medium,Normal,Active,77.8,0.83,205.17,Increasing
03-07-2024 09:00,NODE_01,Sensor_Node_1_Industry_Zone,143.2,313.28,9.298,533.6,110.21,42.88,10.87,37,76.3,3.2,196,Unhealthy,S,1007.72,8,High,Normal,Active,27.7,0.83,202.06,Increasing
03-07-2024 10:00,NODE_01,Sensor_Node_1_Industry_Zone,151.41,269.76,8.701,571.9,116.28,50.05,5,37.2,71.8,4.2,202,Very Unhealthy,NW,1001.43,1.37,Low,Peak,Active,27.9,0.86,211.78,Increasing
03-07-2024 11:00,NODE_01,Sensor_Node_1_Industry_Zone,374.48,631.6,19.543,531.4,114.88,70.91,17.89,41.6,70.9,2.1,500,Hazardous,SW,1016.98,1.97,Medium,Peak,Active,37.3,0.73,523.22,Decreasing
03-07-2024 12:00,NODE_01,Sensor_Node_1_Industry_Zone,162.22,257.17,8.2,501.2,130.49,50.85,12.96,37.5,54.5,2.7,213,Very Unhealthy,E,1016.69,8.27,Medium,Normal,Maintenance,44.9,0.71,212.48,Stable
03-07-2024 13:00,NODE_01,Sensor_Node_1_Industry_Zone,158.96,299.37,8.902,571,119.75,51.62,25.22,39,68.5,2.6,209,Very Unhealthy,S,1006.75,7.54,High,Normal,Active,98,0.89,227.08,Stable
03-07-2024 14:00,NODE_01,Sensor_Node_1_Industry_Zone,157.67,286.55,9.024,530.4,104.73,47.27,16.65,36.2,61,3.4,208,Very Unhealthy,W,1015.68,6.35,High,Low,Active,68.6,0.76,207.42,Increasing
03-07-2024 15:00,NODE_01,Sensor_Node_1_Industry_Zone,122.79,216.8,7.262,525.7,93.31,38.68,22.09,36.5,60.6,2.5,186,Unhealthy,SW,1008.54,9.25,Low,Normal,Active,83.4,0.91,203.84,Decreasing
03-07-2024 16:00,NODE_01,Sensor_Node_1_Industry_Zone,135.35,219.89,6.683,516.2,91.08,43.55,22.34,36.7,73.5,3.3,192,Unhealthy,E,1011.73,4.56,Low,High,Active,42.7,0.71,178.69,Stable
03-07-2024 17:00,NODE_01,Sensor_Node_1_Industry_Zone,122.28,206.12,7.573,528.8,92.26,38.97,24.47,35,72,3.1,185,Unhealthy,NE,1014.23,1.05,High,Peak,Active,26.1,0.95,196.96,Increasing
03-07-2024 18:00,NODE_01,Sensor_Node_1_Industry_Zone,118.99,209.71,7.205,517.5,96.71,38.36,12.07,36.6,75.7,3.8,184,Unhealthy,S,1009.34,1.64,Medium,High,Active,23.8,0.91,186.44,Increasing
03-07-2024 19:00,NODE_01,Sensor_Node_1_Industry_Zone,119.85,201.77,7.274,490.8,93.25,42.79,12.83,32.7,78.4,1.7,184,Unhealthy,N,1014.51,7.52,Low,High,Active,65.2,0.7,189.83,Decreasing
03-07-2024 20:00,NODE_01,Sensor_Node_1_Industry_Zone,126.19,220.62,7.222,535.4,89.95,41.97,12.57,29.6,79.7,5,187,Unhealthy,NE,1001.89,3.33,Medium,Peak,Active,70.8,0.84,174.86,Increasing
03-07-2024 21:00,NODE_01,Sensor_Node_1_Industry_Zone,123.36,206.31,6.635,530.7,83.52,44.29,20.65,29,77,3,186,Unhealthy,N,1012.7,6.27,High,Normal,Active,94,0.97,182.08,Decreasing
03-07-2024 22:00,NODE_01,Sensor_Node_1_Industry_Zone,116.58,222.83,6.46,491.1,93.61,42.53,22.46,31.8,80.2,5.2,183,Unhealthy,E,1011.79,4.96,Low,High,Active,32.1,0.99,179.69,Decreasing
03-07-2024 23:00,NODE_01,Sensor_Node_1_Industry_Zone,79.49,165.81,5.467,496.5,72.75,22.38,26.57,30,82,3.1,163,Unhealthy,N,999.72,3.09,Medium,Normal,Active,33.5,0.83,159.73,Decreasing
04-07-2024 00:00,NODE_01,Sensor_Node_1_Industry_Zone,83.15,195.18,6.436,466.8,76.28,26.17,17.6,29.1,80.7,3.4,165,Unhealthy,SE,1001.14,7.69,Low,Normal,Active,98.2,0.98,171.82,Increasing
04-07-2024 01:00,NODE_01,Sensor_Node_1_Industry_Zone,95,156.74,4.466,482.8,82.18,28.64,11.62,31.4,72.2,0.9,500,Hazardous,SW,1000.84,1.27,High,Low,Active,43.3,0.79,458.09,Increasing
04-07-2024 02:00,NODE_01,Sensor_Node_1_Industry_Zone,94.12,157.19,6.257,487.5,62.55,28.36,14.66,30.2,87.8,3.1,171,Unhealthy,E,1014.49,7.18,Medium,Low,Maintenance,52,0.95,175.51,Increasing
04-07-2024 03:00,NODE_01,Sensor_Node_1_Industry_Zone,48.49,68.5,1.741,451.4,28.49,15.71,19.39,31.3,66.8,5.2,133,Unhealthy for Sensitive Groups,N,1012.74,7.74,Medium,Peak,Active,69.2,0.74,133.75,Decreasing
04-07-2024 04:00,NODE_01,Sensor_Node_1_Industry_Zone,25.53,47.74,1.592,443.3,19.62,18.11,27.18,32.9,65.5,1.7,79,Moderate,E,1013.64,1.75,Low,High,Active,73.5,0.97,74.43,Decreasing
04-07-2024 05:00,NODE_01,Sensor_Node_1_Industry_Zone,48.85,44.92,2.202,438.1,26.43,9.78,28.61,29.1,82.1,3.3,134,Unhealthy for Sensitive Groups,SE,1004.04,3.52,Medium,Peak,Active,87.9,0.93,125.21,Stable
04-07-2024 06:00,NODE_01,Sensor_Node_1_Industry_Zone,152.85,281.16,8.939,536,125.57,58.77,11.14,34.6,65.5,4.1,203,Very Unhealthy,N,1018.83,9.32,Medium,High,Active,57.5,0.89,187.27,Stable
04-07-2024 07:00,NODE_01,Sensor_Node_1_Industry_Zone,158.01,264.6,8.983,570.4,112.47,53.14,12.83,36.8,81.2,2.3,208,Very Unhealthy,N,1017.9,5.17,Medium,Low,Fault,21.8,0.93,197.08,Increasing
04-07-2024 08:00,NODE_01,Sensor_Node_1_Industry_Zone,148.49,300.06,8.664,572.9,113.36,47.88,19.9,37,74.1,3.9,199,Unhealthy,NE,1007.4,6.25,High,Normal,Active,44.9,0.71,187.56,Stable
04-07-2024 09:00,NODE_01,Sensor_Node_1_Industry_Zone,154.04,282.09,8.648,559.6,113.95,49.77,15.11,35.3,57.3,2.3,205,Very Unhealthy,N,1019.06,7.96,Low,Normal,Active,57,0.84,195.77,Stable
04-07-2024 10:00,NODE_01,Sensor_Node_1_Industry_Zone,151.84,255.77,8.832,531.9,126.55,48.04,24.57,39.2,64,4.7,202,Very Unhealthy,SW,1010.49,8.7,High,Low,Active,55.8,0.88,183.31,Decreasing
04-07-2024 11:00,NODE_01,Sensor_Node_1_Industry_Zone,680.95,1214.23,31.502,523.8,122.09,129.06,5,38.4,61.8,2.9,500,Hazardous,N,1001.34,1.93,Medium,High,Active,89.6,1,514.76,Increasing
04-07-2024 12:00,NODE_01,Sensor_Node_1_Industry_Zone,154.65,282.5,8.742,535.4,108.3,47.43,18.63,38,71.7,3.6,205,Very Unhealthy,E,1002.2,5.79,High,Peak,Active,48.1,0.79,225.43,Increasing
04-07-2024 13:00,NODE_01,Sensor_Node_1_Industry_Zone,155.45,264.69,9.542,533.8,122.57,54.11,17.04,34.3,66.3,3.5,206,Very Unhealthy,NW,1016.4,2.86,Low,Low,Active,56.4,0.75,205.87,Stable
04-07-2024 14:00,NODE_01,Sensor_Node_1_Industry_Zone,157.57,241.89,8.6,548.4,120.47,55.26,15.28,38.1,66.9,1,208,Very Unhealthy,SE,1011.38,7.24,Medium,High,Active,70.3,0.71,204.96,Decreasing
04-07-2024 15:00,NODE_01,Sensor_Node_1_Industry_Zone,115.3,181.22,7.384,518.9,89.75,33.84,21.55,36.4,71.1,2.7,182,Unhealthy,S,1017.29,9.5,High,Peak,Active,37.6,0.8,174.25,Increasing
04-07-2024 16:00,NODE_01,Sensor_Node_1_Industry_Zone,117.6,209.87,7.895,486.3,107.63,40.86,17.92,35.7,66.4,3.4,183,Unhealthy,W,1011.47,1.42,Medium,Peak,Active,73.3,0.92,180.05,Stable
04-07-2024 17:00,NODE_01,Sensor_Node_1_Industry_Zone,131.58,207.42,6.787,562.3,97.01,42.77,24.09,32.9,81,2.8,190,Unhealthy,SW,1013.61,6.81,Medium,Normal,Maintenance,60,0.85,188.22,Increasing
04-07-2024 18:00,NODE_01,Sensor_Node_1_Industry_Zone,478.15,883.84,23.289,512.8,94,87.39,10.91,35.1,76.2,2.2,500,Hazardous,SE,1024.74,6.78,Medium,Low,Active,53.7,0.88,466.73,Decreasing
04-07-2024 19:00,NODE_01,Sensor_Node_1_Industry_Zone,135.88,220.45,6.935,546.5,81.73,35.4,15.69,32.4,82.3,1.6,193,Unhealthy,SE,1020.38,4.73,Low,Peak,Active,52.1,0.92,208.46,Stable
04-07-2024 20:00,NODE_01,Sensor_Node_1_Industry_Zone,123.59,210.1,6.533,535.4,86.12,35.22,16.4,32.2,70.7,1,186,Unhealthy,N,1009.4,6.64,Low,Normal,Active,82.9,0.74,178.94,Decreasing
04-07-2024 21:00,NODE_01,Sensor_Node_1_Industry_Zone,128.86,208.84,7.694,524.9,106.62,38.55,22.62,28.5,93.6,2.3,189,Unhealthy,W,1014.25,4.51,High,Normal,Active,44.9,0.79,171.58,Increasing
04-07-2024 22:00,NODE_01,Sensor_Node_1_Industry_Zone,121.13,209.34,8.088,532,90.98,35.36,24.38,31.8,81.4,4,185,Unhealthy,S,1014.97,9.88,Medium,Low,Active,31.9,0.88,169.58,Increasing
04-07-2024 23:00,NODE_01,Sensor_Node_1_Industry_Zone,91.73,184.5,5.696,508.1,72.21,24.76,15.9,31.9,85.4,3.4,170,Unhealthy,W,1016.57,5.32,Low,Normal,Active,50.8,0.91,170.29,Increasing
05-07-2024 00:00,NODE_01,Sensor_Node_1_Industry_Zone,101.13,158.79,5.687,486.9,63.16,33.7,27.18,33.7,79.6,2.2,175,Unhealthy,S,1012.43,8.42,High,Peak,Active,42.9,0.92,173.59,Stable
05-07-2024 01:00,NODE_01,Sensor_Node_1_Industry_Zone,84.02,161.68,5.611,497.1,76,31.03,9.67,30.5,78.3,1.9,166,Unhealthy,SE,1009.04,9.37,High,Peak,Active,21.7,0.71,172.01,Decreasing
05-07-2024 02:00,NODE_01,Sensor_Node_1_Industry_Zone,94.19,167.39,5.296,502.8,71.05,30.87,6.19,28.8,70.3,2.8,171,Unhealthy,W,1011.98,7.67,Low,Peak,Fault,42.9,0.85,167.06,Increasing
05-07-2024 03:00,NODE_01,Sensor_Node_1_Industry_Zone,40.23,78.38,2.564,449,33.42,13.58,24.29,31.8,84.9,3.8,113,Unhealthy for Sensitive Groups,E,1009.12,7.08,Medium,Low,Active,64.6,0.97,117.27,Stable
05-07-2024 04:00,NODE_01,Sensor_Node_1_Industry_Zone,31.48,86.32,1.536,415.8,32,9.08,30.45,29.5,80.8,1.1,92,Moderate,S,1022.1,7.33,High,Peak,Active,78,0.9,99.46,Increasing
05-07-2024 05:00,NODE_01,Sensor_Node_1_Industry_Zone,45.07,68.15,1.19,415.5,31.08,11.67,28.64,32.9,72.6,3,125,Unhealthy for Sensitive Groups,S,1019.44,2.16,High,Low,Active,66,0.98,125.82,Stable
05-07-2024 06:00,NODE_01,Sensor_Node_1_Industry_Zone,148.81,260.43,8.425,513.3,127.9,53.58,20.06,33.7,61.6,3.6,199,Unhealthy,W,1010.78,3.45,High,Normal,Active,80.8,0.95,179.39,Stable
05-07-2024 07:00,NODE_01,Sensor_Node_1_Industry_Zone,170.82,260.97,7.938,561.5,110.2,52.59,19.85,35.5,73.3,2.3,221,Very Unhealthy,SW,1014.57,5.12,High,Normal,Active,27.8,0.96,204.71,Decreasing
05-07-2024 08:00,NODE_01,Sensor_Node_1_Industry_Zone,155.32,262.85,8.04,546.2,126.36,55.91,25.29,33.3,78.8,2.7,206,Very Unhealthy,SE,1011.01,4.82,Low,Normal,Active,82.3,0.7,194.87,Stable
05-07-2024 09:00,NODE_01,Sensor_Node_1_Industry_Zone,155.48,258.57,8.352,555,121.2,45.93,5.18,37.5,70.9,2,206,Very Unhealthy,SW,1019.16,2.46,High,High,Maintenance,89,0.8,190.96,Increasing
05-07-2024 10:00,NODE_01,Sensor_Node_1_Industry_Zone,592.24,1085.91,25.922,525.2,119.69,118.13,14.18,40.5,72.2,4.9,500,Hazardous,SW,1018.29,3.91,Medium,High,Active,57.3,0.77,542.61,Stable
05-07-2024 11:00,NODE_01,Sensor_Node_1_Industry_Zone,150.95,249.78,8.052,531.7,123.88,55.42,21.94,36.6,59.3,4.7,201,Very Unhealthy,NE,1015.41,7.43,Medium,Normal,Active,52.3,0.79,196.91,Decreasing
05-07-2024 12:00,NODE_01,Sensor_Node_1_Industry_Zone,157.2,237.8,8.527,540.5,121.01,53.47,16.72,38.5,66.5,3.4,208,Very Unhealthy,S,1017.23,1.49,High,Low,Active,46.3,0.99,223.58,Decreasing
05-07-2024 13:00,NODE_01,Sensor_Node_1_Industry_Zone,159.48,262.24,9.001,549.7,119.47,51.92,22.71,38.3,62.3,2,210,Very Unhealthy,W,1015.96,6.7,Medium,Peak,Active,52.8,0.9,216.9,Stable
05-07-2024 14:00,NODE_01,Sensor_Node_1_Industry_Zone,145.35,270.7,9.218,518.6,114.92,47.98,13.57,38.9,71,1.8,197,Unhealthy,SW,1019.04,4.29,High,Low,Active,96.9,0.91,181.1,Decreasing
05-07-2024 15:00,NODE_01,Sensor_Node_1_Industry_Zone,123.05,232.68,7.464,503.1,99.12,40.04,16.96,37.5,63.3,3.6,186,Unhealthy,SW,1015.19,9.42,Medium,Peak,Active,78.9,0.9,188.59,Increasing
05-07-2024 16:00,NODE_01,Sensor_Node_1_Industry_Zone,119.2,222.17,8.103,502.2,82.42,32.31,17.65,35,70.2,2.6,184,Unhealthy,SE,1012.91,3.61,Medium,High,Active,23.9,0.76,201.91,Increasing
05-07-2024 17:00,NODE_01,Sensor_Node_1_Industry_Zone,124.26,216.94,7.236,508.1,82.48,42.21,24.76,35.5,65.4,1.6,187,Unhealthy,NW,1008.54,9.72,Medium,Normal,Active,83.8,0.83,191.77,Stable
05-07-2024 18:00,NODE_01,Sensor_Node_1_Industry_Zone,131.66,213.95,6.284,510.4,97.32,38.99,17.02,32.2,75.4,2.8,190,Unhealthy,NE,1002.57,8.67,Low,Normal,Active,32.7,0.86,205.68,Increasing
05-07-2024 19:00,NODE_01,Sensor_Node_1_Industry_Zone,118.01,226.54,6.975,547.1,97.08,41.68,17.76,32.9,72,5.3,183,Unhealthy,SE,1011.83,2.9,Low,Normal,Active,60.6,0.81,195.86,Decreasing
05-07-2024 20:00,NODE_01,Sensor_Node_1_Industry_Zone,115.71,197.74,6.606,552.6,97.79,41.54,13.11,32.9,74.3,1.4,182,Unhealthy,SW,1007.55,9.07,Medium,Low,Active,33.6,0.95,197.44,Increasing
05-07-2024 21:00,NODE_01,Sensor_Node_1_Industry_Zone,124.91,199.13,7.248,508.2,88.72,43.26,10.71,32,80.3,1.9,187,Unhealthy,SE,1012.36,3.8,High,Normal,Active,23.7,0.97,200.68,Increasing
05-07-2024 22:00,NODE_01,Sensor_Node_1_Industry_Zone,414.77,740.44,19.381,523.6,106.42,78.48,9.82,31.8,87.3,0.7,500,Hazardous,E,1018.84,4.98,Medium,High,Active,56.8,0.98,493.09,Stable
05-07-2024 23:00,NODE_01,Sensor_Node_1_Industry_Zone,95.54,164.89,4.952,484.6,60.62,31.13,13.89,30.8,73.3,0.9,172,Unhealthy,N,1013.04,4.9,Medium,Normal,Active,87.6,0.92,187.34,Stable
06-07-2024 00:00,NODE_01,Sensor_Node_1_Industry_Zone,34.93,114.85,3.741,515,31.23,17.04,21.46,30.9,69.2,0.8,99,Moderate,W,1009.51,2.47,Medium,Normal,Active,37.7,0.96,99.84,Decreasing
06-07-2024 01:00,NODE_01,Sensor_Node_1_Industry_Zone,63.51,95.74,2.567,477.1,49.46,12.4,23.99,30.6,76.3,2.5,155,Unhealthy,NE,1006.88,5.6,Low,High,Active,24.3,0.87,146.37,Stable
06-07-2024 02:00,NODE_01,Sensor_Node_1_Industry_Zone,56.87,87.99,3.328,506.9,43.95,18.45,19.3,32.1,85,1.3,152,Unhealthy,SW,1003.42,1.47,High,Low,Active,90.4,0.77,156.7,Decreasing
06-07-2024 03:00,NODE_01,Sensor_Node_1_Industry_Zone,28.4,45.14,1.571,472.2,22.44,14.28,22.9,29.2,72.2,4,85,Moderate,SW,1020,9.72,Medium,High,Active,35,0.77,77.57,Decreasing
06-07-2024 04:00,NODE_01,Sensor_Node_1_Industry_Zone,30.92,34.3,1.86,444.2,30.55,6.86,17.31,31.7,73,4.2,91,Moderate,SW,1001.34,4.79,Low,Low,Active,96.7,0.97,83,Decreasing
06-07-2024 05:00,NODE_01,Sensor_Node_1_Industry_Zone,14.28,27.51,1.942,435.6,18.94,7.67,24.88,33.7,67.4,3.4,56,Moderate,W,1006.39,8.5,High,Low,Active,37,1,54.39,Stable
06-07-2024 06:00,NODE_01,Sensor_Node_1_Industry_Zone,106.78,161.98,5.267,562.3,68.34,33.36,21.09,33.8,79,3.3,177,Unhealthy,N,998.12,3.77,Low,High,Active,36.7,0.88,183.91,Stable
06-07-2024 07:00,NODE_01,Sensor_Node_1_Industry_Zone,97.93,175.68,7.168,524,74.68,29.84,15.29,34.8,65.2,2.1,173,Unhealthy,NE,1010.1,3.58,Low,Peak,Active,51.1,0.91,161.46,Increasing
06-07-2024 08:00,NODE_01,Sensor_Node_1_Industry_Zone,110.86,163.82,6.755,546,85.34,33.22,12.1,35.6,60.7,3.5,180,Unhealthy,W,1009.95,6.44,Medium,Peak,Active,86.3,0.74,187.31,Stable
06-07-2024 09:00,NODE_01,Sensor_Node_1_Industry_Zone,99.21,191.52,5.749,506.9,101.25,30,20.84,34.6,69.2,2.7,174,Unhealthy,NW,1009.57,7.95,High,High,Active,68.9,0.73,183.97,Decreasing
06-07-2024 10:00,NODE_01,Sensor_Node_1_Industry_Zone,97.84,172.2,5.715,545.4,74.55,33.04,16.85,37.4,65.8,2.1,173,Unhealthy,SW,1011.62,3.96,Medium,High,Active,32.6,0.84,160.01,Increasing
06-07-2024 11:00,NODE_01,Sensor_Node_1_Industry_Zone,92.95,167.81,6.08,544.8,71.55,37.76,10.05,36.3,70.2,4.9,170,Unhealthy,NW,1007.07,7.63,Medium,Peak,Active,66.6,0.82,176.2,Increasing
06-07-2024 12:00,NODE_01,Sensor_Node_1_Industry_Zone,114.11,164.82,6.03,519.5,69.94,37.29,17.83,39.7,72.5,3.2,181,Unhealthy,NE,1006.52,1.95,Medium,Peak,Active,45.7,0.9,184.18,Decreasing
06-07-2024 13:00,NODE_01,Sensor_Node_1_Industry_Zone,83.38,149.14,5.297,566.7,72.65,35.6,15.86,36.8,56.2,4.4,165,Unhealthy,SW,1022.91,1.66,Low,Peak,Active,84.6,0.99,158.79,Stable
06-07-2024 14:00,NODE_01,Sensor_Node_1_Industry_Zone,94.89,173.86,5.064,528.9,78.83,35.73,18.78,34.4,64.1,2.2,171,Unhealthy,W,1010,1.81,Medium,High,Active,24.9,0.79,173.92,Stable
06-07-2024 15:00,NODE_01,Sensor_Node_1_Industry_Zone,72.34,153.25,4.807,541.3,56.26,20.54,25.68,37.5,63.3,4.9,160,Unhealthy,S,1017.45,3.54,Medium,Low,Active,91.1,0.8,150.63,Increasing
06-07-2024 16:00,NODE_01,Sensor_Node_1_Industry_Zone,81.03,128.11,4.439,521,62.54,31.06,17.02,34.6,84.5,3.9,500,Hazardous,E,1006.98,5.69,High,Normal,Active,64.1,0.92,541.24,Stable
06-07-2024 17:00,NODE_01,Sensor_Node_1_Industry_Zone,81.48,140.93,4.545,465.3,53.71,27.52,5,35.1,74.4,6.1,164,Unhealthy,E,1021.68,3.7,Medium,Normal,Active,75.5,0.92,179.64,Decreasing
06-07-2024 18:00,NODE_01,Sensor_Node_1_Industry_Zone,86.75,146.69,5.138,544.7,68.82,27,17.73,34.2,70.3,1.9,167,Unhealthy,SE,1021.09,3.7,High,High,Active,40.1,0.82,178.51,Stable
06-07-2024 19:00,NODE_01,Sensor_Node_1_Industry_Zone,89.02,156.86,4.513,498.8,61.08,22.91,23.08,31.7,72.9,2,168,Unhealthy,W,1013.39,5.53,Low,Low,Active,43.9,0.74,160.79,Increasing
06-07-2024 20:00,NODE_01,Sensor_Node_1_Industry_Zone,83.37,124.69,4.781,526,60.86,26.34,20.62,31.6,80.3,3.7,165,Unhealthy,W,1005.4,1.38,Medium,High,Active,34.9,0.99,177.96,Decreasing
06-07-2024 21:00,NODE_01,Sensor_Node_1_Industry_Zone,91.05,134.07,5.656,510.6,66.1,29.02,16.46,31.3,84.9,1.3,169,Unhealthy,W,1012.52,8.49,Low,Peak,Active,27.1,0.92,155.04,Decreasing
06-07-2024 22:00,NODE_01,Sensor_Node_1_Industry_Zone,288.48,652.53,14.393,537.4,56.94,75.44,22.43,30.2,72.8,6.5,500,Hazardous,N,1012.28,6.12,High,Peak,Active,52.4,0.82,473,Increasing
06-07-2024 23:00,NODE_01,Sensor_Node_1_Industry_Zone,54.84,101.34,3.461,459.8,48.61,19.3,28.85,28.7,66.9,5.7,149,Unhealthy for Sensitive Groups,NW,1013.44,2.06,Low,Low,Active,93.1,0.8,150.62,Stable
07-07-2024 00:00,NODE_01,Sensor_Node_1_Industry_Zone,65,108.59,2.99,463.1,56.63,25.31,8.36,29.3,88,2,156,Unhealthy,SW,1006.13,9.8,Low,High,Active,20.1,0.95,156.79,Increasing
07-07-2024 01:00,NODE_01,Sensor_Node_1_Industry_Zone,56.25,88.05,2.642,509.5,32.96,20.65,25.23,28,72.2,4.9,151,Unhealthy,SW,1002.86,3.59,Medium,Low,Active,20.8,0.85,138.76,Increasing
07-07-2024 02:00,NODE_01,Sensor_Node_1_Industry_Zone,69.77,111.2,3.186,512.2,54.31,20.73,16.3,29.9,78.9,0.7,158,Unhealthy,NW,1012.97,3.09,Low,Normal,Active,58.3,0.83,163.91,Stable
07-07-2024 03:00,NODE_01,Sensor_Node_1_Industry_Zone,23.52,56.37,0.691,419.6,20.38,6.22,21.86,28.5,76.4,6,75,Moderate,SE,1011.94,8.81,Medium,High,Active,68.7,0.9,68.98,Decreasing
07-07-2024 04:00,NODE_01,Sensor_Node_1_Industry_Zone,25.58,41.37,2.045,422.9,22.86,1.51,20.81,30.2,79.7,5.3,79,Moderate,E,1012.01,7.74,High,Low,Active,75.4,0.98,72.1,Increasing
07-07-2024 05:00,NODE_01,Sensor_Node_1_Industry_Zone,24.5,43.04,0.903,441.1,13.77,9.72,20.04,35,63.5,4.9,77,Moderate,SE,1018.16,5.44,High,Peak,Active,69.7,0.87,83.93,Decreasing
07-07-2024 06:00,NODE_01,Sensor_Node_1_Industry_Zone,93.65,196.38,5.606,517.3,77.97,30.86,11.82,32.4,88.6,3.2,171,Unhealthy,E,1003.15,8.9,Low,High,Active,73,0.95,186.24,Decreasing
07-07-2024 07:00,NODE_01,Sensor_Node_1_Industry_Zone,98.09,181.45,5.441,524.2,81.15,31.77,6.37,37.7,67.8,3.5,173,Unhealthy,E,1018.06,5.17,High,Low,Active,55.8,0.92,185.49,Decreasing
07-07-2024 08:00,NODE_01,Sensor_Node_1_Industry_Zone,92.09,187.36,5.498,507.4,73.47,34.35,13.69,35.5,75.9,4,170,Unhealthy,NE,1007.54,1.24,High,Peak,Active,52.2,0.89,165.4,Decreasing
07-07-2024 09:00,NODE_01,Sensor_Node_1_Industry_Zone,100.95,175.67,4.563,548.7,79.18,32.84,20.46,35.8,69.8,3.2,174,Unhealthy,SE,1009.63,7.5,Medium,Normal,Active,66.9,0.97,168.1,Decreasing
07-07-2024 10:00,NODE_01,Sensor_Node_1_Industry_Zone,115.72,158.97,5.444,528.2,77.35,28.51,18.11,38.7,70,3.9,182,Unhealthy,NE,1007.05,3.37,High,Normal,Maintenance,23.5,0.94,166.58,Decreasing
07-07-2024 11:00,NODE_01,Sensor_Node_1_Industry_Zone,85.95,184.52,6.01,545,83.67,40.45,11.23,39.5,65.7,1.8,167,Unhealthy,SE,1012.54,3.91,Medium,Normal,Active,55.6,0.74,160.83,Increasing
07-07-2024 12:00,NODE_01,Sensor_Node_1_Industry_Zone,97.82,158.94,5.592,521.2,73.3,31.14,16.48,35.6,57.3,4.2,173,Unhealthy,SW,1000.57,9.37,Low,High,Active,80.3,0.77,160.41,Stable
07-07-2024 13:00,NODE_01,Sensor_Node_1_Industry_Zone,103,176.05,6.127,566.4,74.27,30.46,20.36,38.6,65.1,1.5,176,Unhealthy,W,1008.59,6.6,Medium,Peak,Active,98.6,0.85,186.3,Stable
07-07-2024 14:00,NODE_01,Sensor_Node_1_Industry_Zone,111.23,169.93,5.84,541.4,69.9,33.07,22.98,38.1,67,5.2,180,Unhealthy,E,1008.91,7.87,High,Low,Active,44.7,0.84,196.33,Increasing
07-07-2024 15:00,NODE_01,Sensor_Node_1_Industry_Zone,78.79,146.85,4.493,521.6,64.51,22.18,19.24,33.6,70.7,4.4,500,Hazardous,SW,1019.58,5.8,Low,Normal,Active,31.2,0.78,450.03,Decreasing
07-07-2024 16:00,NODE_01,Sensor_Node_1_Industry_Zone,76.92,142.65,5.371,541.2,60.95,26.77,23.95,33.7,67.1,3.5,162,Unhealthy,E,1012.9,6.31,High,High,Active,78,0.79,166.34,Decreasing
07-07-2024 17:00,NODE_01,Sensor_Node_1_Industry_Zone,90.76,117.24,4.634,505.2,63.47,22.97,13.27,31.9,77.8,3.7,169,Unhealthy,S,1016.17,7.9,Low,Normal,Active,62.9,0.89,165.5,Stable
07-07-2024 18:00,NODE_01,Sensor_Node_1_Industry_Zone,80.06,123.38,4.03,497.7,56.09,27.67,14.42,36.6,78.2,4.3,164,Unhealthy,NE,1012.04,9.52,Medium,Peak,Active,67.8,0.95,151.77,Stable
07-07-2024 19:00,NODE_01,Sensor_Node_1_Industry_Zone,86.55,135.27,4.644,518.9,66.06,28.76,16.02,32.2,77.4,1.1,167,Unhealthy,SW,1005.71,7.39,Medium,Peak,Active,96.3,1,168.28,Stable
07-07-2024 20:00,NODE_01,Sensor_Node_1_Industry_Zone,85.8,132.81,3.866,512.1,65.52,33.43,12.41,31.4,72.7,1.1,167,Unhealthy,NW,1017.44,1.25,Medium,Low,Active,46.1,0.96,182.55,Stable
07-07-2024 21:00,NODE_01,Sensor_Node_1_Industry_Zone,90.93,146.14,4.457,493.8,54.9,33.14,20.32,31.3,74.7,4.7,500,Hazardous,W,1006.93,4.21,Medium,Normal,Active,85.6,0.73,540.58,Increasing
07-07-2024 22:00,NODE_01,Sensor_Node_1_Industry_Zone,82.42,139.93,5.094,516.2,54.31,23.76,8.5,33.6,82.4,1.1,165,Unhealthy,N,1008.84,7.96,High,Peak,Active,63.6,0.94,178.33,Stable
07-07-2024 23:00,NODE_01,Sensor_Node_1_Industry_Zone,190.4,446.74,7.94,492.7,45.1,49.11,20.28,27.5,76.3,1.4,325,Hazardous,SE,1013.09,1.3,Low,High,Active,73.6,0.99,345.1,Stable
08-07-2024 00:00,NODE_01,Sensor_Node_1_Industry_Zone,90.48,147.39,4.583,502,74.19,27.78,22.69,29.8,84.6,1,169,Unhealthy,SW,1017.67,8.92,High,Peak,Active,94.2,0.84,160.57,Increasing
08-07-2024 01:00,NODE_01,Sensor_Node_1_Industry_Zone,81.9,161.86,6.145,488.4,75.76,29.65,26.15,31.3,75.8,4.8,165,Unhealthy,N,1010.79,7.05,Medium,Peak,Active,51.3,0.74,150.21,Increasing
08-07-2024 02:00,NODE_01,Sensor_Node_1_Industry_Zone,87.16,162.27,5.198,497.2,69.43,27.47,26.33,30.9,76.9,0.9,167,Unhealthy,S,1021.06,3.13,High,Low,Active,46.8,0.73,174.37,Stable
08-07-2024 03:00,NODE_01,Sensor_Node_1_Industry_Zone,41.86,43.1,3.285,446.9,15.66,17.39,21.24,32.7,77,3.1,117,Unhealthy for Sensitive Groups,E,1008.57,4.93,High,High,Active,36.5,0.87,110.6,Decreasing
08-07-2024 04:00,NODE_01,Sensor_Node_1_Industry_Zone,40,82.62,2.501,424.2,36.42,10.94,33.6,31.5,73.7,7.1,112,Unhealthy for Sensitive Groups,NE,1015.99,1.26,Medium,Normal,Fault,54.8,0.87,106.58,Stable
08-07-2024 05:00,NODE_01,Sensor_Node_1_Industry_Zone,31.92,59.52,1.859,467.7,20.08,15.82,29.14,35,73.8,2.7,93,Moderate,NW,1012.02,1.63,High,Normal,Fault,65.1,0.89,89.98,Stable
08-07-2024 06:00,NODE_01,Sensor_Node_1_Industry_Zone,158.76,267.19,9.143,565.6,121.67,51.19,6.78,32.8,69.6,2.6,209,Very Unhealthy,N,1021.28,5.95,Low,Peak,Maintenance,68.1,0.87,217.61,Decreasing
08-07-2024 07:00,NODE_01,Sensor_Node_1_Industry_Zone,138.18,264.52,9.213,537.3,119.34,48.73,16.21,35.7,79.3,3.5,194,Unhealthy,NE,1013.29,3.04,Medium,Low,Active,94.2,0.88,193.37,Decreasing
08-07-2024 08:00,NODE_01,Sensor_Node_1_Industry_Zone,160.95,245.85,9.959,562.2,105.62,51.89,13.18,35.4,71.1,1.6,211,Very Unhealthy,E,1000.74,2.61,Medium,High,Active,53.3,0.82,219.43,Decreasing
08-07-2024 09:00,NODE_01,Sensor_Node_1_Industry_Zone,162.4,271.21,9.246,522.9,129.67,47.83,20.82,37.5,71.4,2.1,213,Very Unhealthy,NE,1018.53,9.52,Low,High,Active,66,0.83,198.63,Stable
08-07-2024 10:00,NODE_01,Sensor_Node_1_Industry_Zone,153.83,265.76,8.481,557.5,117.24,47.16,18.93,38.4,62.5,2.7,204,Very Unhealthy,W,1011.51,6.88,Low,Low,Active,38.7,0.98,202.66,Decreasing
08-07-2024 11:00,NODE_01,Sensor_Node_1_Industry_Zone,163.87,263.43,9.129,582,112.46,46.64,11.27,39.7,62,3.4,214,Very Unhealthy,NE,1008.68,1.39,Low,Peak,Active,37.6,0.71,221.11,Decreasing
08-07-2024 12:00,NODE_01,Sensor_Node_1_Industry_Zone,156.47,280.99,9.006,545.5,116.86,45.18,15,38.1,63.3,2.9,207,Very Unhealthy,NW,1019.34,3.67,High,Peak,Active,76.3,0.91,198.03,Stable
08-07-2024 13:00,NODE_01,Sensor_Node_1_Industry_Zone,141.48,279.06,9.801,537.7,112.58,48.91,10.77,39,79,1.8,195,Unhealthy,SW,1010.01,2.65,Medium,Normal,Active,21.3,0.73,209.97,Increasing
08-07-2024 14:00,NODE_01,Sensor_Node_1_Industry_Zone,162.05,270.45,9.127,569.6,108.03,44.82,15.19,37.6,64.7,1.2,212,Very Unhealthy,SE,1015.6,9.62,Low,Peak,Active,73.6,0.97,217.74,Stable
08-07-2024 15:00,NODE_01,Sensor_Node_1_Industry_Zone,142.89,214.54,7.653,502.7,93.05,44.32,23.67,37.2,82.3,2.6,196,Unhealthy,W,1007.39,3.76,Low,Peak,Active,76.6,0.74,179.51,Increasing
08-07-2024 16:00,NODE_01,Sensor_Node_1_Industry_Zone,109.66,223.94,7.851,511.8,90.56,37.04,12.56,37.7,66.7,4.2,179,Unhealthy,N,1006.98,6.48,Low,High,Active,78.9,0.8,191.38,Increasing
08-07-2024 17:00,NODE_01,Sensor_Node_1_Industry_Zone,125.61,187.24,7.669,526.4,84.67,41.36,18.42,34.4,53,3.7,187,Unhealthy,S,1022.86,5.68,High,Normal,Active,70.6,0.73,186.14,Increasing
08-07-2024 18:00,NODE_01,Sensor_Node_1_Industry_Zone,118.81,209.7,7.916,514.4,79.4,39.58,18.9,32.8,76.4,6.8,184,Unhealthy,NW,1007.28,9.16,Medium,Peak,Active,61.1,0.83,181.24,Stable
08-07-2024 19:00,NODE_01,Sensor_Node_1_Industry_Zone,111.5,210.87,6.431,510.5,99.04,39.67,17.3,33,74,4.3,180,Unhealthy,NE,1008.49,1.05,High,Normal,Active,45.1,0.89,197.99,Increasing
08-07-2024 20:00,NODE_01,Sensor_Node_1_Industry_Zone,434.2,694.17,16.359,531.2,103.53,97.12,25.66,31.3,76.1,2.4,500,Hazardous,NE,1001.75,3.93,Medium,Low,Active,43,0.74,475.19,Decreasing
08-07-2024 21:00,NODE_01,Sensor_Node_1_Industry_Zone,121.03,199.85,7.302,519.2,96.8,36.21,10.39,32.1,85.2,3.7,185,Unhealthy,SW,1021.78,2.57,Low,Low,Active,36.1,0.73,166.51,Increasing
08-07-2024 22:00,NODE_01,Sensor_Node_1_Industry_Zone,125.47,212.7,6.969,490.9,100.99,37.22,14.5,32,65.9,7.4,187,Unhealthy,S,1014.39,8.04,Low,Peak,Active,61.3,0.83,202.26,Stable
08-07-2024 23:00,NODE_01,Sensor_Node_1_Industry_Zone,80.21,166.39,5.225,536.1,68.96,29.32,16.82,30.3,81.5,2.3,164,Unhealthy,W,1013.43,4.5,Low,High,Active,31.7,0.99,177.74,Stable
09-07-2024 00:00,NODE_01,Sensor_Node_1_Industry_Zone,90.43,165.85,5.67,490.7,74.36,27,28.59,31.5,69.9,3.8,169,Unhealthy,W,1017.85,8.53,High,Low,Active,98,0.86,176.32,Decreasing
09-07-2024 01:00,NODE_01,Sensor_Node_1_Industry_Zone,83.8,141.61,5.21,498.8,70.1,31.28,15.47,31,74.1,4.3,166,Unhealthy,W,1004.02,5.75,Medium,Peak,Active,75.2,0.92,165.65,Stable
09-07-2024 02:00,NODE_01,Sensor_Node_1_Industry_Zone,93.22,159.94,5.001,485.2,70.58,24.74,18.49,31.1,69.5,2.3,170,Unhealthy,N,1008.75,9.55,Medium,Low,Active,58.7,0.76,172.01,Decreasing
09-07-2024 03:00,NODE_01,Sensor_Node_1_Industry_Zone,47.75,85.51,2.168,454,25.92,16.29,27.03,30,69.3,3.1,131,Unhealthy for Sensitive Groups,E,1011.45,4.98,Low,Normal,Active,54.6,0.72,132.76,Decreasing
09-07-2024 04:00,NODE_01,Sensor_Node_1_Industry_Zone,43.08,75.61,2.181,425.7,24.63,17.21,22.58,32.2,68.5,4.7,120,Unhealthy for Sensitive Groups,SE,1002.71,4.15,High,Peak,Active,26,0.74,118.65,Stable
09-07-2024 05:00,NODE_01,Sensor_Node_1_Industry_Zone,41.19,77.33,1.992,444.2,25.54,6.92,20.71,33.3,75.5,0.9,115,Unhealthy for Sensitive Groups,NW,1019.87,7.63,Low,Normal,Active,60.5,0.96,105.55,Decreasing
09-07-2024 06:00,NODE_01,Sensor_Node_1_Industry_Zone,161.46,266.89,9.312,509.1,90.14,51.54,8.88,33.7,70.2,6.2,212,Very Unhealthy,S,1011.89,2.65,Medium,High,Active,26.6,0.72,199.28,Increasing
09-07-2024 07:00,NODE_01,Sensor_Node_1_Industry_Zone,166.7,271.6,9.043,556.1,120.18,48.57,21.36,33.4,72.4,3.1,217,Very Unhealthy,NE,1010.06,6.77,Medium,High,Active,73.9,0.9,205.79,Increasing
09-07-2024 08:00,NODE_01,Sensor_Node_1_Industry_Zone,155.54,289.47,8.178,530.2,123.36,51.74,16.9,34.6,65.5,6.8,206,Very Unhealthy,W,1013.42,1.54,Medium,Peak,Active,23.3,0.88,206.72,Increasing
09-07-2024 09:00,NODE_01,Sensor_Node_1_Industry_Zone,163.96,264.39,8.368,557.8,121.12,59.62,10.92,38.1,59.9,7.2,214,Very Unhealthy,E,1007.48,7.53,High,Normal,Active,97.9,0.73,230.55,Stable
09-07-2024 10:00,NODE_01,Sensor_Node_1_Industry_Zone,545.85,983.25,22.287,537.3,113.66,100.39,17.93,39.1,66,1.3,500,Hazardous,SE,1012.27,7.97,Medium,Low,Active,58,0.76,499.61,Increasing
09-07-2024 11:00,NODE_01,Sensor_Node_1_Industry_Zone,155.64,276.22,8.774,530.7,123.97,48.71,13.3,34.1,60,2,206,Very Unhealthy,S,1032.57,2.19,High,High,Active,87.8,0.79,198.52,Stable
09-07-2024 12:00,NODE_01,Sensor_Node_1_Industry_Zone,148.22,279.76,8.572,528.4,118.69,45.99,23.82,39.2,59,2.2,199,Unhealthy,NE,1015.63,8.95,High,Low,Active,42,0.97,200.81,Increasing
09-07-2024 13:00,NODE_01,Sensor_Node_1_Industry_Zone,162.11,249.69,8.655,515.5,112.14,48.8,18.52,38,65.3,1.7,213,Very Unhealthy,W,1022.01,1.82,Medium,Normal,Active,48.8,0.83,207.86,Increasing
09-07-2024 14:00,NODE_01,Sensor_Node_1_Industry_Zone,158.73,273.97,8.652,521.2,128.49,51.39,17.98,38.1,59.6,7,209,Very Unhealthy,N,1009.87,7.71,High,Low,Active,61.9,0.73,190.86,Decreasing
09-07-2024 15:00,NODE_01,Sensor_Node_1_Industry_Zone,135.19,207.15,7.579,542.1,94.65,35.59,5.93,36.8,69.3,3.4,192,Unhealthy,S,1007.49,9.23,Medium,High,Active,52.9,0.82,192.81,Increasing
09-07-2024 16:00,NODE_01,Sensor_Node_1_Industry_Zone,126.64,226.71,7.054,515,92.83,40.45,15.83,35.2,66.3,2.1,188,Unhealthy,W,1013.86,6.81,Low,Peak,Active,84.5,0.79,199.09,Decreasing
09-07-2024 17:00,NODE_01,Sensor_Node_1_Industry_Zone,124.45,238.12,7.616,498.6,100.13,42.83,17.88,34,65.5,1.1,187,Unhealthy,NE,1003.95,6.1,Low,Peak,Active,99.8,0.76,184.23,Increasing
09-07-2024 18:00,NODE_01,Sensor_Node_1_Industry_Zone,131.98,232.13,7.147,536.3,91.2,37.46,23.9,36.4,83.8,3.5,190,Unhealthy,E,998.16,7.48,Medium,High,Active,60.5,0.98,199.78,Decreasing
09-07-2024 19:00,NODE_01,Sensor_Node_1_Industry_Zone,125.86,232.45,7.385,530.3,86.13,39.4,22.47,34.1,78.9,0.9,187,Unhealthy,S,1016.39,2.99,Low,High,Active,29.9,0.9,187.38,Stable
09-07-2024 20:00,NODE_01,Sensor_Node_1_Industry_Zone,122.73,213.46,7.289,498.4,92.22,39.97,7.19,33.2,76,4.6,186,Unhealthy,NW,1015.85,3.72,Medium,Peak,Active,26,0.84,182.33,Decreasing
09-07-2024 21:00,NODE_01,Sensor_Node_1_Industry_Zone,125.32,201.15,6.831,527.1,96.58,35.21,26.29,30,75.4,0.6,187,Unhealthy,SE,1017,8.5,High,Low,Active,97.3,1,186.07,Stable
09-07-2024 22:00,NODE_01,Sensor_Node_1_Industry_Zone,137.17,183.96,6.315,523.8,76.73,32.15,24.28,29.9,90.4,5.3,193,Unhealthy,N,1012.17,1.81,Medium,High,Fault,55.9,0.71,174.62,Increasing
09-07-2024 23:00,NODE_01,Sensor_Node_1_Industry_Zone,84.12,155.14,5.646,499.1,68.78,27.65,21.96,32.2,82.4,4.9,166,Unhealthy,S,1023.87,6.29,High,Peak,Active,57.7,0.87,181.51,Decreasing
10-07-2024 00:00,NODE_01,Sensor_Node_1_Industry_Zone,87.34,145.72,5.03,467.7,71.59,33.5,20.44,32.6,88.7,1.7,167,Unhealthy,SW,1011.48,8.97,Medium,Low,Active,73.3,0.75,168.36,Decreasing
10-07-2024 01:00,NODE_01,Sensor_Node_1_Industry_Zone,94.86,154.55,6.012,480.2,80.97,34.69,24.56,28.4,75.9,1.7,500,Hazardous,S,1008.68,1.74,Medium,High,Active,50.1,0.86,493.63,Decreasing
10-07-2024 02:00,NODE_01,Sensor_Node_1_Industry_Zone,90.88,170.13,5.092,475.4,57.95,28.69,24.67,29.2,77.3,4.4,169,Unhealthy,SW,993.96,2.53,Medium,High,Active,57.5,0.79,162.4,Increasing
10-07-2024 03:00,NODE_01,Sensor_Node_1_Industry_Zone,36.71,89.49,2.742,434,43.35,16.61,22.71,30,83,1.2,104,Unhealthy for Sensitive Groups,N,1011.72,1.93,Medium,High,Maintenance,48.3,0.87,112.48,Increasing
10-07-2024 04:00,NODE_01,Sensor_Node_1_Industry_Zone,39.89,54.59,2.166,439.2,23.63,16.66,28.91,33.3,79.9,4.1,500,Hazardous,SW,1016.99,1.96,Low,Peak,Active,32.5,0.97,508.1,Decreasing
10-07-2024 05:00,NODE_01,Sensor_Node_1_Industry_Zone,31.17,68.01,1.505,450.4,33.98,14.7,20.31,35.8,64.5,4,91,Moderate,E,1012.04,8.22,High,Peak,Active,84.9,0.99,85.41,Increasing
10-07-2024 06:00,NODE_01,Sensor_Node_1_Industry_Zone,158.73,277.71,8.433,547.2,117.34,45.88,20.33,32.8,67.8,5.1,209,Very Unhealthy,SE,1018.75,6.63,High,Peak,Active,82,0.89,200.4,Increasing
10-07-2024 07:00,NODE_01,Sensor_Node_1_Industry_Zone,157.46,263.14,9.667,524.3,114.35,52.32,11.06,33.5,71.3,1.2,208,Very Unhealthy,NE,1025.77,3.01,Low,Low,Maintenance,86.4,0.88,204.13,Decreasing
10-07-2024 08:00,NODE_01,Sensor_Node_1_Industry_Zone,160.94,279.97,9.006,528.9,119.53,52.66,17.31,37.9,62.9,2.2,211,Very Unhealthy,NW,1010.96,4.88,High,High,Active,38.6,0.99,190.57,Decreasing
10-07-2024 09:00,NODE_01,Sensor_Node_1_Industry_Zone,148.42,258.45,8.594,512.8,116.29,53.39,16.78,38,74.9,3.3,199,Unhealthy,E,1019.39,6.19,Low,High,Active,51.2,0.91,196.99,Decreasing
10-07-2024 10:00,NODE_01,Sensor_Node_1_Industry_Zone,151.24,263.02,8.606,550.8,115.57,50.08,14.97,37.1,67.8,4.7,202,Very Unhealthy,NE,1002.48,7.29,Medium,Low,Active,38.5,0.91,200.15,Decreasing
10-07-2024 11:00,NODE_01,Sensor_Node_1_Industry_Zone,150.4,261.89,9.152,525,114.49,45.47,25.27,39.9,69.8,3.1,200,Unhealthy,W,1018.19,4.23,Medium,High,Maintenance,27,0.82,209.49,Stable
10-07-2024 12:00,NODE_01,Sensor_Node_1_Industry_Zone,152.62,271.22,9.64,525.2,109.39,52.02,13.07,34.6,58.5,5.6,203,Very Unhealthy,SW,1012.38,4.24,High,Low,Active,41.6,0.83,212.47,Increasing
10-07-2024 13:00,NODE_01,Sensor_Node_1_Industry_Zone,151.51,294.07,8.856,546,106.22,50.28,17.67,35.8,60.6,1.5,202,Very Unhealthy,SE,1010.67,4.53,Low,Low,Active,40,0.78,194.74,Increasing
10-07-2024 14:00,NODE_01,Sensor_Node_1_Industry_Zone,153.18,273.57,9.978,537,129.98,42.56,16.74,37,63.6,2.2,204,Very Unhealthy,E,1011.02,2.46,High,High,Maintenance,41.1,0.97,217.81,Decreasing
10-07-2024 15:00,NODE_01,Sensor_Node_1_Industry_Zone,128.46,190.56,7.529,486.3,99.32,40.82,17.55,36.7,70.8,3,189,Unhealthy,S,1011.06,1.38,High,Peak,Active,39.8,0.78,172.69,Increasing
10-07-2024 16:00,NODE_01,Sensor_Node_1_Industry_Zone,114.08,215.09,7.491,518.8,98.34,37.52,18.09,35.6,67.2,1.5,181,Unhealthy,E,1010.15,6.58,Medium,High,Active,81.1,0.8,198.41,Increasing
10-07-2024 17:00,NODE_01,Sensor_Node_1_Industry_Zone,116.79,189.08,6.818,527.1,95.72,35.29,16.37,36.1,67.8,3.2,183,Unhealthy,NE,1013.19,5.14,Medium,Normal,Active,52.5,0.84,182.87,Increasing
10-07-2024 18:00,NODE_01,Sensor_Node_1_Industry_Zone,121.86,196.51,7.254,514.3,83.29,40.69,23.32,33.7,59.6,1.7,185,Unhealthy,NW,1010.95,3.55,Medium,Peak,Active,63.6,0.87,185.77,Decreasing
10-07-2024 19:00,NODE_01,Sensor_Node_1_Industry_Zone,125.94,204.69,8.297,504,86.23,40.42,21.27,33.8,58.7,4.3,187,Unhealthy,S,1005.07,5.04,High,Peak,Fault,53.5,0.98,189.31,Increasing
10-07-2024 20:00,NODE_01,Sensor_Node_1_Industry_Zone,125.81,195.5,7.789,533.2,92,43.84,28.4,30.4,78.3,1.7,187,Unhealthy,N,1014.5,1.85,Medium,Low,Active,52.4,0.78,191.36,Increasing
10-07-2024 21:00,NODE_01,Sensor_Node_1_Industry_Zone,139.09,216.14,7.853,497.5,93.87,39.35,15.24,31.5,75.6,4.3,194,Unhealthy,E,1008.35,4.47,Low,Peak,Fault,72.6,0.86,202.56,Decreasing
10-07-2024 22:00,NODE_01,Sensor_Node_1_Industry_Zone,113.02,213.75,7.141,519.5,93.97,36.4,25.67,33.4,80.5,5.2,181,Unhealthy,E,1018.29,6.56,High,Low,Active,64.1,0.93,196.61,Increasing
10-07-2024 23:00,NODE_01,Sensor_Node_1_Industry_Zone,97.18,125.4,5.374,480.3,71.58,34.61,20.9,29.6,69.4,5.9,173,Unhealthy,S,1011.8,9.38,High,Normal,Active,94.8,0.82,179.14,Stable
11-07-2024 00:00,NODE_01,Sensor_Node_1_Industry_Zone,85.67,131.55,6.513,496.6,69.01,35.8,21.51,32,85.5,3.9,167,Unhealthy,E,1012.76,5.48,Low,Peak,Active,95.3,0.85,178.89,Decreasing
11-07-2024 01:00,NODE_01,Sensor_Node_1_Industry_Zone,82.2,145.62,4.883,475.9,76.79,31.38,11.12,30.6,76.3,1,165,Unhealthy,NW,999.7,3.21,High,High,Active,87.2,0.86,175.92,Decreasing
11-07-2024 02:00,NODE_01,Sensor_Node_1_Industry_Zone,95.19,174.31,5.055,460.3,68.44,33.27,18.69,28.3,81.8,1.8,171,Unhealthy,S,1004.46,5,High,Normal,Active,36.9,0.75,167.84,Decreasing
11-07-2024 03:00,NODE_01,Sensor_Node_1_Industry_Zone,49.82,62.05,2.316,431.9,33.48,8.97,25.13,30.8,79.9,5.4,136,Unhealthy for Sensitive Groups,N,1017.64,2.93,Medium,Low,Maintenance,37.4,0.88,123.68,Stable
11-07-2024 04:00,NODE_01,Sensor_Node_1_Industry_Zone,38.39,63.75,1.839,447.1,27.58,9.12,25.8,32.5,73,0.7,108,Unhealthy for Sensitive Groups,E,1007.6,9.17,Medium,High,Active,88.6,0.86,107.09,Increasing
11-07-2024 05:00,NODE_01,Sensor_Node_1_Industry_Zone,45.95,70.2,1.598,470.6,34.77,16.61,27,29.5,80.1,6.8,127,Unhealthy for Sensitive Groups,W,1008.81,9.38,Low,Normal,Active,75.6,0.9,115.72,Increasing
11-07-2024 06:00,NODE_01,Sensor_Node_1_Industry_Zone,158.32,293.11,8.687,531.6,111.64,46.12,10.74,31.2,74.6,2.7,209,Very Unhealthy,NE,1010.33,1.47,Low,High,Active,20.8,0.94,195.38,Decreasing
11-07-2024 07:00,NODE_01,Sensor_Node_1_Industry_Zone,169.9,262.19,9.577,548.8,118.54,49.37,21.89,33.4,73.3,3.2,220,Very Unhealthy,E,1020.18,7.73,High,Low,Active,89,0.85,210.77,Stable
11-07-2024 08:00,NODE_01,Sensor_Node_1_Industry_Zone,160.3,266.47,8.693,542.7,106.46,52.85,20.34,35,63.6,6.7,211,Very Unhealthy,S,1014.24,4.95,Low,Low,Active,68.8,0.71,219.31,Increasing
11-07-2024 09:00,NODE_01,Sensor_Node_1_Industry_Zone,149.04,288.62,9.705,556,118.45,46.69,24.4,36.5,69.4,3.1,199,Unhealthy,S,1019.86,8.43,Low,Normal,Active,64.4,0.75,210.53,Decreasing
11-07-2024 10:00,NODE_01,Sensor_Node_1_Industry_Zone,163.21,272.38,9.454,549.1,117.33,50.7,15.69,35.5,60.8,0.3,500,Hazardous,NE,1010.39,6.31,Medium,Peak,Active,66.6,0.79,499.07,Decreasing
11-07-2024 11:00,NODE_01,Sensor_Node_1_Industry_Zone,159.92,248.37,8.758,522.1,114.4,49.78,13.97,35.7,65.1,2.1,210,Very Unhealthy,NE,1013.28,3.81,High,Low,Active,39.4,0.91,228.41,Increasing
11-07-2024 12:00,NODE_01,Sensor_Node_1_Industry_Zone,159.92,279.38,8.305,569.2,114.03,48,11.54,38.1,77.9,3,210,Very Unhealthy,S,1004.78,1.23,Low,High,Active,38.4,0.98,208.39,Decreasing
11-07-2024 13:00,NODE_01,Sensor_Node_1_Industry_Zone,141.68,273.97,8.986,551.7,109.68,46.62,16.62,40.5,69.6,1.7,195,Unhealthy,SW,1019.07,8.92,Medium,Normal,Active,36.2,0.88,186.69,Decreasing
11-07-2024 14:00,NODE_01,Sensor_Node_1_Industry_Zone,157.38,249.45,9.844,522.8,112.02,44.51,16.43,37.5,75.9,4.2,208,Very Unhealthy,S,1012.65,6.35,Low,Peak,Active,63,0.92,198.62,Stable
11-07-2024 15:00,NODE_01,Sensor_Node_1_Industry_Zone,129.41,195.39,6.809,517.9,86.16,44.58,29.8,36.4,63.8,0.8,189,Unhealthy,E,1012.26,3.68,High,High,Active,68.7,0.98,173.47,Stable
11-07-2024 16:00,NODE_01,Sensor_Node_1_Industry_Zone,125.29,194.29,7.327,550.2,80.07,35.65,16.17,36.8,74.3,2.6,187,Unhealthy,S,1014.03,2.03,Low,Low,Active,68.7,0.84,171.04,Increasing
11-07-2024 17:00,NODE_01,Sensor_Node_1_Industry_Zone,129.68,200.2,7.135,516.1,84.5,38.56,21.3,34.1,69.2,3.2,189,Unhealthy,NE,1020.68,5.99,High,Peak,Active,34.6,0.72,205.4,Stable
11-07-2024 18:00,NODE_01,Sensor_Node_1_Industry_Zone,105.91,214.39,8.627,524.4,94.21,45.57,19.49,35.1,70.7,4.9,177,Unhealthy,E,1010.71,7.31,High,High,Maintenance,29.3,0.96,161.03,Stable
11-07-2024 19:00,NODE_01,Sensor_Node_1_Industry_Zone,124.83,206.76,6.939,481.1,91.37,44.13,20.72,31.5,62.1,7,187,Unhealthy,S,1021.98,6.59,Medium,High,Active,64.7,0.94,198.18,Decreasing
11-07-2024 20:00,NODE_01,Sensor_Node_1_Industry_Zone,122.06,225.73,6.929,489.8,89.95,41.62,24.61,31.6,81.3,3.7,185,Unhealthy,N,1006.89,1.15,High,Normal,Active,85.8,0.96,184.6,Stable
11-07-2024 21:00,NODE_01,Sensor_Node_1_Industry_Zone,130.75,216.93,6.565,547.5,93.2,32.55,14.87,29.7,72.2,1.9,190,Unhealthy,NE,1014.53,9.01,Low,Peak,Fault,35.5,0.89,176.67,Stable
11-07-2024 22:00,NODE_01,Sensor_Node_1_Industry_Zone,120.84,211.44,7.462,502.4,102.35,35.42,21.48,33,76.1,2.2,185,Unhealthy,SW,1024.06,4.92,High,Normal,Active,80.4,0.89,187.44,Increasing
11-07-2024 23:00,NODE_01,Sensor_Node_1_Industry_Zone,93.95,181.55,5.75,498.1,56.99,27.37,29.49,30.8,81,0.9,171,Unhealthy,NW,1009.06,1.65,High,Normal,Active,55.6,0.72,180.58,Decreasing
12-07-2024 00:00,NODE_01,Sensor_Node_1_Industry_Zone,95.06,138.18,4.573,477.4,71.91,23.96,21.44,28.5,72.8,1.1,171,Unhealthy,N,1013.47,7.4,High,Normal,Active,25.7,0.82,160.16,Stable
12-07-2024 01:00,NODE_01,Sensor_Node_1_Industry_Zone,102.8,162.22,4.641,497.5,78.31,32.89,31.59,27.2,78.6,2.7,175,Unhealthy,E,1017.27,5.25,Medium,High,Active,32.6,0.77,187.94,Stable
12-07-2024 02:00,NODE_01,Sensor_Node_1_Industry_Zone,92.41,191.52,5.346,489.2,77.6,30.03,29.96,31.5,82.2,2.7,170,Unhealthy,NE,1011.17,4.47,Medium,Peak,Active,29.2,0.9,175.43,Increasing
12-07-2024 03:00,NODE_01,Sensor_Node_1_Industry_Zone,23.56,66.36,1.914,428.1,20.98,13.01,15.15,30.8,82.6,4.1,75,Moderate,E,1003,5.97,Low,Peak,Active,54.8,0.88,78.45,Stable
12-07-2024 04:00,NODE_01,Sensor_Node_1_Industry_Zone,31.34,44.29,2.761,438.4,28.82,11.81,28.36,34.8,83.8,1.6,91,Moderate,SE,1005.66,3.94,Low,High,Active,76.1,0.8,84.78,Stable
12-07-2024 05:00,NODE_01,Sensor_Node_1_Industry_Zone,19.84,79.64,2.242,457.4,26.64,8.44,20.66,30.7,66,2.4,67,Moderate,NE,1015.49,3.14,Medium,Normal,Active,34.5,0.98,64.69,Decreasing
12-07-2024 06:00,NODE_01,Sensor_Node_1_Industry_Zone,145.26,271.52,9.137,548.1,125.82,50.09,12.1,37.3,77.4,6.6,197,Unhealthy,E,1017.35,9.17,Medium,Peak,Active,30.9,0.96,207.31,Stable
12-07-2024 07:00,NODE_01,Sensor_Node_1_Industry_Zone,155.22,263.17,9.024,550,112.51,43.86,5.62,36.4,60.9,1.6,206,Very Unhealthy,N,1016.71,8.24,Medium,Peak,Active,69.4,0.85,226.13,Decreasing
12-07-2024 08:00,NODE_01,Sensor_Node_1_Industry_Zone,144.89,255.95,9.057,517.8,113.28,50.3,9.95,38.1,58.7,2.3,197,Unhealthy,E,1018.88,4,Medium,Low,Active,80.4,0.98,191.57,Stable
12-07-2024 09:00,NODE_01,Sensor_Node_1_Industry_Zone,152.25,264.47,9.026,526.5,117.06,52.65,13.66,38,70.1,4.4,203,Very Unhealthy,S,1012.43,3.61,High,High,Active,48.7,0.75,188.16,Decreasing
12-07-2024 10:00,NODE_01,Sensor_Node_1_Industry_Zone,148.07,277.98,8.598,535.3,116.46,51.75,5,38.2,66.2,4.3,199,Unhealthy,W,1013.25,7.8,Medium,Normal,Active,96.4,0.83,215.71,Decreasing
12-07-2024 11:00,NODE_01,Sensor_Node_1_Industry_Zone,156.29,237.9,8.429,547,119,47.24,19.69,37.5,71.5,3.2,207,Very Unhealthy,S,1002.89,7.95,Medium,Low,Active,24.3,0.93,199.62,Increasing
12-07-2024 12:00,NODE_01,Sensor_Node_1_Industry_Zone,158.44,257.48,9.406,544.9,115.54,45.52,13.57,36.3,70.6,3.3,500,Hazardous,N,1013.9,1.05,High,High,Maintenance,80.5,0.75,536.05,Decreasing
12-07-2024 13:00,NODE_01,Sensor_Node_1_Industry_Zone,163.76,259.55,9.258,519.7,116.22,44.49,18.84,37.3,53.9,0.6,214,Very Unhealthy,E,1015.68,8.66,Low,Peak,Active,87.8,0.9,207.88,Stable
12-07-2024 14:00,NODE_01,Sensor_Node_1_Industry_Zone,148.52,291.1,9.165,554.8,118.48,49.67,16.08,37.8,60.2,2.7,199,Unhealthy,NE,1008.5,5.02,High,Peak,Active,48.8,0.97,180.75,Stable
12-07-2024 15:00,NODE_01,Sensor_Node_1_Industry_Zone,129.3,205.48,6.797,547.5,90.91,42.93,17.45,36.5,63.2,3.9,189,Unhealthy,N,1015.86,1.87,Medium,Low,Active,87.4,0.87,203.89,Increasing
12-07-2024 16:00,NODE_01,Sensor_Node_1_Industry_Zone,115.26,219.28,7.213,529.3,89.81,44.64,17.69,39.9,59.3,5.7,182,Unhealthy,NW,1001.1,6.59,Medium,Peak,Active,70.9,0.72,185.43,Decreasing
12-07-2024 17:00,NODE_01,Sensor_Node_1_Industry_Zone,142.63,204.34,6.384,506.3,91.52,41.05,24.01,35.3,71.7,2,196,Unhealthy,E,1016.51,3.89,High,Normal,Active,57.7,0.83,201.01,Stable
12-07-2024 18:00,NODE_01,Sensor_Node_1_Industry_Zone,109.9,191.84,6.981,482.1,89.25,34.85,20.84,34.7,70.2,5,179,Unhealthy,SE,1013.8,9.36,High,Normal,Active,39.7,0.85,182.03,Stable
12-07-2024 19:00,NODE_01,Sensor_Node_1_Industry_Zone,108,209.48,7.332,530.4,106.35,44.79,19.22,32.5,69.1,3.1,178,Unhealthy,S,1024.66,8.23,High,Normal,Active,90.3,0.88,189.72,Stable
12-07-2024 20:00,NODE_01,Sensor_Node_1_Industry_Zone,128.24,204.54,6.548,508.6,91.96,41.09,14.71,32,82.1,3.2,189,Unhealthy,N,1020.48,2.51,High,Peak,Active,57.8,0.7,179.84,Decreasing
12-07-2024 21:00,NODE_01,Sensor_Node_1_Industry_Zone,109.82,192.31,6.978,526.8,93.67,40.03,18.76,34.9,86.9,4.3,179,Unhealthy,E,1021.04,7.96,Medium,Low,Active,79.5,0.73,195.62,Increasing
12-07-2024 22:00,NODE_01,Sensor_Node_1_Industry_Zone,127.24,212.53,6.714,523.9,91.94,38.8,14.56,32,72.6,2.6,188,Unhealthy,SE,1016.9,3.28,Medium,Low,Fault,75.8,0.73,172.1,Decreasing
12-07-2024 23:00,NODE_01,Sensor_Node_1_Industry_Zone,86.31,157.96,5.892,514.2,55.67,29.72,13.75,29.6,77.8,1.4,167,Unhealthy,S,1015.88,3.59,Low,Low,Active,67.1,0.7,156.39,Increasing
13-07-2024 00:00,NODE_01,Sensor_Node_1_Industry_Zone,132.08,292.47,8.752,453.5,43.57,34.79,20.64,28.3,75.1,2.6,191,Unhealthy,SE,1004.91,9.85,High,Low,Active,96.1,0.84,203.44,Stable
13-07-2024 01:00,NODE_01,Sensor_Node_1_Industry_Zone,62.48,77.22,3.414,496.5,53.56,10.66,15.17,29.3,77.8,5.2,155,Unhealthy,SW,1009.99,2.03,Medium,Normal,Active,48,0.93,158.63,Decreasing
13-07-2024 02:00,NODE_01,Sensor_Node_1_Industry_Zone,58.9,102.04,3.698,474.3,52.4,21.39,19.2,32.9,86.5,3,153,Unhealthy,W,1022.96,7.7,Medium,Low,Active,40.2,0.72,161.63,Stable
13-07-2024 03:00,NODE_01,Sensor_Node_1_Industry_Zone,32.49,54.35,2.459,468.8,30.16,11.7,31.74,34.2,77.5,2.7,500,Hazardous,N,1003.26,7.71,Low,Low,Active,58.1,0.93,549.25,Increasing
13-07-2024 04:00,NODE_01,Sensor_Node_1_Industry_Zone,28.14,44.27,0.833,417.1,13.92,11.42,32.9,33.4,81.3,2.7,85,Moderate,E,1009.3,2.88,Low,High,Active,47.3,0.76,90.23,Decreasing
13-07-2024 05:00,NODE_01,Sensor_Node_1_Industry_Zone,24.38,39.6,1.207,447.5,22.2,11.6,23.61,30.1,70.7,5.9,77,Moderate,SE,1003.48,8.94,Low,Low,Active,90.1,0.78,71.57,Decreasing
13-07-2024 06:00,NODE_01,Sensor_Node_1_Industry_Zone,100.45,190.02,5.54,550.2,78.47,32.94,20.65,33,68.5,4.2,174,Unhealthy,W,1020.71,1.8,Medium,Normal,Active,29.4,0.91,189.73,Increasing
13-07-2024 07:00,NODE_01,Sensor_Node_1_Industry_Zone,100,162.92,5.937,539.2,77.94,30.92,14.3,35.2,71.7,4.1,174,Unhealthy,SE,1008.61,7.45,Low,Low,Active,36.6,0.96,158.39,Increasing
13-07-2024 08:00,NODE_01,Sensor_Node_1_Industry_Zone,92.17,172,5.037,547.7,68.63,31.65,14.14,36.4,65.7,3.2,170,Unhealthy,SE,1021.27,1,Medium,High,Maintenance,41,0.71,161.76,Increasing
13-07-2024 09:00,NODE_01,Sensor_Node_1_Industry_Zone,95.34,165.05,5.699,570.6,74.79,30,12.58,36,64.2,2.3,172,Unhealthy,NE,1009.52,7.4,High,High,Active,66.2,0.76,184.08,Stable
13-07-2024 10:00,NODE_01,Sensor_Node_1_Industry_Zone,93.47,181.18,5.633,537.3,85.33,37.94,14.59,36.5,61.6,1,171,Unhealthy,W,1008.98,6.57,High,Low,Active,61.7,0.74,184.83,Stable
13-07-2024 11:00,NODE_01,Sensor_Node_1_Industry_Zone,105.64,161.51,5.439,546.8,67.23,36.74,13.33,37.6,58.2,0.4,177,Unhealthy,SE,1019.67,4.41,Medium,Normal,Active,34.5,0.91,188.43,Decreasing
13-07-2024 12:00,NODE_01,Sensor_Node_1_Industry_Zone,99.7,193.5,5.913,526.7,71.46,35.14,22.49,38.4,70.1,5.1,174,Unhealthy,E,1017.63,6.85,High,High,Active,57.3,0.82,162.4,Increasing
13-07-2024 13:00,NODE_01,Sensor_Node_1_Industry_Zone,104.98,192.77,4.849,553,83.33,27.41,11.57,36.6,61.8,3.9,177,Unhealthy,E,995.7,7,Low,High,Active,45.6,0.91,165.56,Stable
13-07-2024 14:00,NODE_01,Sensor_Node_1_Industry_Zone,107.03,188.04,5.405,525.8,85.65,35.35,16.41,38.2,66.6,4.4,178,Unhealthy,E,1014.71,6.51,High,Normal,Active,98.2,0.94,176.05,Increasing
13-07-2024 15:00,NODE_01,Sensor_Node_1_Industry_Zone,84.28,117.17,4.315,503.6,58.53,22.5,15.73,34.6,71,1.9,166,Unhealthy,W,1015.6,2.81,Medium,High,Active,44.6,0.8,149.98,Increasing
13-07-2024 16:00,NODE_01,Sensor_Node_1_Industry_Zone,73.4,143.03,4.388,503.3,60.63,27.58,11.22,36.8,64.2,0.7,160,Unhealthy,S,1013.26,3.77,High,Peak,Active,73.5,0.85,169.96,Decreasing
13-07-2024 17:00,NODE_01,Sensor_Node_1_Industry_Zone,79.94,123.99,4.516,545.1,51.62,32.98,17.1,35.1,63.9,2,164,Unhealthy,SE,1008.05,8.87,Medium,High,Active,96,0.86,153.55,Stable
13-07-2024 18:00,NODE_01,Sensor_Node_1_Industry_Zone,71.71,135.4,4.456,549.1,52.99,26.62,19.64,32.4,76.1,1,500,Hazardous,W,1012.17,8.52,Medium,Normal,Active,45,0.97,473.61,Stable
13-07-2024 19:00,NODE_01,Sensor_Node_1_Industry_Zone,76.89,103.43,4.989,495.7,53.82,28.96,16.66,34.3,80.8,4.4,162,Unhealthy,N,1009.61,4.03,High,Low,Active,39.9,0.75,167.69,Increasing
13-07-2024 20:00,NODE_01,Sensor_Node_1_Industry_Zone,74.04,169.58,4.313,534.3,67.06,27.47,15.05,31.8,62.1,3.7,161,Unhealthy,S,1013.27,9.9,High,High,Active,68.7,0.85,169,Increasing
13-07-2024 21:00,NODE_01,Sensor_Node_1_Industry_Zone,81.88,96.69,4.026,502.3,63.19,27.37,17.55,32.1,70.1,4.2,165,Unhealthy,SW,1010.79,9.52,High,High,Active,84.5,0.96,178.24,Increasing
13-07-2024 22:00,NODE_01,Sensor_Node_1_Industry_Zone,83.1,135.77,5.575,524.7,54.37,27.2,22.16,29.7,83.7,3,165,Unhealthy,NE,1008.27,7.41,High,Peak,Active,74.5,0.79,153.65,Stable
13-07-2024 23:00,NODE_01,Sensor_Node_1_Industry_Zone,63.12,98.06,3.763,507.6,47.23,26.32,19.91,31.1,82.6,5.6,155,Unhealthy,E,1012.98,2.85,Low,Low,Active,35.8,0.87,166.56,Decreasing
14-07-2024 00:00,NODE_01,Sensor_Node_1_Industry_Zone,55.3,97.82,2.838,494.9,48.14,24.37,24.76,29.6,70.9,3.7,150,Unhealthy for Sensitive Groups,NE,1016.81,3.08,Low,Peak,Active,58.6,0.91,150.65,Stable
14-07-2024 01:00,NODE_01,Sensor_Node_1_Industry_Zone,63.52,118.92,3.388,482.2,40.71,19.43,20.41,30.4,77,1,155,Unhealthy,S,1013.73,5.29,Low,High,Active,85.2,0.76,148.7,Increasing
14-07-2024 02:00,NODE_01,Sensor_Node_1_Industry_Zone,67.59,104.81,3.407,477.1,36.54,24.89,23.57,28.1,81.8,6.4,157,Unhealthy,NW,1008.68,1.67,High,High,Active,31.2,0.72,141.74,Decreasing
14-07-2024 03:00,NODE_01,Sensor_Node_1_Industry_Zone,32.4,44.97,2.255,450.4,9.19,9.65,26.22,30.3,79.7,3.3,94,Moderate,W,1014.02,9.08,High,Low,Active,91.3,0.81,100.33,Stable
14-07-2024 04:00,NODE_01,Sensor_Node_1_Industry_Zone,18,29.44,1.399,454.3,20.26,5.22,22.47,30.3,73.7,5.5,63,Moderate,NE,1018.42,4.67,High,Peak,Active,95.2,0.88,61.87,Stable
14-07-2024 05:00,NODE_01,Sensor_Node_1_Industry_Zone,33.63,63.6,1.162,443.1,34.31,13.97,16.64,33.5,73.6,4.7,96,Moderate,NW,1021.57,4.21,High,High,Active,50.7,0.99,103.73,Decreasing
14-07-2024 06:00,NODE_01,Sensor_Node_1_Industry_Zone,280.52,427.09,11.365,528.8,72.44,56.81,10.09,33.1,61.3,3.6,325,Hazardous,S,1019.25,5.08,Low,Peak,Active,76.5,0.92,323.73,Decreasing
14-07-2024 07:00,NODE_01,Sensor_Node_1_Industry_Zone,108.16,170.4,5.383,541.6,76.63,34.54,8.37,33.9,76.3,2.5,178,Unhealthy,SW,1015.22,9.31,Low,Peak,Fault,22.1,0.77,191.05,Increasing
14-07-2024 08:00,NODE_01,Sensor_Node_1_Industry_Zone,103.12,158.45,5.528,536.9,87.34,28.59,8.98,36.7,68.8,4.6,176,Unhealthy,W,1005.95,9.2,High,Peak,Active,73.5,0.71,177.29,Decreasing
14-07-2024 09:00,NODE_01,Sensor_Node_1_Industry_Zone,109.76,173.13,6.089,570.2,75.27,36.94,12.93,37.2,59.1,1.6,179,Unhealthy,NE,1003.81,3.31,Low,High,Active,71.7,0.96,167.19,Increasing
14-07-2024 10:00,NODE_01,Sensor_Node_1_Industry_Zone,393.59,706.61,16.183,527.1,67.24,72.69,12.99,36.6,76.6,2,500,Hazardous,E,1010.79,5.94,Medium,Peak,Active,23.1,0.86,543.19,Decreasing
14-07-2024 11:00,NODE_01,Sensor_Node_1_Industry_Zone,97.73,171.27,6.069,548.9,75.91,37.13,20.85,38.5,66.5,3.8,173,Unhealthy,W,1003.54,4.89,Medium,High,Active,68.3,0.9,157.39,Decreasing
14-07-2024 12:00,NODE_01,Sensor_Node_1_Industry_Zone,108.59,185.49,5.315,521.5,71.53,36.66,8.12,38.6,68.2,1.6,178,Unhealthy,SW,1007.29,1.41,Medium,Low,Active,20,0.77,180.33,Decreasing
14-07-2024 13:00,NODE_01,Sensor_Node_1_Industry_Zone,109.4,159.47,5.233,531.3,75.16,28.1,23.35,35.9,74.3,3.7,179,Unhealthy,W,1010.98,5.72,Medium,Normal,Active,51.5,0.77,191.66,Increasing
14-07-2024 14:00,NODE_01,Sensor_Node_1_Industry_Zone,94.55,177.69,5.185,557.4,75.92,31.12,9.88,33.7,60.6,2.2,171,Unhealthy,W,1009.09,7.91,High,Peak,Fault,39.9,0.95,171.83,Stable
14-07-2024 15:00,NODE_01,Sensor_Node_1_Industry_Zone,88.98,147.5,5.562,539.7,54.35,18.44,30.2,40.2,68.9,3.6,168,Unhealthy,W,1010.03,7.96,High,High,Active,75,0.73,168.39,Decreasing
14-07-2024 16:00,NODE_01,Sensor_Node_1_Industry_Zone,215.03,371.17,11.089,521.8,52.85,40.57,21.71,36.8,70.6,4.9,265,Very Unhealthy,SE,1004.03,7.61,Medium,Low,Active,24.9,0.74,283.03,Stable
14-07-2024 17:00,NODE_01,Sensor_Node_1_Industry_Zone,87.55,142.08,4.402,515.7,55.73,18.45,17,34.9,71.3,2.3,500,Hazardous,E,1013.39,2.83,Low,Normal,Active,74.8,0.85,504.63,Increasing
14-07-2024 18:00,NODE_01,Sensor_Node_1_Industry_Zone,77.14,149.05,4.283,518.6,58.29,25.23,22.19,33.4,76.7,2.6,162,Unhealthy,SW,1017.98,1.66,High,Normal,Fault,47.8,0.81,146.16,Stable
14-07-2024 19:00,NODE_01,Sensor_Node_1_Industry_Zone,64.46,122,5.588,515.5,56.1,29.34,23.02,31.1,88.5,5.2,156,Unhealthy,W,1008.71,2.52,Low,Normal,Active,28.5,0.7,167.83,Stable
14-07-2024 20:00,NODE_01,Sensor_Node_1_Industry_Zone,84.06,145.25,4.348,553.8,59.16,30.04,16.03,31,86.4,7.3,166,Unhealthy,E,1016.35,1.09,Medium,High,Active,72.1,0.84,173.2,Increasing
14-07-2024 21:00,NODE_01,Sensor_Node_1_Industry_Zone,79.21,174.74,5.744,538.9,81.13,22.43,21.68,31.3,65.6,1.5,163,Unhealthy,E,1027.98,7.8,Low,High,Active,78.7,0.75,177.03,Stable
14-07-2024 22:00,NODE_01,Sensor_Node_1_Industry_Zone,92.35,132.79,4.433,543.4,60.69,30.86,20.52,31.2,75.7,6.1,500,Hazardous,SE,1011.45,2.84,Medium,Low,Active,98.1,0.8,485.87,Decreasing
14-07-2024 23:00,NODE_01,Sensor_Node_1_Industry_Zone,64.08,101.9,3.092,488.7,54.88,21.8,24.64,30.1,66.2,2.6,155,Unhealthy,E,1015.91,4.92,Medium,Low,Active,90,0.99,167.97,Increasing
15-07-2024 00:00,NODE_01,Sensor_Node_1_Industry_Zone,83.32,152.26,5.096,481.1,80.62,30.03,25.47,30.2,86.5,3.7,165,Unhealthy,S,1013.18,1.83,High,Low,Active,38.3,0.92,176.98,Decreasing
15-07-2024 01:00,NODE_01,Sensor_Node_1_Industry_Zone,100.57,153.24,5.476,497.4,73.98,33.42,17.02,31.2,81.3,0.3,174,Unhealthy,SW,1017.82,5.85,Low,Normal,Active,87.7,0.82,185.1,Stable
15-07-2024 02:00,NODE_01,Sensor_Node_1_Industry_Zone,85.94,166.32,5.046,494.9,69.85,24.9,16.13,31.1,74.1,1.8,167,Unhealthy,NE,1001.69,4.68,Medium,Normal,Active,45.8,0.95,168.71,Increasing
15-07-2024 03:00,NODE_01,Sensor_Node_1_Industry_Zone,34.03,89.5,1.68,473,27.08,9.98,26.92,31.3,75.1,3.3,97,Moderate,SE,1005.66,3.46,High,Low,Active,84.8,0.76,90.71,Increasing
15-07-2024 04:00,NODE_01,Sensor_Node_1_Industry_Zone,36.78,79.6,1.517,430,23.88,8.37,25.43,32.8,63.2,1.6,104,Unhealthy for Sensitive Groups,N,1012.86,9.55,Low,Low,Active,26.1,0.98,93.68,Increasing
15-07-2024 05:00,NODE_01,Sensor_Node_1_Industry_Zone,34.71,48.51,2.083,430.1,27.06,5.72,23.36,31.9,72,2.6,99,Moderate,SW,1017.32,3.79,Medium,Peak,Active,31.3,0.7,108.78,Increasing
15-07-2024 06:00,NODE_01,Sensor_Node_1_Industry_Zone,160.35,260.95,9.269,561.2,119.52,50.32,18.07,34.5,78,3,211,Very Unhealthy,S,1012.78,7.03,Low,High,Active,68.7,0.96,194.83,Decreasing
15-07-2024 07:00,NODE_01,Sensor_Node_1_Industry_Zone,160.35,270.78,9.121,519.3,125.08,43.72,19.56,35.4,68.7,4.7,211,Very Unhealthy,SW,1002.01,9.67,High,Peak,Active,70.8,0.94,193.62,Decreasing
15-07-2024 08:00,NODE_01,Sensor_Node_1_Industry_Zone,143.54,285.83,8.996,582.7,123.13,50.6,12.55,35.8,69.9,0.6,196,Unhealthy,SE,1007.06,7.28,Low,High,Active,63.3,0.79,192.33,Stable
15-07-2024 09:00,NODE_01,Sensor_Node_1_Industry_Zone,165.72,283.17,9.186,572.8,103.49,52.25,22.28,37.6,59.8,3.5,216,Very Unhealthy,NE,1007.23,7.19,Medium,Low,Active,77.1,0.81,205.11,Stable
15-07-2024 10:00,NODE_01,Sensor_Node_1_Industry_Zone,156.74,267.24,9.957,549,115.91,47.15,19.79,38.9,67.1,1.1,207,Very Unhealthy,SE,1014.33,8.05,Medium,High,Active,28.2,0.86,213.31,Stable
15-07-2024 11:00,NODE_01,Sensor_Node_1_Industry_Zone,149.54,284.62,8.516,576.5,112.46,45.29,10.25,36.2,64.8,4.7,200,Unhealthy,NW,1007.43,6.85,High,Low,Active,30.2,0.9,204.16,Decreasing
15-07-2024 12:00,NODE_01,Sensor_Node_1_Industry_Zone,161.06,262.87,10.512,536.7,116.88,45.29,15.6,38.4,58.9,1.2,211,Very Unhealthy,W,1007.92,4.68,High,Peak,Active,41.1,0.83,216.02,Stable
15-07-2024 13:00,NODE_01,Sensor_Node_1_Industry_Zone,150.01,255.72,9.351,517.9,109.98,51.11,20.23,38.3,64.9,7.8,200,Unhealthy,S,1018.51,3.11,Low,Low,Active,49.3,0.89,202.28,Stable
15-07-2024 14:00,NODE_01,Sensor_Node_1_Industry_Zone,151.56,280.15,9.39,541.9,115.66,50.54,12.36,37.2,63.9,4.7,202,Very Unhealthy,NW,1020.01,9.61,Medium,Normal,Active,67.6,0.93,186.43,Decreasing
15-07-2024 15:00,NODE_01,Sensor_Node_1_Industry_Zone,122.39,224.26,6.978,501.2,99.06,41.06,16.57,38.9,64.4,2.7,186,Unhealthy,S,1009.52,6.81,Low,Low,Active,74.9,0.9,199.58,Stable
15-07-2024 16:00,NODE_01,Sensor_Node_1_Industry_Zone,136.15,208.35,6.91,516.3,101.16,39.99,21.36,35.7,72.6,4.2,193,Unhealthy,SW,1014.55,1.06,Medium,High,Active,47.8,0.95,186.68,Increasing
15-07-2024 17:00,NODE_01,Sensor_Node_1_Industry_Zone,124.64,205.2,6.479,515.4,85.05,42.71,18.21,37.2,68.5,5.9,187,Unhealthy,N,1000.71,4.38,High,Normal,Active,59,0.72,183.04,Decreasing
15-07-2024 18:00,NODE_01,Sensor_Node_1_Industry_Zone,123.04,192.23,6.616,485.6,101.62,38.48,25.04,30,81.3,1.4,186,Unhealthy,E,1013.19,1.37,Low,Low,Active,27.2,0.89,172.14,Increasing
15-07-2024 19:00,NODE_01,Sensor_Node_1_Industry_Zone,122.66,220.18,6.981,494.3,85.63,35.42,20.3,32,63.7,2.3,186,Unhealthy,NE,1019.14,8.72,Low,Peak,Active,83.9,0.89,179.14,Increasing
15-07-2024 20:00,NODE_01,Sensor_Node_1_Industry_Zone,133.83,240.61,6.512,534.7,96.52,38.32,16.13,33,74.8,3.1,191,Unhealthy,SW,1015.16,2.99,Medium,Normal,Active,57.4,0.72,200.56,Stable
15-07-2024 21:00,NODE_01,Sensor_Node_1_Industry_Zone,102.45,212.07,6.809,512.4,102.96,41.37,20.28,29.3,74.1,5.9,175,Unhealthy,W,1012.61,5.85,Medium,Peak,Active,67.9,0.76,180.88,Stable
15-07-2024 22:00,NODE_01,Sensor_Node_1_Industry_Zone,119.87,225.79,6.596,517.1,93.4,34.26,18.16,29.7,85.7,2.3,184,Unhealthy,S,1009.67,2.81,High,Normal,Maintenance,45.3,0.94,167.77,Stable
15-07-2024 23:00,NODE_01,Sensor_Node_1_Industry_Zone,89.12,164.51,4.76,494.9,67.65,27.13,34.97,29.6,76.5,2,168,Unhealthy,S,1008.12,6.75,Medium,High,Active,42.4,0.97,178.58,Increasing
16-07-2024 00:00,NODE_01,Sensor_Node_1_Industry_Zone,95.63,166.74,5.498,531.9,64.93,36.39,23.16,31.4,80,5.1,172,Unhealthy,NE,1010.93,6.87,Medium,High,Active,49.3,0.73,163.28,Increasing
16-07-2024 01:00,NODE_01,Sensor_Node_1_Industry_Zone,107.43,177.88,5.097,508.6,70.43,25.3,13.54,30,83.7,3,178,Unhealthy,SW,1002.69,7.88,Medium,Low,Maintenance,91.3,0.96,181.5,Stable
16-07-2024 02:00,NODE_01,Sensor_Node_1_Industry_Zone,99.54,141.71,5.059,500.9,76.5,36.66,17.87,29.3,87.1,3.5,174,Unhealthy,W,1021.66,5.73,Low,High,Active,25.6,0.76,159.63,Decreasing
16-07-2024 03:00,NODE_01,Sensor_Node_1_Industry_Zone,32.46,77.04,2.632,469.5,33.07,15.75,23.29,32.9,78.7,3.1,94,Moderate,S,1015.39,8.49,Low,Normal,Active,22.9,0.75,98.08,Stable
16-07-2024 04:00,NODE_01,Sensor_Node_1_Industry_Zone,21.14,76.49,2.123,480.8,32.83,16.3,19.75,33,71.2,3.1,70,Moderate,N,1011.39,7.86,Medium,Normal,Active,64.4,0.96,66.81,Decreasing
16-07-2024 05:00,NODE_01,Sensor_Node_1_Industry_Zone,47.22,50.29,2.303,482.9,34.45,12.47,12.69,32.2,76.4,0.7,130,Unhealthy for Sensitive Groups,N,1008.28,5.65,Medium,Low,Active,59.1,0.86,133.75,Decreasing
16-07-2024 06:00,NODE_01,Sensor_Node_1_Industry_Zone,149.91,285.98,8.996,560.4,119.03,49.3,13.64,32.5,78.6,1.6,200,Unhealthy,E,1011.58,8.67,High,Normal,Maintenance,61.9,0.79,194.03,Increasing
16-07-2024 07:00,NODE_01,Sensor_Node_1_Industry_Zone,150.58,250.84,9.238,527.6,114.8,45.41,13.53,35.1,68.7,3.2,201,Very Unhealthy,W,1016.79,2.1,High,Low,Active,30.7,0.95,217.91,Increasing
16-07-2024 08:00,NODE_01,Sensor_Node_1_Industry_Zone,178.7,271.94,8.092,537.2,116.72,47.95,16.36,35,71,1.3,229,Very Unhealthy,SW,1018.07,2.26,Low,Peak,Active,69.3,0.97,208.19,Increasing
16-07-2024 09:00,NODE_01,Sensor_Node_1_Industry_Zone,138.73,282.02,8.171,536.3,112.47,51.62,15.08,37.2,74.4,3,194,Unhealthy,NW,1006.58,9.91,High,Low,Active,74.2,0.99,203.87,Decreasing
16-07-2024 10:00,NODE_01,Sensor_Node_1_Industry_Zone,157.68,293.44,9.362,535.7,126.55,51.97,11.19,37.2,58,3.1,208,Very Unhealthy,NW,1006.16,2.18,High,Peak,Active,81.3,0.71,188.29,Stable
16-07-2024 11:00,NODE_01,Sensor_Node_1_Industry_Zone,135.72,267.76,8.254,498.2,127.9,50.78,23.78,40.1,70.6,0.6,192,Unhealthy,SW,1024.47,6.68,High,Normal,Active,69.9,0.8,201.26,Increasing
16-07-2024 12:00,NODE_01,Sensor_Node_1_Industry_Zone,159.75,263.76,8.665,503.2,117.02,54.79,22.3,38.1,60.7,0.5,210,Very Unhealthy,SW,1018.82,6.75,Low,High,Active,74.8,0.75,225.45,Stable
16-07-2024 13:00,NODE_01,Sensor_Node_1_Industry_Zone,161.22,245.62,10.012,554.3,123.52,46.95,16.4,37.7,70.9,2.4,212,Very Unhealthy,SE,1016.25,4.48,High,Low,Active,43.2,0.83,220.57,Stable
16-07-2024 14:00,NODE_01,Sensor_Node_1_Industry_Zone,145.4,275.04,8.706,555.7,114.99,45.4,7.2,38.2,69.9,6.6,197,Unhealthy,NE,1011.17,4.92,Medium,Low,Active,31.8,0.95,186.68,Increasing
16-07-2024 15:00,NODE_01,Sensor_Node_1_Industry_Zone,130.96,217.39,5.289,524.9,83.88,32.85,8.46,33.7,69.4,0.3,190,Unhealthy,NW,1017.54,5.65,Low,High,Fault,58.9,0.77,173.4,Decreasing
16-07-2024 16:00,NODE_01,Sensor_Node_1_Industry_Zone,117.35,191.53,7.18,495.9,100.95,46.12,17.31,38.1,77.3,2.6,183,Unhealthy,N,1004.36,5.29,High,Low,Active,87.1,0.85,198.77,Stable
16-07-2024 17:00,NODE_01,Sensor_Node_1_Industry_Zone,123.88,185.43,6.391,503.8,97.82,35.7,15.02,33.2,66.5,3.3,186,Unhealthy,N,1021.19,6.67,Medium,High,Active,65.7,0.97,197.55,Increasing
16-07-2024 18:00,NODE_01,Sensor_Node_1_Industry_Zone,118.58,229.89,7.181,518.2,102.08,38.95,22.98,35.3,71.1,4.9,184,Unhealthy,N,1011.79,1.57,Low,Normal,Active,57.5,0.87,179.81,Stable
16-07-2024 19:00,NODE_01,Sensor_Node_1_Industry_Zone,112.03,224.28,8.023,507,99.54,36.29,19.41,34.6,79,0.7,180,Unhealthy,N,1016.75,3.07,Medium,Normal,Active,54.8,0.8,182.15,Increasing
16-07-2024 20:00,NODE_01,Sensor_Node_1_Industry_Zone,115.24,209.64,6.513,509.6,81.44,35.05,22.66,33.1,73.3,5.7,182,Unhealthy,W,1015.88,6.1,High,Peak,Active,82,0.83,194,Stable
16-07-2024 21:00,NODE_01,Sensor_Node_1_Industry_Zone,123.72,217.75,6.5,471.8,86.96,39.7,23.2,31.5,79.4,2.8,186,Unhealthy,E,1011.21,6.06,High,High,Fault,71.2,0.96,182.13,Increasing
16-07-2024 22:00,NODE_01,Sensor_Node_1_Industry_Zone,123.72,202.22,6.633,511.7,98.71,36.7,17.36,32.6,74.1,0.9,186,Unhealthy,S,1010.95,3.17,Medium,Low,Active,93.5,0.9,198.13,Increasing
16-07-2024 23:00,NODE_01,Sensor_Node_1_Industry_Zone,92.46,182.96,5.529,462.3,81.26,31.34,18.93,32.2,73.1,3,170,Unhealthy,SW,1019.33,1.84,Medium,Normal,Active,78.1,0.87,184.67,Stable
17-07-2024 00:00,NODE_01,Sensor_Node_1_Industry_Zone,100.44,202.55,5.466,488.9,63.09,29.76,15.62,29.7,95,2.2,174,Unhealthy,N,1018.16,2.89,Medium,Peak,Active,69.1,0.78,171.94,Stable
17-07-2024 01:00,NODE_01,Sensor_Node_1_Industry_Zone,93.36,153.83,5.9,489,81.82,28.98,19.54,28.8,75.5,8.8,171,Unhealthy,SW,1001.37,5.77,High,Low,Active,93.1,0.99,186.87,Stable
17-07-2024 02:00,NODE_01,Sensor_Node_1_Industry_Zone,78.53,129.78,5.688,459.2,73.4,28.24,25.5,28,80.8,4.7,163,Unhealthy,E,1001.85,4.44,Low,High,Active,22.1,0.99,152.98,Stable
17-07-2024 03:00,NODE_01,Sensor_Node_1_Industry_Zone,41.15,67.48,1.016,454.6,31.64,11.62,20.79,30.6,85,2.2,115,Unhealthy for Sensitive Groups,NW,1006.32,3.66,High,Normal,Active,72.7,0.88,105.29,Increasing
17-07-2024 04:00,NODE_01,Sensor_Node_1_Industry_Zone,26.75,66.01,3.075,486.2,33.95,8.68,20.62,33.3,83,2.7,82,Moderate,W,1006.64,1.44,Low,Low,Maintenance,23,0.94,84.89,Increasing
17-07-2024 05:00,NODE_01,Sensor_Node_1_Industry_Zone,33.36,76.5,2.813,419.8,32.56,18.31,22.2,31.4,76.5,0.8,96,Moderate,SE,1005.29,1.47,Medium,Normal,Active,47.5,0.77,100.23,Stable
17-07-2024 06:00,NODE_01,Sensor_Node_1_Industry_Zone,153.98,242.62,9.162,569.7,112.6,47.09,16.86,38.3,78.6,4.8,204,Very Unhealthy,SW,1013.63,8.31,Low,Peak,Active,41.4,0.9,206.09,Decreasing
17-07-2024 07:00,NODE_01,Sensor_Node_1_Industry_Zone,153.25,253.27,9.266,520.9,124.07,49.22,17,34.5,74.6,3.6,204,Very Unhealthy,S,1009.22,5.95,High,High,Active,90.9,0.74,211.82,Decreasing
17-07-2024 08:00,NODE_01,Sensor_Node_1_Industry_Zone,165.35,247.74,9.056,554.2,114.39,55.25,21.47,35.9,74.9,0.5,216,Very Unhealthy,SE,1019.24,9.4,High,Low,Active,31.2,0.97,220.32,Decreasing
17-07-2024 09:00,NODE_01,Sensor_Node_1_Industry_Zone,134.71,285.01,9.403,521.4,119.36,42.29,12.18,38.5,67.7,4.3,500,Hazardous,NW,1020.72,3.21,Low,High,Active,78.1,0.93,509.83,Stable
17-07-2024 10:00,NODE_01,Sensor_Node_1_Industry_Zone,573.13,1045.28,25.851,548.5,109.59,119.61,14.39,37.4,64.6,3.8,500,Hazardous,S,1011.83,2.25,Medium,Low,Active,90.2,0.74,548.4,Stable
17-07-2024 11:00,NODE_01,Sensor_Node_1_Industry_Zone,152.11,261.36,9,541.7,122.93,49.92,14.25,37.6,61.9,3.7,203,Very Unhealthy,SW,1022.1,1.27,Medium,Low,Active,37.5,0.73,187.1,Stable
17-07-2024 12:00,NODE_01,Sensor_Node_1_Industry_Zone,146.7,262.1,8.766,536.6,115.28,51.52,7.45,39.6,69.8,2.7,198,Unhealthy,S,1012.15,6.34,High,Peak,Active,32.5,0.73,180.97,Stable
17-07-2024 13:00,NODE_01,Sensor_Node_1_Industry_Zone,144.06,262.6,10.25,550.8,104.95,47.64,15.73,38.2,58.3,5,197,Unhealthy,S,1009.39,6.34,Medium,Low,Active,63.9,0.88,190.6,Decreasing
17-07-2024 14:00,NODE_01,Sensor_Node_1_Industry_Zone,152.92,255.95,8.408,545.7,123.02,53.76,18.87,36.7,71.1,0.8,203,Very Unhealthy,E,1012.39,2.94,Medium,Normal,Active,50.2,0.91,202.64,Stable
17-07-2024 15:00,NODE_01,Sensor_Node_1_Industry_Zone,125.67,205.84,7.205,559.7,96.19,37.88,14.24,36.1,80.8,4.9,187,Unhealthy,NE,1017.67,4.68,High,Peak,Active,60.6,0.75,170.14,Decreasing
17-07-2024 16:00,NODE_01,Sensor_Node_1_Industry_Zone,120.19,216.46,7.564,505.5,89.59,46.96,23.32,37.2,73.7,6.1,184,Unhealthy,SE,1002.31,2.08,Medium,Peak,Active,85.6,0.77,192.92,Increasing
17-07-2024 17:00,NODE_01,Sensor_Node_1_Industry_Zone,126.88,241.05,7.19,526.2,83.92,37.02,12.4,36.9,55.1,2.7,188,Unhealthy,S,1010.75,2.33,High,High,Active,83.5,0.97,190.85,Increasing
17-07-2024 18:00,NODE_01,Sensor_Node_1_Industry_Zone,116.55,205.93,7.86,522.9,88.25,44.58,18.49,34.1,64.8,3,183,Unhealthy,W,1013.78,6.68,Low,High,Active,72.8,0.72,172.05,Increasing
17-07-2024 19:00,NODE_01,Sensor_Node_1_Industry_Zone,115.28,213.89,7.94,522.7,75.13,41.37,11.15,31.5,68.7,1.9,182,Unhealthy,NW,1014.18,3.84,Medium,High,Active,30.9,0.76,181.4,Increasing
17-07-2024 20:00,NODE_01,Sensor_Node_1_Industry_Zone,124.83,193.05,7.346,556.1,84.77,39.18,5.78,31.5,78.9,1.3,187,Unhealthy,S,1009.79,3.72,Low,High,Active,23,0.7,201.27,Decreasing
17-07-2024 21:00,NODE_01,Sensor_Node_1_Industry_Zone,128.97,213.88,7.613,561.6,106.07,38.23,11.14,30.6,70.6,4.7,189,Unhealthy,N,1014.93,6.4,Medium,Normal,Active,46.8,0.71,177.61,Decreasing
17-07-2024 22:00,NODE_01,Sensor_Node_1_Industry_Zone,126.81,196.26,7.132,530.9,93.38,36.53,24.27,27.7,75.2,7.9,188,Unhealthy,SW,1013.75,3.22,High,High,Fault,27.5,0.77,202.78,Increasing
17-07-2024 23:00,NODE_01,Sensor_Node_1_Industry_Zone,92.07,168.15,5.358,484,67.71,27.79,24.74,29.2,82.9,0.6,170,Unhealthy,N,1008.45,1.14,Medium,Peak,Active,53.2,0.87,154.22,Decreasing
18-07-2024 00:00,NODE_01,Sensor_Node_1_Industry_Zone,97.35,149.42,5.695,494.4,66.39,32.35,23.53,31.7,83.8,3.2,173,Unhealthy,NW,1025.09,3.75,Low,Peak,Fault,42.4,0.88,178.33,Increasing
18-07-2024 01:00,NODE_01,Sensor_Node_1_Industry_Zone,96.33,139.95,5.851,498.4,62.34,29.74,20.41,32.1,73.5,2.4,172,Unhealthy,NW,1014.64,8.87,High,Low,Active,83.2,0.75,155.88,Increasing
18-07-2024 02:00,NODE_01,Sensor_Node_1_Industry_Zone,106.28,144.61,5.539,488.8,69.87,33.48,29.16,30.9,81.1,3.9,177,Unhealthy,E,1010.01,8.88,High,Low,Active,87.1,0.77,185.78,Increasing
18-07-2024 03:00,NODE_01,Sensor_Node_1_Industry_Zone,41.13,80.75,2.009,465.9,37.17,16.93,21.7,30.9,77.7,3.5,115,Unhealthy for Sensitive Groups,S,1008.57,9.27,Medium,Low,Active,98.2,0.92,120.47,Increasing
18-07-2024 04:00,NODE_01,Sensor_Node_1_Industry_Zone,38.4,70.47,1.951,422.6,25.17,13.48,28.37,32.2,77.1,0.5,108,Unhealthy for Sensitive Groups,SE,1018.18,2.74,High,Normal,Active,97.7,0.84,103.61,Stable
18-07-2024 05:00,NODE_01,Sensor_Node_1_Industry_Zone,35.8,73.45,2.981,459.2,35.07,13.78,17.48,31.4,76.3,6.8,102,Unhealthy for Sensitive Groups,SW,1012.61,7.03,High,High,Maintenance,21.7,0.91,106.43,Increasing
18-07-2024 06:00,NODE_01,Sensor_Node_1_Industry_Zone,167.41,276.16,9.589,542.7,111.95,50.17,11.98,36.3,76.7,2.5,218,Very Unhealthy,SE,1027.29,5.43,Medium,Normal,Active,52.9,0.96,216.14,Decreasing
18-07-2024 07:00,NODE_01,Sensor_Node_1_Industry_Zone,158.16,274.23,8.305,540.9,115.42,53.05,17.14,37.1,66.8,3.3,209,Very Unhealthy,N,1009.38,3.37,Medium,High,Active,99.9,0.9,223.29,Increasing
18-07-2024 08:00,NODE_01,Sensor_Node_1_Industry_Zone,140.92,253.14,8.885,561,120.85,45.73,15.3,39,69.7,4.8,195,Unhealthy,N,1004.54,6.79,High,Normal,Active,48.2,0.76,211.73,Decreasing
18-07-2024 09:00,NODE_01,Sensor_Node_1_Industry_Zone,151.38,259.61,9.211,535.1,122.64,51.08,18.41,35.7,62.8,2.8,202,Very Unhealthy,NE,1011.83,6.49,High,Peak,Active,57,0.85,191.01,Decreasing
18-07-2024 10:00,NODE_01,Sensor_Node_1_Industry_Zone,156.28,261.71,9.409,530.1,116.65,53.54,21.86,36.7,78.6,3.5,500,Hazardous,S,1013.05,2.3,Medium,Low,Active,82,0.88,470.96,Increasing
18-07-2024 11:00,NODE_01,Sensor_Node_1_Industry_Zone,156.51,260.64,9.177,540.2,118.12,46.75,20.95,36.1,59.6,4.1,207,Very Unhealthy,S,999.29,7.85,Low,Peak,Active,79,0.7,223.6,Decreasing
18-07-2024 12:00,NODE_01,Sensor_Node_1_Industry_Zone,151.18,275.81,9.497,555.7,115.42,46.04,5,37.6,73.1,1.7,500,Hazardous,SW,1010.14,9.2,High,Peak,Active,86.7,0.85,523.7,Decreasing
18-07-2024 13:00,NODE_01,Sensor_Node_1_Industry_Zone,145.01,267.49,9.314,529.1,118.79,48.74,19.53,38.2,66.5,3.3,197,Unhealthy,NW,1009.79,3.78,Medium,High,Active,41.2,0.76,216.51,Stable
18-07-2024 14:00,NODE_01,Sensor_Node_1_Industry_Zone,148.48,264.8,8.922,542.4,135.27,51.88,5.82,36.6,55.2,2.7,199,Unhealthy,N,1009.79,1.89,High,Low,Active,21.6,0.99,187.38,Decreasing
18-07-2024 15:00,NODE_01,Sensor_Node_1_Industry_Zone,120.56,191.51,7.36,515.8,96.2,39.9,11.43,37.6,79.3,1.5,185,Unhealthy,W,1008.22,4.27,Low,Normal,Active,70.1,0.87,192.7,Increasing
18-07-2024 16:00,NODE_01,Sensor_Node_1_Industry_Zone,111.78,200.09,7.395,535.1,95.91,43.52,21.94,36.8,65,3,180,Unhealthy,N,1003.94,8.64,Medium,Low,Active,75.2,0.85,194.82,Increasing
18-07-2024 17:00,NODE_01,Sensor_Node_1_Industry_Zone,124.59,217.43,8.007,492.2,97.45,46.24,22.19,36.3,74,4.9,187,Unhealthy,N,1016.55,5.16,Low,Peak,Active,63,0.81,182.82,Decreasing
18-07-2024 18:00,NODE_01,Sensor_Node_1_Industry_Zone,133.59,197.58,6.475,515.7,78.95,45.24,24.5,33.3,69.8,0.9,191,Unhealthy,NE,1008.5,7.88,Medium,Low,Active,31.1,0.83,193.09,Stable
18-07-2024 19:00,NODE_01,Sensor_Node_1_Industry_Zone,122.62,213.53,7.232,525.8,92.87,44.09,20.63,32.1,81.6,2.8,186,Unhealthy,SW,1005.86,6.27,Medium,Normal,Active,42.4,0.76,188.79,Increasing
18-07-2024 20:00,NODE_01,Sensor_Node_1_Industry_Zone,130.94,202.68,7.323,525.6,88.06,40.03,17.62,31.2,88.8,0.3,190,Unhealthy,NE,1007.44,9.78,High,High,Active,29,0.98,208.69,Increasing
18-07-2024 21:00,NODE_01,Sensor_Node_1_Industry_Zone,117.1,226.87,6.972,496.2,94.8,42.92,23,33.5,93.9,1.1,183,Unhealthy,NE,1009.17,6.01,Low,High,Active,47.7,0.97,199.83,Decreasing
18-07-2024 22:00,NODE_01,Sensor_Node_1_Industry_Zone,126.82,209.07,7.631,492.5,110.66,43.74,9.98,29.5,82.1,3.6,188,Unhealthy,S,1012.65,8.04,Medium,Low,Fault,34.9,0.79,174.31,Decreasing
18-07-2024 23:00,NODE_01,Sensor_Node_1_Industry_Zone,101.81,132.34,5.331,510.6,66.7,24.21,21.53,29.2,81.6,2,175,Unhealthy,W,1016.01,4.46,Medium,Normal,Active,59.3,0.99,161.67,Stable
19-07-2024 00:00,NODE_01,Sensor_Node_1_Industry_Zone,76.23,161.98,5.296,469.2,71.92,34.35,19.72,30.4,79.6,2.8,162,Unhealthy,NW,1006.28,5.04,High,Normal,Active,48.4,0.76,173.56,Stable
19-07-2024 01:00,NODE_01,Sensor_Node_1_Industry_Zone,82.77,168.79,5.761,488.1,74.81,31.22,13.71,29.6,74.1,1.7,165,Unhealthy,W,1009.12,3.43,Medium,Peak,Active,32.6,0.75,164.51,Decreasing
19-07-2024 02:00,NODE_01,Sensor_Node_1_Industry_Zone,101.41,182.03,5.865,513.5,68.15,27.69,16.91,31.5,78.6,3.3,175,Unhealthy,W,1003.93,3.28,Medium,Peak,Active,48.6,0.74,188.65,Stable
19-07-2024 03:00,NODE_01,Sensor_Node_1_Industry_Zone,37.88,54.76,1.9,458.8,36.69,14.81,34.48,33.6,78.9,2,500,Hazardous,NE,991.65,5.98,High,Peak,Active,90.6,0.9,475.91,Stable
19-07-2024 04:00,NODE_01,Sensor_Node_1_Industry_Zone,35.4,77.04,3.153,454,37.58,11.62,28.11,33.2,63.1,3.4,500,Hazardous,S,1012.93,7.04,Low,Low,Maintenance,41,0.85,503.38,Stable
19-07-2024 05:00,NODE_01,Sensor_Node_1_Industry_Zone,35.19,49.75,1.025,439.9,28.9,9.06,25.72,33.7,77.6,2.7,100,Moderate,N,1021.12,1.32,Low,Low,Active,51.5,0.8,90.8,Increasing
19-07-2024 06:00,NODE_01,Sensor_Node_1_Industry_Zone,151.56,274.01,9.205,549.5,114.92,49.09,12.36,35.2,66.5,2.5,202,Very Unhealthy,S,1015.13,1.35,High,Low,Active,33.8,0.79,185.6,Decreasing
19-07-2024 07:00,NODE_01,Sensor_Node_1_Industry_Zone,601.05,959.9,24.766,529.3,115.29,91.78,15.01,36.4,73.9,3.1,500,Hazardous,NW,1008.96,1.25,Low,Normal,Active,83.7,0.87,519.5,Increasing
19-07-2024 08:00,NODE_01,Sensor_Node_1_Industry_Zone,623.72,1037.56,27.202,552,113.52,130.58,19.98,36.2,74.8,0.3,500,Hazardous,W,1012.58,5.8,Medium,Low,Active,69.7,0.88,504.97,Increasing
19-07-2024 09:00,NODE_01,Sensor_Node_1_Industry_Zone,149.65,276.37,9.295,546.3,116.23,52.55,11.24,35.6,68.1,2,200,Unhealthy,NW,1004.95,6.25,Low,Low,Active,20.3,0.73,183.86,Increasing
19-07-2024 10:00,NODE_01,Sensor_Node_1_Industry_Zone,157.64,276.82,8.921,583.7,112.82,48.96,14.02,37.3,64.8,2.6,208,Very Unhealthy,SE,1011.27,5.94,High,High,Active,55.9,0.89,221.21,Stable
19-07-2024 11:00,NODE_01,Sensor_Node_1_Industry_Zone,142.75,283.2,10.061,565,112.17,47.62,15.2,40.5,65.2,2.5,196,Unhealthy,W,1009.43,5.36,Low,High,Active,98.2,0.9,202.49,Increasing
19-07-2024 12:00,NODE_01,Sensor_Node_1_Industry_Zone,160.06,275.66,8.86,553.3,101.69,50.82,20.3,36.8,61,2.5,210,Very Unhealthy,NW,1006.88,6.04,Low,High,Maintenance,93.5,0.97,221.63,Stable
19-07-2024 13:00,NODE_01,Sensor_Node_1_Industry_Zone,139.07,269.37,9.262,568.2,116.52,48.24,16.87,39.8,65.2,2.1,194,Unhealthy,SW,1014.43,3.71,High,Low,Active,96.7,0.94,195.91,Increasing
19-07-2024 14:00,NODE_01,Sensor_Node_1_Industry_Zone,144.23,278.1,8.8,530.1,112.59,50.74,14.8,37.1,74.9,3.1,197,Unhealthy,W,1027.6,9.23,Low,Normal,Active,94.3,0.96,206.56,Decreasing
19-07-2024 15:00,NODE_01,Sensor_Node_1_Industry_Zone,135.5,201.92,7.044,521.4,92.59,41.24,21.76,37.3,63.9,1.9,192,Unhealthy,E,1021.99,8.66,High,Peak,Active,70.2,0.77,175.87,Increasing
19-07-2024 16:00,NODE_01,Sensor_Node_1_Industry_Zone,116.37,240.27,6.772,494.3,96.32,39.88,17.42,38.1,72.3,1.4,182,Unhealthy,W,1011.57,5.51,Low,Peak,Active,46.2,0.9,193.23,Increasing
19-07-2024 17:00,NODE_01,Sensor_Node_1_Industry_Zone,118.96,225.05,7.014,483.5,93.74,34.17,29.32,33.6,69.5,1.4,184,Unhealthy,W,1017.3,6.5,High,Low,Active,82.5,0.95,176.48,Increasing
19-07-2024 18:00,NODE_01,Sensor_Node_1_Industry_Zone,120.88,218.71,7.931,529.6,104.43,36.13,19.99,34.2,74.1,1,185,Unhealthy,N,1017.18,6.49,Low,High,Active,20.3,0.72,200.45,Increasing
19-07-2024 19:00,NODE_01,Sensor_Node_1_Industry_Zone,134.21,220.28,6.279,511.5,93.14,36.64,23.69,31.4,72.7,4.5,192,Unhealthy,SE,1008.11,3.17,High,Peak,Active,56.5,0.85,182.57,Stable
19-07-2024 20:00,NODE_01,Sensor_Node_1_Industry_Zone,123.12,225.91,7.518,518,86.45,34.58,18.93,31.2,80.5,1.4,186,Unhealthy,NW,1015.86,2.43,High,Normal,Active,91.4,0.86,194.96,Decreasing
19-07-2024 21:00,NODE_01,Sensor_Node_1_Industry_Zone,129.17,219.95,6.659,502.1,87.22,39.77,24.25,31.2,73.6,1,189,Unhealthy,NW,1003.35,9.01,Medium,Normal,Active,41.6,0.87,205.64,Stable
19-07-2024 22:00,NODE_01,Sensor_Node_1_Industry_Zone,111,220.53,6.778,517.9,91.6,43.67,17.61,30.4,80.1,2.7,180,Unhealthy,E,1007.17,4.52,Low,Normal,Active,26.1,0.99,167.5,Decreasing
19-07-2024 23:00,NODE_01,Sensor_Node_1_Industry_Zone,109.26,159.64,5.114,473.5,66.69,27.15,24.07,28.5,85.8,3,179,Unhealthy,SE,1013.43,9.18,High,Low,Maintenance,28.3,0.97,178.58,Decreasing
20-07-2024 00:00,NODE_01,Sensor_Node_1_Industry_Zone,60.06,95.94,3.629,510.2,40.94,13.52,24.32,30.5,71.3,1.9,153,Unhealthy,NW,1009.51,7.24,Medium,Normal,Active,54,0.85,152.58,Stable
20-07-2024 01:00,NODE_01,Sensor_Node_1_Industry_Zone,54.19,99.21,3.361,478.9,40.56,18.74,21.64,29.7,84.7,1.9,147,Unhealthy for Sensitive Groups,W,1022.54,7.58,Low,Peak,Active,81,0.75,140.42,Stable
20-07-2024 02:00,NODE_01,Sensor_Node_1_Industry_Zone,212.84,371.74,8.685,463.7,45.92,39.01,15.19,28.4,76.7,5.2,263,Very Unhealthy,NW,1015.89,2.64,Low,Low,Maintenance,59,0.97,261.65,Stable
20-07-2024 03:00,NODE_01,Sensor_Node_1_Industry_Zone,23.16,41.97,1.294,436.9,14.15,7.5,30.09,32.1,66.8,1.4,74,Moderate,W,1009.71,8.99,Low,Peak,Active,60,0.8,74.91,Increasing
20-07-2024 04:00,NODE_01,Sensor_Node_1_Industry_Zone,12.53,47.08,1.408,482.9,16.77,5.09,20.64,31.3,78.5,2.8,52,Moderate,E,1009.18,8.15,High,High,Active,65,0.94,53.58,Stable
20-07-2024 05:00,NODE_01,Sensor_Node_1_Industry_Zone,30.66,44.43,1.114,452.8,28.79,11.64,18.96,34,60.9,2.9,90,Moderate,E,1013.12,1.53,Low,Normal,Active,49.4,0.99,94.36,Stable
20-07-2024 06:00,NODE_01,Sensor_Node_1_Industry_Zone,104.99,177.77,6.777,543,75.69,37.38,14.13,34.6,74.7,5,177,Unhealthy,W,1005.67,9.1,High,High,Active,45.5,0.77,180.79,Increasing
20-07-2024 07:00,NODE_01,Sensor_Node_1_Industry_Zone,92.33,178.32,6.917,561.5,70.56,42.11,19.45,35.7,69.9,3.2,170,Unhealthy,NE,1015.57,5.91,Medium,Peak,Active,28.7,0.98,156.91,Stable
20-07-2024 08:00,NODE_01,Sensor_Node_1_Industry_Zone,100.26,171.04,6.311,556.5,75.39,26.68,16.18,34.9,66.2,2.2,174,Unhealthy,SE,1003.75,7.27,Low,Low,Active,73.9,0.73,173.36,Increasing
20-07-2024 09:00,NODE_01,Sensor_Node_1_Industry_Zone,99.1,176.99,5.837,540.8,80.02,30.12,17.66,38.8,66.2,2.9,174,Unhealthy,NW,1015.74,8.44,Medium,High,Active,36.2,0.81,187.48,Decreasing
20-07-2024 10:00,NODE_01,Sensor_Node_1_Industry_Zone,93.28,184.8,5.768,559.9,79.33,31.45,23.61,36.7,53.8,4.5,171,Unhealthy,SW,1011.01,3.07,High,Normal,Active,43.1,0.92,180.43,Decreasing
20-07-2024 11:00,NODE_01,Sensor_Node_1_Industry_Zone,107.14,160.56,5.7,534.5,82.98,35.36,17.07,38.2,59.3,4.2,178,Unhealthy,SE,1014.49,4.09,High,Low,Active,95.8,0.96,174.1,Decreasing
20-07-2024 12:00,NODE_01,Sensor_Node_1_Industry_Zone,118.43,179.49,6.14,549.6,71.56,37.76,15.72,37.7,65.2,3.8,183,Unhealthy,N,1005.92,8.26,Medium,Peak,Active,65.8,0.76,180.57,Stable
20-07-2024 13:00,NODE_01,Sensor_Node_1_Industry_Zone,99.57,171.55,5.733,549.8,76.97,30.54,12.18,38,61.7,1.9,174,Unhealthy,SW,1013.47,4.34,Medium,Normal,Active,87.8,0.95,182.7,Increasing
20-07-2024 14:00,NODE_01,Sensor_Node_1_Industry_Zone,102.14,189.61,5.998,557,75.95,33.33,24.26,38.7,72.4,6.9,175,Unhealthy,S,1026.47,6.89,Medium,Low,Active,55.8,0.94,172.69,Increasing
20-07-2024 15:00,NODE_01,Sensor_Node_1_Industry_Zone,77.97,129.83,3.478,522.9,67.88,26.43,15.42,36.3,55.6,4.4,163,Unhealthy,SW,1009.26,8.37,Low,Normal,Active,70.6,0.81,165.09,Increasing
20-07-2024 16:00,NODE_01,Sensor_Node_1_Industry_Zone,77.41,122.71,4.309,494.8,52.19,22.19,21.56,35.2,62.4,2.4,162,Unhealthy,SW,1013.9,7.97,Medium,Low,Active,49.6,0.73,164.65,Increasing
20-07-2024 17:00,NODE_01,Sensor_Node_1_Industry_Zone,86.11,152.26,4.695,529.7,59.58,32.63,16.49,31.1,65.1,3.5,167,Unhealthy,SW,1021.03,6.44,Medium,Normal,Active,84.9,0.92,176.27,Stable
20-07-2024 18:00,NODE_01,Sensor_Node_1_Industry_Zone,79.1,124.51,4.668,515.5,60.98,28.36,19.31,33.6,66,5.2,163,Unhealthy,SE,1016.57,9.32,Low,High,Active,22.8,0.86,147,Increasing
20-07-2024 19:00,NODE_01,Sensor_Node_1_Industry_Zone,90.96,166.06,5.531,528.4,49.43,19.02,15.66,32.9,73,1.6,169,Unhealthy,SE,1014.59,3.68,High,Peak,Active,82.8,0.97,154.06,Stable
20-07-2024 20:00,NODE_01,Sensor_Node_1_Industry_Zone,92.94,159.39,4.004,482.3,60.52,31.26,18.24,32.4,72.4,3.6,170,Unhealthy,N,1005.92,4.86,Low,Normal,Active,87,0.98,170.53,Stable
20-07-2024 21:00,NODE_01,Sensor_Node_1_Industry_Zone,81.25,146.38,3.828,554.3,49.59,26.83,17.65,31,81.5,2,164,Unhealthy,N,1004.33,7.95,Medium,Normal,Active,85.9,0.89,173.28,Decreasing
20-07-2024 22:00,NODE_01,Sensor_Node_1_Industry_Zone,70.91,154.03,4.792,527.3,66.84,34.17,27.48,31,78.1,4.2,500,Hazardous,NE,1012.32,7.86,High,High,Active,86.3,0.89,530.28,Increasing
20-07-2024 23:00,NODE_01,Sensor_Node_1_Industry_Zone,55.8,93.53,3.854,508.8,38.01,20.42,20.47,30.1,72.1,2.6,151,Unhealthy,SW,1009.22,6.94,High,High,Active,93.1,0.72,165.18,Increasing
21-07-2024 00:00,NODE_01,Sensor_Node_1_Industry_Zone,52.9,108.69,3.679,496.2,36.09,15.18,17.72,30,76,0.7,144,Unhealthy for Sensitive Groups,S,1011.89,2.13,Low,Peak,Active,61.9,0.72,148.62,Stable
21-07-2024 01:00,NODE_01,Sensor_Node_1_Industry_Zone,62.55,117.4,2.995,473.3,46.81,19.33,24.52,30.1,88.2,3.4,155,Unhealthy,S,1013.23,6.21,Low,Low,Active,73.7,0.78,167.48,Increasing
21-07-2024 02:00,NODE_01,Sensor_Node_1_Industry_Zone,61.65,84.1,2.46,470.3,54.33,24.04,20.16,30,72.1,1.8,154,Unhealthy,NE,1007.94,9.69,Low,Normal,Active,47,0.99,139.77,Decreasing
21-07-2024 03:00,NODE_01,Sensor_Node_1_Industry_Zone,23.53,36.59,2.311,424.2,21.86,15.22,28.87,29.5,67,4,75,Moderate,SW,1014.96,3.38,Medium,Low,Maintenance,59.8,0.86,80.3,Decreasing
21-07-2024 04:00,NODE_01,Sensor_Node_1_Industry_Zone,34.88,50.9,1.214,436.6,9.97,8.71,17.98,33.4,78.5,2.8,99,Moderate,SW,1023.15,1.62,High,Low,Active,45.9,0.8,100.81,Stable
21-07-2024 05:00,NODE_01,Sensor_Node_1_Industry_Zone,29.48,37.77,1.507,456,15.51,6.29,28.4,31.3,69.1,5.4,88,Moderate,SW,1005.94,1.13,Low,Normal,Active,68.9,0.8,93.49,Decreasing
21-07-2024 06:00,NODE_01,Sensor_Node_1_Industry_Zone,92.35,197.96,5.149,568.9,84.84,27.04,7.84,35.1,69.7,2.6,170,Unhealthy,N,1009.18,6.43,Medium,High,Active,52.9,0.81,184.68,Decreasing
21-07-2024 07:00,NODE_01,Sensor_Node_1_Industry_Zone,92.04,162.72,5.52,490.6,77.08,29.11,20.05,36.4,71.8,5.4,170,Unhealthy,W,1011.7,1.47,Medium,Peak,Active,49.4,0.79,168.89,Decreasing
21-07-2024 08:00,NODE_01,Sensor_Node_1_Industry_Zone,102.04,175.19,5.474,529.9,85.7,35.7,17.03,36.9,68.6,2.3,175,Unhealthy,N,1018.84,9.33,High,High,Active,22.6,0.84,161.53,Stable
21-07-2024 09:00,NODE_01,Sensor_Node_1_Industry_Zone,101.58,185.59,6.241,526.9,85.15,23.89,17.76,36.9,65.9,1.3,175,Unhealthy,N,1004.88,8.96,High,Low,Maintenance,58.9,0.96,179.7,Increasing
21-07-2024 10:00,NODE_01,Sensor_Node_1_Industry_Zone,100.25,181.06,4.921,559,73.57,36.82,19.22,36.8,66.3,2.5,174,Unhealthy,W,1005.61,9.11,High,High,Active,36.9,0.93,172.3,Increasing
21-07-2024 11:00,NODE_01,Sensor_Node_1_Industry_Zone,99.94,166.77,5.033,543.2,72.08,30.75,23.42,36.6,65.2,1.7,174,Unhealthy,W,999.02,6.83,Low,Peak,Active,39.9,0.96,190.48,Stable
21-07-2024 12:00,NODE_01,Sensor_Node_1_Industry_Zone,122.27,148.61,6.146,584.7,83.99,32.95,10.14,40,71.6,1.5,185,Unhealthy,NW,1009.36,1.28,High,High,Active,29.2,0.8,174.51,Stable
21-07-2024 13:00,NODE_01,Sensor_Node_1_Industry_Zone,87.86,132.87,5.209,542.9,80.5,31.47,22.87,39.4,65.5,5.3,168,Unhealthy,SE,1016.08,6.06,High,High,Active,46.3,0.99,156.47,Stable
21-07-2024 14:00,NODE_01,Sensor_Node_1_Industry_Zone,99.96,152.94,5.676,553,85.64,36.6,17.67,39.7,69.3,3.4,174,Unhealthy,S,1018.39,1.7,High,Low,Active,49.8,0.73,177.66,Stable
21-07-2024 15:00,NODE_01,Sensor_Node_1_Industry_Zone,79.37,156.55,4.065,500.3,55.43,26.94,27.52,35.1,73.2,3.3,163,Unhealthy,S,1014.14,1.74,Medium,High,Active,83.6,0.87,158.5,Increasing
21-07-2024 16:00,NODE_01,Sensor_Node_1_Industry_Zone,67.31,148.68,5.099,527,55.01,21.98,24.76,37.6,75.2,2.5,157,Unhealthy,E,1008.39,1.5,Medium,High,Active,21.4,0.94,149.99,Increasing
21-07-2024 17:00,NODE_01,Sensor_Node_1_Industry_Zone,89.33,128.92,4.419,505.2,63.09,30.67,16.93,33.8,75.3,3.7,500,Hazardous,E,1016.24,2.09,High,Low,Active,37.1,0.75,484.6,Increasing
21-07-2024 18:00,NODE_01,Sensor_Node_1_Industry_Zone,77.42,143.08,4.152,528.9,60.92,23.15,21.05,32.9,67.7,3.2,162,Unhealthy,SE,1013.23,5.76,Medium,Normal,Active,67.7,0.88,171.25,Decreasing
21-07-2024 19:00,NODE_01,Sensor_Node_1_Industry_Zone,70.47,154.64,4.434,501.4,48.47,17.51,22.03,30,66.7,3.6,500,Hazardous,SE,1000.48,6.1,Low,Normal,Active,65.2,0.86,462.43,Increasing
21-07-2024 20:00,NODE_01,Sensor_Node_1_Industry_Zone,82.68,138.42,4.481,495.3,56.71,25.05,8.95,30.8,72.8,5.2,500,Hazardous,W,1004.63,7.99,Medium,Normal,Active,40.4,0.73,463.39,Decreasing
21-07-2024 21:00,NODE_01,Sensor_Node_1_Industry_Zone,74.57,149.4,5.415,488.7,58.21,31.12,9.67,29.4,72.5,1.2,161,Unhealthy,S,1021.07,8.05,Low,High,Active,95.5,0.8,172.21,Decreasing
21-07-2024 22:00,NODE_01,Sensor_Node_1_Industry_Zone,96.43,124.68,5.201,515.3,53.13,37.41,19.37,31.1,80.4,3.1,172,Unhealthy,SW,1013.93,3.68,Medium,Low,Active,23.2,1,156,Stable
21-07-2024 23:00,NODE_01,Sensor_Node_1_Industry_Zone,63.72,90.7,4.504,478,48.12,13.85,25.98,29.7,70.9,3.6,155,Unhealthy,E,1003.75,5,Medium,Low,Active,52.5,0.81,153,Decreasing
22-07-2024 00:00,NODE_01,Sensor_Node_1_Industry_Zone,104.16,138.28,6.163,485.2,84.92,32.74,22.06,30,77.9,1.1,176,Unhealthy,SW,1016.92,5.58,Medium,Normal,Active,35.6,0.93,169.73,Decreasing
22-07-2024 01:00,NODE_01,Sensor_Node_1_Industry_Zone,86.96,144.65,5.195,512,60.78,35.6,21.52,31.3,82.8,3,167,Unhealthy,NE,1018.37,1.05,Low,Normal,Fault,79.8,0.76,181.95,Decreasing
22-07-2024 02:00,NODE_01,Sensor_Node_1_Industry_Zone,92.82,172.12,4.855,469.1,67.31,31.39,30.4,30.6,89.2,4.6,170,Unhealthy,N,1009.39,8.9,Low,High,Active,98.6,0.99,153.58,Stable
22-07-2024 03:00,NODE_01,Sensor_Node_1_Industry_Zone,42.62,63.1,2.366,422.4,18.84,14.81,30.52,34.1,71.4,0.8,119,Unhealthy for Sensitive Groups,S,1015.95,5.48,Medium,Low,Active,94.9,0.81,112.9,Increasing
22-07-2024 04:00,NODE_01,Sensor_Node_1_Industry_Zone,50.21,84.9,1.994,471.5,36.01,17.17,35.84,33.7,62.2,3,137,Unhealthy for Sensitive Groups,NE,989.56,6.21,Medium,Normal,Active,51.3,0.72,125.78,Increasing
22-07-2024 05:00,NODE_01,Sensor_Node_1_Industry_Zone,41.08,67.81,1.948,428,25.69,11.25,24.34,33.1,77.1,4.5,115,Unhealthy for Sensitive Groups,SE,1017.84,3.09,Low,Peak,Active,56.5,0.78,108.56,Stable
22-07-2024 06:00,NODE_01,Sensor_Node_1_Industry_Zone,153.69,278.94,8.808,590.4,120.87,56.94,12.53,33.3,70.5,1.1,204,Very Unhealthy,N,1019.05,7.98,High,Normal,Active,34.1,0.82,187.57,Increasing
22-07-2024 07:00,NODE_01,Sensor_Node_1_Industry_Zone,173.78,284.21,8.989,537.1,113.33,52.36,21.31,36.2,67.6,2.9,224,Very Unhealthy,SE,1005.25,4.25,High,Peak,Active,76.1,0.81,223.53,Increasing
22-07-2024 08:00,NODE_01,Sensor_Node_1_Industry_Zone,146.44,260.79,8.93,536.1,137.21,52.37,9.81,37,71.3,5.3,198,Unhealthy,E,1013.69,7.16,Low,High,Active,47.3,0.99,190.91,Stable
22-07-2024 09:00,NODE_01,Sensor_Node_1_Industry_Zone,145.6,280.34,8.072,552.7,127.47,57.95,9.87,36.6,67.5,2.5,198,Unhealthy,W,1009.97,5.64,High,Low,Active,82.2,0.92,193.69,Decreasing
22-07-2024 10:00,NODE_01,Sensor_Node_1_Industry_Zone,148.28,269.04,8.791,551.1,111.93,46.31,22.58,40.9,77.7,2.2,199,Unhealthy,SW,1011.38,8.6,Medium,Normal,Active,82.9,0.81,217.48,Stable
22-07-2024 11:00,NODE_01,Sensor_Node_1_Industry_Zone,153.42,273.11,8.668,563.6,125.46,58.7,14.85,40.2,69.2,1,204,Very Unhealthy,NE,1009.45,5.79,Medium,High,Active,54.1,0.71,205.9,Stable
22-07-2024 12:00,NODE_01,Sensor_Node_1_Industry_Zone,154.6,270.72,9.809,538.6,117.03,42.14,15.26,38.4,61.4,2.7,205,Very Unhealthy,W,1004.01,8.59,Low,Peak,Active,76.4,0.79,218.02,Decreasing
22-07-2024 13:00,NODE_01,Sensor_Node_1_Industry_Zone,145.94,285.9,8.219,555.2,123.76,60.21,21.19,39.3,68.4,5.5,198,Unhealthy,W,1023.34,3.97,Low,Low,Active,68,0.91,197.89,Decreasing
22-07-2024 14:00,NODE_01,Sensor_Node_1_Industry_Zone,163.99,268.39,9.606,592.9,118.1,50.8,15.54,37.7,74.1,1.2,214,Very Unhealthy,SW,1010.14,4.15,High,High,Active,76.7,0.78,211.57,Increasing
22-07-2024 15:00,NODE_01,Sensor_Node_1_Industry_Zone,123.9,219.65,6.916,493.7,97.21,48.24,16.95,35.3,79.3,5.3,186,Unhealthy,W,1012.63,7.38,Medium,Low,Active,80.4,0.86,171.39,Decreasing
22-07-2024 16:00,NODE_01,Sensor_Node_1_Industry_Zone,117.37,212.94,7.868,518.2,95.08,34.37,22.34,34.8,75.7,5.2,183,Unhealthy,N,1005.94,7.22,High,High,Active,23.2,0.93,187.53,Decreasing
22-07-2024 17:00,NODE_01,Sensor_Node_1_Industry_Zone,124.82,218.05,8.027,543.9,85.56,39.64,22.58,33.6,61,2.6,187,Unhealthy,N,1005.78,2,High,Low,Active,61.6,0.88,196.21,Decreasing
22-07-2024 18:00,NODE_01,Sensor_Node_1_Industry_Zone,90.68,197.21,6.279,536.4,100.6,41.43,18.9,34.8,66,1.4,169,Unhealthy,SE,1014.48,3.78,Low,Peak,Active,80.4,0.98,154.23,Decreasing
22-07-2024 19:00,NODE_01,Sensor_Node_1_Industry_Zone,133.22,214.1,7.627,531.6,97.82,41.57,19.59,32.9,76.5,6.1,191,Unhealthy,NW,1015.16,2.16,High,Peak,Active,60.8,0.98,191.29,Stable
22-07-2024 20:00,NODE_01,Sensor_Node_1_Industry_Zone,124.85,205.98,7.473,520.8,102.55,33.08,18.58,30.9,71.9,3,187,Unhealthy,SW,1017.27,3.1,Medium,Normal,Active,53.9,0.74,178.03,Increasing
22-07-2024 21:00,NODE_01,Sensor_Node_1_Industry_Zone,127.68,213.23,6.643,518.6,88.75,49.11,24.41,31.3,73.7,4.7,188,Unhealthy,S,1018.62,4.35,High,Normal,Active,66,0.74,204.2,Stable
22-07-2024 22:00,NODE_01,Sensor_Node_1_Industry_Zone,125.24,198.59,7.063,517.2,96.11,41.57,22.05,32.5,83.3,3.6,187,Unhealthy,NE,1010.74,9.82,Medium,Normal,Active,26.9,0.99,196.4,Stable
22-07-2024 23:00,NODE_01,Sensor_Node_1_Industry_Zone,97.12,171.06,5.248,491.1,71.02,28.49,12.06,28.5,72.4,2.6,172,Unhealthy,NW,1009.33,4.34,Medium,Peak,Active,91.3,0.82,173.31,Stable
23-07-2024 00:00,NODE_01,Sensor_Node_1_Industry_Zone,101.53,166.4,4.891,478.2,79.16,35.06,21.15,31.8,73.4,2.6,175,Unhealthy,N,1016.48,5.02,Medium,High,Active,22.5,0.82,167.17,Decreasing
23-07-2024 01:00,NODE_01,Sensor_Node_1_Industry_Zone,94.22,159.99,4.533,501.3,75.88,34.28,32.47,30.8,77.4,3.2,171,Unhealthy,N,1008.18,1.69,Low,High,Active,44.4,0.94,166.32,Decreasing
23-07-2024 02:00,NODE_01,Sensor_Node_1_Industry_Zone,96.88,140.62,5.256,490.8,74.27,33.66,18.12,30.8,80.6,4.9,172,Unhealthy,NW,1017.23,4.34,High,High,Active,22.5,0.96,178.98,Increasing
23-07-2024 03:00,NODE_01,Sensor_Node_1_Industry_Zone,37.05,64.01,1.641,471.2,21.8,12.22,26.61,31.9,77.3,1.7,105,Unhealthy for Sensitive Groups,SW,1014.25,3.72,Medium,Normal,Active,52.3,0.75,98.74,Increasing
23-07-2024 04:00,NODE_01,Sensor_Node_1_Industry_Zone,14.96,56.66,2.388,444.5,32.98,16.69,27.53,30.9,71.8,5.6,57,Moderate,NW,1018.93,4.29,High,High,Active,35.9,0.71,58.86,Increasing
23-07-2024 05:00,NODE_01,Sensor_Node_1_Industry_Zone,51.55,63.99,2.192,455.7,38.06,8.99,22.52,30.6,71.8,1.9,141,Unhealthy for Sensitive Groups,NW,1016.02,2.07,Low,Low,Active,23.8,0.72,135.21,Increasing
23-07-2024 06:00,NODE_01,Sensor_Node_1_Industry_Zone,168.08,267.63,8.909,534.7,108.08,50.04,17.79,33.8,73.4,6.6,218,Very Unhealthy,E,1005.67,6.91,Low,Low,Active,25.4,0.95,202.13,Increasing
23-07-2024 07:00,NODE_01,Sensor_Node_1_Industry_Zone,148.63,248.57,8.907,545,116.42,51.21,19.88,36.2,75.6,3.6,199,Unhealthy,NE,1006.81,1.7,Medium,Peak,Active,57.5,0.9,193.26,Decreasing
23-07-2024 08:00,NODE_01,Sensor_Node_1_Industry_Zone,156.85,293.2,9.352,525.8,104.56,49.44,19.12,37.4,61.5,5.4,207,Very Unhealthy,NE,1016.39,7.27,High,Low,Active,79.6,0.88,195.29,Stable
23-07-2024 09:00,NODE_01,Sensor_Node_1_Industry_Zone,159.84,281.89,9.264,548.5,116.67,48.56,19.93,37.7,65.8,6.5,210,Very Unhealthy,W,1023.44,3.12,Medium,Normal,Active,44.3,0.71,224.79,Decreasing
23-07-2024 10:00,NODE_01,Sensor_Node_1_Industry_Zone,174.34,244.86,8.844,527.1,120.29,42.6,22.35,39,68.4,3.7,225,Very Unhealthy,N,1004.06,7.27,Medium,Low,Active,31.1,0.96,223.03,Stable
23-07-2024 11:00,NODE_01,Sensor_Node_1_Industry_Zone,151.52,279.33,8.899,537.7,125.14,52.93,15.13,38.4,67.3,4.4,202,Very Unhealthy,NW,1012.14,5.04,Low,Normal,Active,73.3,0.79,209.01,Increasing
23-07-2024 12:00,NODE_01,Sensor_Node_1_Industry_Zone,151.2,256.98,9.097,531.3,111.22,54.37,14.56,35.2,71.1,4.5,202,Very Unhealthy,NW,1013.69,9.64,High,Peak,Active,92.7,0.88,208.34,Increasing
23-07-2024 13:00,NODE_01,Sensor_Node_1_Industry_Zone,150.49,268.66,7.942,505.7,112.89,50.17,22,38.3,81.9,3,500,Hazardous,SW,1002.85,4.51,High,High,Maintenance,95.5,0.95,469.5,Stable
23-07-2024 14:00,NODE_01,Sensor_Node_1_Industry_Zone,150.44,269.28,9.836,573.7,117.98,53.85,17.08,35.9,66.9,1,500,Hazardous,NE,1014.87,8.36,Low,High,Active,96.2,0.78,542.85,Decreasing
23-07-2024 15:00,NODE_01,Sensor_Node_1_Industry_Zone,119.16,214.97,7.321,528.5,96.25,46.86,29.36,36.2,73.6,3.1,184,Unhealthy,NE,1011.44,9.45,Medium,Low,Active,29.5,0.76,188.77,Increasing
23-07-2024 16:00,NODE_01,Sensor_Node_1_Industry_Zone,128.94,187.29,6.889,508.4,103.79,37.4,17.97,37.3,64.3,5.4,189,Unhealthy,N,999.42,1.34,Medium,Low,Active,86.7,0.77,194.26,Stable
23-07-2024 17:00,NODE_01,Sensor_Node_1_Industry_Zone,125.43,222.02,7.482,519.4,82.35,40.88,18.68,36.2,67.9,5.8,187,Unhealthy,N,1021.73,6.4,Medium,Low,Active,21.6,0.92,176.3,Increasing
23-07-2024 18:00,NODE_01,Sensor_Node_1_Industry_Zone,117.5,196.65,7.359,533.9,89.71,39.45,22.55,35.4,73.4,4.6,183,Unhealthy,SE,1006.82,3.34,Low,Low,Active,89.6,0.87,186.32,Increasing
23-07-2024 19:00,NODE_01,Sensor_Node_1_Industry_Zone,126.51,197.8,8.127,520.7,99.19,37.27,17.47,33.5,62.7,2,188,Unhealthy,W,1004.3,3.11,High,Peak,Active,29.1,0.7,196.81,Stable
23-07-2024 20:00,NODE_01,Sensor_Node_1_Industry_Zone,112.97,214.29,7.131,541.4,86.24,41.26,14,29.4,78.5,1.8,181,Unhealthy,SW,1014.52,5.6,High,High,Active,59.9,0.73,169.3,Stable
23-07-2024 21:00,NODE_01,Sensor_Node_1_Industry_Zone,128.56,213.97,7.467,532.9,98.48,44.18,23.74,31.3,79.2,3.5,189,Unhealthy,W,1015.34,9.47,Medium,Peak,Active,90.9,1,200.94,Increasing
23-07-2024 22:00,NODE_01,Sensor_Node_1_Industry_Zone,132.79,225.04,6.852,492.3,94.22,35.6,18.82,30.5,85,2.2,191,Unhealthy,SE,1016.42,1.56,Medium,Normal,Active,52.2,0.79,196.02,Decreasing
23-07-2024 23:00,NODE_01,Sensor_Node_1_Industry_Zone,96.44,181.02,5.823,498.3,57.91,34.95,29.67,30.2,78,6.6,172,Unhealthy,NW,1009.68,9.63,Low,Low,Active,86.5,0.92,181.74,Increasing
24-07-2024 00:00,NODE_01,Sensor_Node_1_Industry_Zone,88.27,136.76,5.095,520.5,78.11,27.15,17.91,33.2,71.9,1.7,168,Unhealthy,W,1011.93,8.26,Low,Peak,Active,87.1,0.77,179.45,Increasing
24-07-2024 01:00,NODE_01,Sensor_Node_1_Industry_Zone,86.68,152.07,5.115,474.4,79.86,25.57,20.09,28.8,76.5,3.1,167,Unhealthy,SW,1007.62,9.1,High,Low,Active,60.7,0.98,163.59,Increasing
24-07-2024 02:00,NODE_01,Sensor_Node_1_Industry_Zone,94.97,179.23,5.082,519.7,64.91,29.29,29.62,34.9,87.3,4.7,171,Unhealthy,SE,1004.14,1.45,Medium,Peak,Active,53.1,0.77,186.42,Increasing
24-07-2024 03:00,NODE_01,Sensor_Node_1_Industry_Zone,131.23,255,4.965,450.7,25.86,18.72,23.44,31.6,82.3,2.3,500,Hazardous,SE,1018.47,3.71,Medium,High,Fault,84.8,0.93,536.42,Increasing
24-07-2024 04:00,NODE_01,Sensor_Node_1_Industry_Zone,39.84,76.77,2.923,452.1,23.17,12.82,34.08,34,80.5,4.2,112,Unhealthy for Sensitive Groups,NE,1011.38,2.1,Medium,High,Active,56.5,0.99,103.02,Decreasing
24-07-2024 05:00,NODE_01,Sensor_Node_1_Industry_Zone,44.87,60.11,1.562,447.7,23.68,8.38,21.4,36.7,74.4,0.3,124,Unhealthy for Sensitive Groups,NW,1010.91,4.61,Low,Peak,Active,65.8,0.72,127.26,Stable
24-07-2024 06:00,NODE_01,Sensor_Node_1_Industry_Zone,156.9,248.89,8.038,526.3,127.67,51.74,18.99,35.1,68.5,4.1,207,Very Unhealthy,NW,1000,2.56,Medium,Low,Fault,43,0.79,205.28,Stable
24-07-2024 07:00,NODE_01,Sensor_Node_1_Industry_Zone,165.1,272.19,8.065,527.5,105.11,55.05,15.88,31.7,72.7,1.9,215,Very Unhealthy,E,1010.93,1.62,High,Peak,Active,42.7,0.99,218.83,Increasing
24-07-2024 08:00,NODE_01,Sensor_Node_1_Industry_Zone,167.42,267.5,8.813,533.8,107.01,45.18,22.42,35.3,69.1,3.5,218,Very Unhealthy,N,1006.95,6.82,Low,Peak,Active,71.6,0.88,197.62,Stable
24-07-2024 09:00,NODE_01,Sensor_Node_1_Industry_Zone,137.65,271.29,9.837,565.2,115.99,52.29,14.42,39.9,74.7,5,193,Unhealthy,NW,1010.95,5.81,Medium,Peak,Active,77.8,0.82,211.35,Decreasing
24-07-2024 10:00,NODE_01,Sensor_Node_1_Industry_Zone,165.56,274.11,9.739,501.5,120.83,48.34,24.78,39.8,67,3,216,Very Unhealthy,NW,1010.68,8.94,Low,Low,Maintenance,68.7,0.95,216.92,Stable
24-07-2024 11:00,NODE_01,Sensor_Node_1_Industry_Zone,166.29,300.61,8.944,537.1,123.66,48.98,16.43,40,66.3,3.1,217,Very Unhealthy,W,1009.32,2.4,Low,High,Active,89.3,0.92,216.15,Decreasing
24-07-2024 12:00,NODE_01,Sensor_Node_1_Industry_Zone,148.43,278.11,9.308,567.5,123.95,54.76,12.65,39.2,77.8,2.7,199,Unhealthy,N,1017.63,4.13,Low,High,Active,88.2,0.71,189.27,Increasing
24-07-2024 13:00,NODE_01,Sensor_Node_1_Industry_Zone,148.49,254.07,9.108,553.9,123.98,46.55,18.17,36.8,57.3,2,500,Hazardous,S,1014.68,6.24,Low,High,Active,41.3,0.86,495.8,Decreasing
24-07-2024 14:00,NODE_01,Sensor_Node_1_Industry_Zone,158.17,282.13,8.223,547.3,109.36,52.92,12.89,35.9,71.6,2.3,209,Very Unhealthy,E,1018.76,1.73,Medium,Low,Active,98.7,0.77,198.67,Stable
24-07-2024 15:00,NODE_01,Sensor_Node_1_Industry_Zone,118.5,226.05,7.578,515.9,83.39,45.16,15.07,36.1,81.6,4.3,184,Unhealthy,NW,1004.05,9.03,Low,Normal,Active,87.2,0.96,198.15,Decreasing
24-07-2024 16:00,NODE_01,Sensor_Node_1_Industry_Zone,127.7,218.26,7.309,522.6,95.98,40.11,25.96,34,75.1,0.9,188,Unhealthy,SW,1008.11,9.69,High,High,Active,56.2,0.87,183.17,Decreasing
24-07-2024 17:00,NODE_01,Sensor_Node_1_Industry_Zone,129.78,222.58,7.726,514.1,81,40.03,13.44,33.9,63,1.5,189,Unhealthy,W,1011.76,5.84,Medium,Low,Active,67,0.71,199.18,Increasing
24-07-2024 18:00,NODE_01,Sensor_Node_1_Industry_Zone,104.18,222.6,8.278,526.7,92.66,40.1,16.3,34.1,71.8,2.5,176,Unhealthy,E,1009.56,8.45,High,Low,Active,43.4,0.8,177.81,Decreasing
24-07-2024 19:00,NODE_01,Sensor_Node_1_Industry_Zone,116.47,222.86,7.117,550,96.47,38.88,17.16,33,66.7,2.2,182,Unhealthy,N,1011.52,5.43,Low,Peak,Active,38,0.74,185.74,Decreasing
24-07-2024 20:00,NODE_01,Sensor_Node_1_Industry_Zone,115.82,214.11,7.318,480.2,93.12,42.57,17.59,31,72.5,3.4,182,Unhealthy,E,1004.91,1.86,Medium,Peak,Active,95,0.75,171.74,Stable
24-07-2024 21:00,NODE_01,Sensor_Node_1_Industry_Zone,382.78,789.26,17.507,510.1,93.72,72.59,23.89,27.6,73.1,2.3,500,Hazardous,SW,1007.7,4.62,Low,Low,Active,36.2,0.76,544.95,Stable
24-07-2024 22:00,NODE_01,Sensor_Node_1_Industry_Zone,125.85,222.3,7.307,496.3,96.35,42.86,16.26,27.8,84.3,5.7,187,Unhealthy,W,1002.15,5.73,Medium,Peak,Active,29.2,0.81,205.12,Decreasing
24-07-2024 23:00,NODE_01,Sensor_Node_1_Industry_Zone,93.11,120.78,6.411,482,87.63,31.75,19.79,30.4,73.5,3.7,170,Unhealthy,W,1006.66,7.59,Low,High,Maintenance,86.2,0.91,162.95,Stable
25-07-2024 00:00,NODE_01,Sensor_Node_1_Industry_Zone,85.21,167.07,5.016,487.6,84.4,32.35,24.53,30.1,94.2,3.3,166,Unhealthy,S,1016.17,2.22,Low,Normal,Active,65.3,0.81,153.27,Increasing
25-07-2024 01:00,NODE_01,Sensor_Node_1_Industry_Zone,84.8,154.26,5.581,521.5,73.52,39.16,21.48,29.1,63.7,5.4,500,Hazardous,NE,1010.71,4.96,High,High,Active,97.7,0.77,483.64,Increasing
25-07-2024 02:00,NODE_01,Sensor_Node_1_Industry_Zone,94.8,128.29,5.538,516.9,70.44,31,25.38,31.5,84.2,3.1,171,Unhealthy,SW,1021.03,7.26,High,Peak,Active,29.8,0.81,158.02,Stable
25-07-2024 03:00,NODE_01,Sensor_Node_1_Industry_Zone,38.35,63.16,1.801,452.5,30.71,9.6,18.57,31.9,71.1,6.3,108,Unhealthy for Sensitive Groups,SE,1008.43,6.7,Medium,Low,Active,37.2,0.95,117.42,Stable
25-07-2024 04:00,NODE_01,Sensor_Node_1_Industry_Zone,46.25,96.17,2.359,438.8,41.01,16.79,25.84,32.4,75.2,1.2,127,Unhealthy for Sensitive Groups,S,1012.71,1.76,Low,Normal,Active,90.6,0.76,124.06,Stable
25-07-2024 05:00,NODE_01,Sensor_Node_1_Industry_Zone,39.8,66.62,3.119,431.8,27.5,9.03,30.79,34.2,65.9,3.2,112,Unhealthy for Sensitive Groups,SW,1004.72,4.03,Medium,Peak,Maintenance,58.9,0.91,110.91,Increasing
25-07-2024 06:00,NODE_01,Sensor_Node_1_Industry_Zone,143.29,277.6,8.641,553.5,120.71,48.25,11.61,34.9,67.8,3.6,196,Unhealthy,SW,1027.6,1.43,Low,Normal,Active,95.2,0.84,179.65,Increasing
25-07-2024 07:00,NODE_01,Sensor_Node_1_Industry_Zone,162.87,260.54,8.963,528.4,116.35,40.15,11.94,34.2,70,2.3,213,Very Unhealthy,W,1010.93,2.35,Low,Normal,Active,34.7,0.8,224.6,Increasing
25-07-2024 08:00,NODE_01,Sensor_Node_1_Industry_Zone,165.31,253.94,8.406,507.1,121.85,50.74,18.74,36.2,68.9,2.8,216,Very Unhealthy,SE,1016.98,2.88,Medium,Peak,Active,75.2,0.94,217.2,Increasing
25-07-2024 09:00,NODE_01,Sensor_Node_1_Industry_Zone,445.09,839.52,21.386,547.6,121.48,64.28,14.69,35.8,80.4,2.7,500,Hazardous,N,1014.48,4.74,Medium,Normal,Active,51,0.94,485.15,Decreasing
25-07-2024 10:00,NODE_01,Sensor_Node_1_Industry_Zone,164.58,265.34,9.052,508.8,112.33,49.22,17.04,36.9,60.6,3.2,215,Very Unhealthy,NE,1008.5,5.51,Low,Low,Active,94.3,0.74,222.76,Stable
25-07-2024 11:00,NODE_01,Sensor_Node_1_Industry_Zone,147.72,274.57,8.511,487.8,113.94,46.93,17.75,42.8,70.4,3,199,Unhealthy,NW,1004.01,8.41,Low,Normal,Active,56.7,0.94,197.98,Decreasing
25-07-2024 12:00,NODE_01,Sensor_Node_1_Industry_Zone,148.96,270.87,9.85,573.9,113.57,51.41,8.85,39.2,75.3,3.9,199,Unhealthy,S,1012.94,8,Medium,High,Active,85.6,0.87,208.45,Decreasing
25-07-2024 13:00,NODE_01,Sensor_Node_1_Industry_Zone,154.32,271.84,9.001,544.2,116.38,54.38,19.68,36.4,60.1,5.4,205,Very Unhealthy,E,1008.66,5.5,High,Normal,Active,89.4,0.83,193.51,Decreasing
25-07-2024 14:00,NODE_01,Sensor_Node_1_Industry_Zone,155.18,257,9.091,535,123.76,51.73,14.42,37.8,74.7,2.6,206,Very Unhealthy,NE,1011.07,3.79,Low,Normal,Maintenance,51.3,0.71,223.18,Increasing
25-07-2024 15:00,NODE_01,Sensor_Node_1_Industry_Zone,118.64,218.78,6.841,517.8,101.83,36.57,11.75,34.9,60.7,1.8,184,Unhealthy,NW,1015.91,2.2,Medium,Low,Active,36.5,0.95,202.38,Stable
25-07-2024 16:00,NODE_01,Sensor_Node_1_Industry_Zone,120.82,221.46,7.376,508.9,95.42,40.75,17.28,35.7,82.4,2.8,185,Unhealthy,S,1012.47,8.95,High,Normal,Active,82.4,0.94,173.55,Increasing
25-07-2024 17:00,NODE_01,Sensor_Node_1_Industry_Zone,497.57,811.96,19.959,501.2,107.39,88.02,28,33.2,64.1,2.5,500,Hazardous,NE,1014.26,5.11,Medium,Low,Active,68.3,0.94,533.83,Increasing
25-07-2024 18:00,NODE_01,Sensor_Node_1_Industry_Zone,119.86,226.67,6.871,509,103.67,37.33,21.49,31.4,66.2,2.2,184,Unhealthy,N,1012.9,6.57,Low,High,Active,90.6,0.8,199.62,Decreasing
25-07-2024 19:00,NODE_01,Sensor_Node_1_Industry_Zone,490.41,806.73,23.587,523.6,86.83,92.6,23.83,31.2,75.6,2.1,500,Hazardous,W,1003.2,7.26,Medium,Normal,Active,28.2,0.86,541.11,Stable
25-07-2024 20:00,NODE_01,Sensor_Node_1_Industry_Zone,395.26,616.48,18.047,525.4,88.04,67.71,24.87,30.8,75.7,2.6,500,Hazardous,E,1020.38,7.7,High,Low,Active,30.6,0.89,496.73,Stable
25-07-2024 21:00,NODE_01,Sensor_Node_1_Industry_Zone,116.94,204.35,7.001,492.1,98.79,42.44,16.92,27.7,72,4,183,Unhealthy,SE,1019.06,8.41,Medium,Low,Active,77.4,0.92,180.94,Increasing
25-07-2024 22:00,NODE_01,Sensor_Node_1_Industry_Zone,122.83,206.86,6.379,533.1,84,39.5,13.23,32,80.7,1.5,186,Unhealthy,SE,1005.18,5.42,High,Peak,Active,91.9,0.73,181.08,Stable
25-07-2024 23:00,NODE_01,Sensor_Node_1_Industry_Zone,89.54,169.28,4.63,489.2,63.18,34.34,22.67,31.1,74.5,1.8,169,Unhealthy,SW,1015.03,4.9,Medium,Normal,Maintenance,57.3,0.75,175.33,Decreasing
26-07-2024 00:00,NODE_01,Sensor_Node_1_Industry_Zone,84.61,157.15,4.909,503.4,67.25,25.92,14.75,31,62.7,1.8,166,Unhealthy,SE,1008.03,7.78,High,Normal,Active,92.8,1,168.05,Decreasing
26-07-2024 01:00,NODE_01,Sensor_Node_1_Industry_Zone,84.31,179.24,5.204,503.5,73.55,29.48,12.51,28.1,69.7,4.8,166,Unhealthy,SW,1007.52,4.25,Low,Low,Active,95.5,0.93,163.61,Stable
26-07-2024 02:00,NODE_01,Sensor_Node_1_Industry_Zone,85.37,158.5,5.38,492,65.23,36.79,24.19,30.6,74.1,1.4,166,Unhealthy,S,1011.97,1.49,Low,Peak,Active,36.9,0.85,154.54,Increasing
26-07-2024 03:00,NODE_01,Sensor_Node_1_Industry_Zone,31.83,68.37,1.29,437,28.64,16.47,20.39,28.9,78.9,1.9,92,Moderate,NE,1022.49,8.34,High,High,Active,63.3,0.88,96.89,Decreasing
26-07-2024 04:00,NODE_01,Sensor_Node_1_Industry_Zone,25.12,57.44,2.198,471.5,21.83,14.76,15.2,32.5,84,4.2,78,Moderate,E,1018.35,6.88,Medium,High,Active,78.2,0.76,82.74,Stable
26-07-2024 05:00,NODE_01,Sensor_Node_1_Industry_Zone,39.63,71.38,2.317,428.2,31.95,9.86,26.56,33,80.1,2.4,111,Unhealthy for Sensitive Groups,W,1015.63,5.13,High,High,Active,74.5,0.82,121.7,Increasing
26-07-2024 06:00,NODE_01,Sensor_Node_1_Industry_Zone,160.39,262.7,8.949,533.7,116.45,53.08,25.18,31.5,64.4,0.5,211,Very Unhealthy,NW,1005.1,9.82,Medium,Normal,Active,75.3,0.96,218.87,Increasing
26-07-2024 07:00,NODE_01,Sensor_Node_1_Industry_Zone,152.87,258.25,8.344,530,123.32,50.77,19.38,33.2,79.1,4.3,203,Very Unhealthy,E,1027.33,7.09,Low,Normal,Active,51.2,0.83,205.83,Increasing
26-07-2024 08:00,NODE_01,Sensor_Node_1_Industry_Zone,153,258.44,9.176,551.8,136.42,52.96,19.12,37.7,72.2,5.1,203,Very Unhealthy,SW,1017.24,2.21,Low,Low,Active,51.7,0.72,184.98,Decreasing
26-07-2024 09:00,NODE_01,Sensor_Node_1_Industry_Zone,153.69,285.47,8.205,507,127.04,47.21,7.71,34.2,78.6,1.9,204,Very Unhealthy,S,997.91,4.16,High,Normal,Active,85.8,0.72,195.55,Stable
26-07-2024 10:00,NODE_01,Sensor_Node_1_Industry_Zone,147.97,266.77,9.39,535.7,112.1,54.94,15.87,37.2,70.4,4.4,199,Unhealthy,E,1014.4,5.81,Low,Peak,Active,60.7,0.84,189.47,Decreasing
26-07-2024 11:00,NODE_01,Sensor_Node_1_Industry_Zone,136.91,246.7,7.989,530.8,118.88,51.54,24.52,38.1,57.8,1.6,193,Unhealthy,E,1009.07,8.13,High,High,Active,91.9,0.8,204.06,Increasing
26-07-2024 12:00,NODE_01,Sensor_Node_1_Industry_Zone,152.57,285.72,9.19,528,121.75,47.29,5,36.1,68.8,0.6,203,Very Unhealthy,NE,1014.46,8.67,Medium,Peak,Active,30.4,0.94,209.1,Stable
26-07-2024 13:00,NODE_01,Sensor_Node_1_Industry_Zone,160.18,290.05,9.131,565.2,122.01,54.15,21.51,38.6,72.7,2.5,211,Very Unhealthy,NE,1014.4,6.32,Medium,Peak,Active,92.1,0.93,192.33,Stable
26-07-2024 14:00,NODE_01,Sensor_Node_1_Industry_Zone,159.21,271.25,8.522,518.3,118.51,53.27,18.6,35.9,62,5.1,210,Very Unhealthy,SW,1006.49,1.7,Low,High,Active,84.8,0.78,191.61,Stable
26-07-2024 15:00,NODE_01,Sensor_Node_1_Industry_Zone,128.56,208.27,7.538,515.1,89.02,44.03,13.44,36.9,68.8,5.2,189,Unhealthy,NE,1022.96,4.37,Low,High,Active,91.2,0.87,199.12,Decreasing
26-07-2024 16:00,NODE_01,Sensor_Node_1_Industry_Zone,127.78,219.15,7.202,549.2,104.33,44,22.18,35.1,68.7,3.8,188,Unhealthy,S,1013.2,4.04,High,High,Active,62.3,0.81,172.39,Decreasing
26-07-2024 17:00,NODE_01,Sensor_Node_1_Industry_Zone,128.29,220.93,8.168,513.4,101.17,43.89,20.62,35.8,73.2,3.9,189,Unhealthy,SW,1017.65,8.92,Medium,High,Active,91.7,0.71,198.85,Increasing
26-07-2024 18:00,NODE_01,Sensor_Node_1_Industry_Zone,129.19,217.31,6.247,487.2,88.35,39.87,14.58,35,79.2,5.3,189,Unhealthy,NW,1020.11,2.38,Medium,Low,Active,65.1,0.81,201.73,Stable
26-07-2024 19:00,NODE_01,Sensor_Node_1_Industry_Zone,133.87,217.52,7.71,505.7,93.02,35.65,24.43,35.9,71.5,5.5,191,Unhealthy,S,1007.57,3.37,Medium,Normal,Active,49.1,0.97,176.49,Increasing
26-07-2024 20:00,NODE_01,Sensor_Node_1_Industry_Zone,105.84,199.42,6.843,491.9,86.87,41.14,21.7,28.9,71.8,6.1,177,Unhealthy,S,1006.53,1.43,High,Peak,Active,47.9,0.72,161.19,Increasing
26-07-2024 21:00,NODE_01,Sensor_Node_1_Industry_Zone,123.5,197.87,7.286,513.7,90.94,36.86,19.77,30,65.8,1.5,186,Unhealthy,NW,1018.73,5.19,Medium,Peak,Active,46.5,0.92,194.48,Stable
26-07-2024 22:00,NODE_01,Sensor_Node_1_Industry_Zone,110.03,214.61,7.087,500.2,95.68,42.02,19.6,30.8,67.6,1.6,179,Unhealthy,E,1020.36,2.45,Low,Peak,Active,44.6,0.7,172.34,Stable
26-07-2024 23:00,NODE_01,Sensor_Node_1_Industry_Zone,102.75,159.44,5.465,489.9,83.11,22.46,13.42,26.7,78.3,4.1,175,Unhealthy,SE,1003.74,9.79,Low,Normal,Active,71.5,0.74,170.19,Stable
27-07-2024 00:00,NODE_01,Sensor_Node_1_Industry_Zone,57.75,109.43,3.346,503.9,53.62,15.93,19.36,29.8,86.6,2.2,152,Unhealthy,E,1024.07,4.88,Low,Low,Fault,89.1,0.96,145.76,Stable
27-07-2024 01:00,NODE_01,Sensor_Node_1_Industry_Zone,53.55,121.15,3.92,487.8,52.28,17.65,16.19,32.7,74.5,0.4,145,Unhealthy for Sensitive Groups,NE,1010.59,9.15,Medium,Peak,Active,64.1,0.85,143.18,Stable
27-07-2024 02:00,NODE_01,Sensor_Node_1_Industry_Zone,65.48,119.26,3.898,501.4,50.63,23.89,22.39,30.5,69,2.1,156,Unhealthy,W,1016.15,2.82,High,Normal,Active,40.9,0.76,164.75,Decreasing
27-07-2024 03:00,NODE_01,Sensor_Node_1_Industry_Zone,27.57,40.02,1.669,473.7,11,11.36,23.21,30.2,70.7,1.2,84,Moderate,SE,1015.39,6.14,Medium,Normal,Active,46.6,0.97,85.49,Stable
27-07-2024 04:00,NODE_01,Sensor_Node_1_Industry_Zone,19.78,50.21,1.342,459.4,11.26,10.98,27.17,29.7,84,4.2,67,Moderate,N,1006.17,7.67,Medium,Normal,Maintenance,61,0.71,65.23,Stable
27-07-2024 05:00,NODE_01,Sensor_Node_1_Industry_Zone,27.74,56.78,1.393,459.6,6.44,9.77,33.66,31.9,79,1.6,84,Moderate,SE,1006.82,8.15,High,High,Active,89.4,0.93,90.22,Stable
27-07-2024 06:00,NODE_01,Sensor_Node_1_Industry_Zone,114.28,182.55,6.337,512.7,69.9,38.48,20.8,34.7,70.4,2.9,181,Unhealthy,NE,999.5,6.99,Low,Normal,Active,47.3,0.99,163.21,Increasing
27-07-2024 07:00,NODE_01,Sensor_Node_1_Industry_Zone,102.38,182.69,6.16,529,72.32,38.87,18.85,34,68.6,3.9,175,Unhealthy,NE,1005.09,9.99,Low,Normal,Active,82.7,0.83,171.49,Increasing
27-07-2024 08:00,NODE_01,Sensor_Node_1_Industry_Zone,98.09,169.56,6.244,510.8,76.18,32.72,14.57,35.2,64.7,3.2,173,Unhealthy,NE,1003.11,7.45,High,Low,Active,63.2,0.8,170.79,Decreasing
27-07-2024 09:00,NODE_01,Sensor_Node_1_Industry_Zone,102.36,165.16,5.581,544.5,72.96,37.83,15.3,38.4,63.2,2.1,175,Unhealthy,NW,1012.24,6.51,High,Peak,Active,57.4,0.83,184.89,Stable
27-07-2024 10:00,NODE_01,Sensor_Node_1_Industry_Zone,96.16,169.64,5.863,553.6,80.81,37.3,11.56,37.5,60.8,2.6,172,Unhealthy,SW,1020.22,8.87,High,Normal,Active,22.7,0.85,182.57,Decreasing
27-07-2024 11:00,NODE_01,Sensor_Node_1_Industry_Zone,103.41,182.53,6.348,524.9,79.49,31.32,15.39,37.3,64.9,2.8,176,Unhealthy,W,1011.84,7.46,High,Peak,Active,40.9,0.81,169.61,Decreasing
27-07-2024 12:00,NODE_01,Sensor_Node_1_Industry_Zone,95.29,173.87,4.763,526.3,85.18,32.18,13.61,38.3,70.4,1.6,172,Unhealthy,NE,1014.03,2.17,High,Peak,Maintenance,76,0.78,176.53,Decreasing
27-07-2024 13:00,NODE_01,Sensor_Node_1_Industry_Zone,110.73,169.78,6.339,542,91.6,32.12,24.82,36.5,57.9,4.9,180,Unhealthy,N,1016.67,7.92,Low,Normal,Active,91.9,0.78,168.63,Decreasing
27-07-2024 14:00,NODE_01,Sensor_Node_1_Industry_Zone,96.28,164.27,6.337,553.7,70.89,29.36,20.15,35,73.3,2.9,172,Unhealthy,SW,1016.08,2.36,High,Low,Active,33.7,0.85,161.65,Stable
27-07-2024 15:00,NODE_01,Sensor_Node_1_Industry_Zone,85.61,110.62,4.057,506.7,52.28,35.08,22.72,38.9,66.9,4.2,167,Unhealthy,W,1009.69,2.34,Low,Peak,Active,38,0.85,157.77,Increasing
27-07-2024 16:00,NODE_01,Sensor_Node_1_Industry_Zone,314.19,552.38,12.646,499.3,62.98,62.5,13.41,36.5,61.7,1.3,443,Hazardous,SE,1003.22,3.61,Low,High,Active,27.1,0.72,480.64,Increasing
27-07-2024 17:00,NODE_01,Sensor_Node_1_Industry_Zone,80.19,127.25,4.518,498.8,57.62,25.55,20.41,36.5,67.7,3.6,164,Unhealthy,N,1009.42,7.72,Low,Peak,Maintenance,56.1,0.99,178.74,Decreasing
27-07-2024 18:00,NODE_01,Sensor_Node_1_Industry_Zone,334.14,558.02,15.314,537.2,69.72,75.19,18.61,34.8,80.1,3,449,Hazardous,NW,1012.38,6.26,Medium,Peak,Active,54.6,0.97,434.9,Stable
27-07-2024 19:00,NODE_01,Sensor_Node_1_Industry_Zone,75.09,127.91,4.917,497.7,60.38,19.67,25.18,34.5,70.7,0.3,161,Unhealthy,E,1006.77,4.11,Medium,Peak,Active,55.4,0.77,156.53,Stable
27-07-2024 20:00,NODE_01,Sensor_Node_1_Industry_Zone,82.17,138.86,4.353,518,58.05,30.13,17.35,35.6,74.5,4.7,165,Unhealthy,SE,1014.17,8.21,High,High,Active,69.8,0.9,152.14,Decreasing
27-07-2024 21:00,NODE_01,Sensor_Node_1_Industry_Zone,80.98,139.41,4.912,519.1,55.7,22.02,21.9,33.4,66.5,2.4,164,Unhealthy,E,1010.24,1.85,Medium,Normal,Active,95.9,0.9,154.27,Increasing
27-07-2024 22:00,NODE_01,Sensor_Node_1_Industry_Zone,86.28,150.34,4.171,555.5,58.46,31.95,22.44,29.1,74.7,2.7,167,Unhealthy,W,1015.73,3.68,Medium,Peak,Active,83.6,0.88,167.94,Increasing
27-07-2024 23:00,NODE_01,Sensor_Node_1_Industry_Zone,53.08,86.96,3.407,525.4,50.74,17.43,17.61,29.5,90.2,2.9,144,Unhealthy for Sensitive Groups,E,1007.18,8.63,Low,Normal,Active,29.5,0.72,130.9,Stable
28-07-2024 00:00,NODE_01,Sensor_Node_1_Industry_Zone,63.78,120.76,3.328,473.3,47.89,24.91,19.44,28.7,78.7,4.8,155,Unhealthy,SW,1006.47,4.26,Medium,High,Active,85,0.78,140.16,Stable
28-07-2024 01:00,NODE_01,Sensor_Node_1_Industry_Zone,47.07,115.99,3.422,520.5,59.23,22.31,13.46,27.3,86.1,7.6,129,Unhealthy for Sensitive Groups,E,1022.64,3.94,Low,High,Active,24.3,0.75,136.81,Decreasing
28-07-2024 02:00,NODE_01,Sensor_Node_1_Industry_Zone,62.02,126.64,2.825,487.7,53.07,16.74,25.87,30.4,77.4,3.6,154,Unhealthy,SW,1012.17,5.82,Low,Peak,Fault,24.9,0.74,158.88,Decreasing
28-07-2024 03:00,NODE_01,Sensor_Node_1_Industry_Zone,15.56,48.66,1.06,471.6,13.78,15.07,18.63,31.6,85.4,3.1,58,Moderate,NE,1015.32,9.18,Low,Peak,Active,67.1,0.88,53.35,Increasing
28-07-2024 04:00,NODE_01,Sensor_Node_1_Industry_Zone,34.28,11.65,1.919,444.9,29.2,4.88,18.07,31.2,71.6,2.2,98,Moderate,NW,1005.41,9.66,Medium,Normal,Active,28.8,0.75,89.38,Increasing
28-07-2024 05:00,NODE_01,Sensor_Node_1_Industry_Zone,23.37,41.9,1.572,443,21.12,8.53,18.09,32.5,74.2,1.7,75,Moderate,NW,1009.74,1.71,High,High,Active,87.1,0.97,78.21,Increasing
28-07-2024 06:00,NODE_01,Sensor_Node_1_Industry_Zone,109.88,159.29,5.203,541.7,74.23,35.17,20.36,35.1,72,3.4,179,Unhealthy,W,1016.09,9.54,Medium,Normal,Active,56.8,0.86,187.11,Increasing
28-07-2024 07:00,NODE_01,Sensor_Node_1_Industry_Zone,104.53,167.23,6.809,561.2,75.06,32.85,21.92,31.6,69.5,7.9,176,Unhealthy,SE,1021.39,9.65,High,High,Active,69,0.95,182.59,Increasing
28-07-2024 08:00,NODE_01,Sensor_Node_1_Industry_Zone,113.71,184.73,5.405,546.7,69.6,31.39,17.67,36.8,73.4,2.9,181,Unhealthy,S,1007.65,4.14,Medium,Low,Active,50.9,0.91,174.95,Increasing
28-07-2024 09:00,NODE_01,Sensor_Node_1_Industry_Zone,109.97,161,5.625,527.4,79.94,36.97,21.54,35.2,67,2.2,179,Unhealthy,NW,1007.18,1.16,Medium,High,Active,94.6,0.78,189.26,Stable
28-07-2024 10:00,NODE_01,Sensor_Node_1_Industry_Zone,94.81,177.71,6.083,552.8,80.59,29.37,21.91,38.7,64.3,1.8,171,Unhealthy,W,1011.86,4.18,High,High,Active,64.5,0.8,171.39,Increasing
28-07-2024 11:00,NODE_01,Sensor_Node_1_Industry_Zone,97.1,182.22,6.235,524.3,67.82,29.01,16.55,35.8,73,3.5,172,Unhealthy,NW,1002.85,7.93,Medium,Low,Active,21,0.73,186.64,Decreasing
28-07-2024 12:00,NODE_01,Sensor_Node_1_Industry_Zone,106.58,173.72,6.057,517.6,86.17,30.81,15.36,41.7,64.7,1.7,177,Unhealthy,SE,1011.82,2.1,Low,Peak,Active,21.7,0.83,161.23,Stable
28-07-2024 13:00,NODE_01,Sensor_Node_1_Industry_Zone,106.02,158.9,6.842,551.4,76.32,30.62,17.6,38.5,67.6,2.1,177,Unhealthy,W,1011.61,3.2,Medium,Peak,Active,70.1,0.7,173.78,Decreasing
28-07-2024 14:00,NODE_01,Sensor_Node_1_Industry_Zone,92.09,187.5,6.88,556.2,85.52,32.46,17.33,37.8,66.5,2.4,170,Unhealthy,NE,1016.35,2.08,High,High,Active,63,0.9,177.33,Decreasing
28-07-2024 15:00,NODE_01,Sensor_Node_1_Industry_Zone,91.37,115.28,4.627,495,61.32,21.9,24.68,37.9,71.7,3.5,170,Unhealthy,SE,1020.49,1.31,High,High,Fault,43.1,0.9,180.16,Increasing
28-07-2024 16:00,NODE_01,Sensor_Node_1_Industry_Zone,84.45,158.41,4.592,526.7,53.78,26.53,29.7,37.2,68.5,7.6,166,Unhealthy,SW,1015.42,8.54,High,High,Active,69.5,0.92,154.15,Increasing
28-07-2024 17:00,NODE_01,Sensor_Node_1_Industry_Zone,82.2,132.73,4.907,525.3,61.2,26.77,20.1,34.2,73.4,4,165,Unhealthy,NW,1016.45,6.37,Low,Low,Active,30.8,0.9,158,Increasing
28-07-2024 18:00,NODE_01,Sensor_Node_1_Industry_Zone,82.63,130.54,4.608,495.2,66.24,17.97,23.52,35.7,54.4,2.5,165,Unhealthy,NE,1012.31,8.89,High,Low,Active,38.4,0.88,160.21,Decreasing
28-07-2024 19:00,NODE_01,Sensor_Node_1_Industry_Zone,90.28,121.63,4.24,502.1,70.36,24.41,22.93,32.8,73.9,2.4,169,Unhealthy,SE,1009.84,2.11,Medium,High,Active,79.6,0.72,172.52,Stable
28-07-2024 20:00,NODE_01,Sensor_Node_1_Industry_Zone,90.42,136.14,4.81,548.3,60.26,25.47,24.43,32,76.9,5.7,169,Unhealthy,SE,1000.02,7.12,Low,Normal,Active,90.1,0.79,156.84,Stable
28-07-2024 21:00,NODE_01,Sensor_Node_1_Industry_Zone,378.61,587.76,17.714,523.4,59.57,68.38,6.18,33,68.7,8.1,482,Hazardous,SW,1006.68,6.18,High,Normal,Fault,36.4,0.83,480.98,Stable
28-07-2024 22:00,NODE_01,Sensor_Node_1_Industry_Zone,84.19,129.06,4.697,504.5,56.04,24.57,14.85,31.6,72.8,3.3,166,Unhealthy,E,1013.3,8.54,Low,Peak,Active,73.9,0.82,152.05,Decreasing
28-07-2024 23:00,NODE_01,Sensor_Node_1_Industry_Zone,52.84,77.68,3.112,495,48.13,13.69,26.59,31.4,80.7,3.3,144,Unhealthy for Sensitive Groups,NW,1002.13,5.32,Medium,Low,Active,43.8,0.93,144.6,Decreasing
29-07-2024 00:00,NODE_01,Sensor_Node_1_Industry_Zone,95.99,181.41,5.927,475.5,74.99,27.58,23.32,30.7,69.7,1.1,172,Unhealthy,N,1013.46,3.59,Medium,Normal,Fault,45.1,0.97,181.57,Decreasing
29-07-2024 01:00,NODE_01,Sensor_Node_1_Industry_Zone,91.43,164.01,5.779,490,72.13,35.77,23.17,30.4,72,3.8,170,Unhealthy,SE,1009.59,5.57,High,Normal,Active,60.4,0.98,184.82,Stable
29-07-2024 02:00,NODE_01,Sensor_Node_1_Industry_Zone,102.67,160.26,4.468,460,75.71,27.96,22.98,30.7,76.2,2.9,500,Hazardous,S,1005.87,5.29,High,Normal,Active,34.2,0.94,540.75,Decreasing
29-07-2024 03:00,NODE_01,Sensor_Node_1_Industry_Zone,37.73,58.32,2.054,440.7,27.81,16.29,24.35,32.7,85.5,3.9,106,Unhealthy for Sensitive Groups,N,1009.18,7.18,Low,Peak,Active,75.5,0.78,97.36,Increasing
29-07-2024 04:00,NODE_01,Sensor_Node_1_Industry_Zone,41.11,78.62,2.285,464.2,33.7,11.16,29.48,32.1,74.4,6,115,Unhealthy for Sensitive Groups,S,1016.37,9.5,Low,Low,Active,55.2,0.99,104.61,Stable
29-07-2024 05:00,NODE_01,Sensor_Node_1_Industry_Zone,34.69,68.82,2.738,462.5,31.87,15,31.36,32.7,66.9,2.4,99,Moderate,SW,1017.31,4.3,Medium,Low,Active,42.6,0.82,100.54,Decreasing
29-07-2024 06:00,NODE_01,Sensor_Node_1_Industry_Zone,148.48,240.85,9.246,511.8,112.35,52.75,19.61,33,71.2,0.5,199,Unhealthy,SE,1000.38,6.14,High,Low,Active,37.9,0.86,185.03,Increasing
29-07-2024 07:00,NODE_01,Sensor_Node_1_Industry_Zone,147.02,258.32,9.093,532,115.89,44.54,21.66,35.8,75.2,2.3,198,Unhealthy,W,1011.1,4.2,Low,Normal,Active,21.9,0.83,202.86,Increasing
29-07-2024 08:00,NODE_01,Sensor_Node_1_Industry_Zone,151.13,239.47,10.53,538.3,124.87,45.45,20.98,38.8,68.6,2.3,202,Very Unhealthy,NE,1017.48,6.02,Low,Normal,Active,89.4,0.8,219.58,Stable
29-07-2024 09:00,NODE_01,Sensor_Node_1_Industry_Zone,145.91,265.47,9.37,540.4,115.61,52.51,19.02,34.3,68.3,2.8,198,Unhealthy,SW,1010.45,9.21,Low,High,Active,74.3,0.72,191.88,Decreasing
29-07-2024 10:00,NODE_01,Sensor_Node_1_Industry_Zone,153.32,293.18,9.512,531.8,119.04,50.39,12.26,37.4,65.1,1.9,204,Very Unhealthy,W,1012.65,3.97,Medium,Low,Active,46.6,0.79,198.43,Stable
29-07-2024 11:00,NODE_01,Sensor_Node_1_Industry_Zone,154.9,265.42,9.818,542.5,115.28,53.42,15.21,40.7,66.2,1.7,205,Very Unhealthy,SE,1003.03,9.39,High,Normal,Active,53.6,0.78,223.27,Stable
29-07-2024 12:00,NODE_01,Sensor_Node_1_Industry_Zone,158.02,269.85,8.932,532,113.13,51.53,19.14,37.8,67.7,0.8,208,Very Unhealthy,W,1009.12,7.92,High,Low,Active,75.2,0.85,207.81,Stable
29-07-2024 13:00,NODE_01,Sensor_Node_1_Industry_Zone,153.7,266.25,10.309,546.6,122.12,52.15,14.69,39.8,64.5,2.5,204,Very Unhealthy,E,1022.97,7.54,High,Low,Active,78.2,0.98,204.43,Increasing
29-07-2024 14:00,NODE_01,Sensor_Node_1_Industry_Zone,146.32,271.12,8.408,550.6,109.24,49.12,8.84,41.7,56.9,3.8,198,Unhealthy,NE,1007.27,8.25,Low,High,Active,73.6,0.77,212.68,Decreasing
29-07-2024 15:00,NODE_01,Sensor_Node_1_Industry_Zone,123.28,224.72,7.009,540.1,100.47,41.17,19.6,36.4,62.3,3.6,186,Unhealthy,S,1003.36,5.9,Medium,Normal,Active,56.3,0.88,187.59,Stable
29-07-2024 16:00,NODE_01,Sensor_Node_1_Industry_Zone,116.13,210.65,7.096,515.2,94.53,44.11,14.66,34.7,76.4,2.4,182,Unhealthy,SE,1012.9,2.85,High,High,Active,87.5,0.8,166.81,Increasing
29-07-2024 17:00,NODE_01,Sensor_Node_1_Industry_Zone,119.5,208.18,7.945,532.4,102.11,43.6,23.13,34,69.3,0.4,184,Unhealthy,SW,1016.73,9.91,Medium,High,Active,96.8,0.91,184.48,Decreasing
29-07-2024 18:00,NODE_01,Sensor_Node_1_Industry_Zone,115.28,209.85,7.51,518.2,103.26,35.75,20.9,32.1,72.6,5.7,182,Unhealthy,NW,1019.16,3.55,High,Low,Active,46.8,0.93,172.87,Increasing
29-07-2024 19:00,NODE_01,Sensor_Node_1_Industry_Zone,129.12,199.36,6.336,525.8,106.29,36.34,24.51,33,65.5,2.9,189,Unhealthy,SW,1008.89,3.55,Medium,High,Active,85.4,0.75,207.71,Decreasing
29-07-2024 20:00,NODE_01,Sensor_Node_1_Industry_Zone,119.96,194.42,6.321,500.6,95.44,40.29,15.89,32.3,81.2,5.3,184,Unhealthy,W,1013.33,5.75,Low,Low,Active,70.6,0.9,178.58,Stable
29-07-2024 21:00,NODE_01,Sensor_Node_1_Industry_Zone,126.35,199.36,7.056,512.2,85.42,38.64,8.03,34,70.6,5.8,188,Unhealthy,SE,1015.27,4.7,Medium,Low,Maintenance,54.9,0.93,205.31,Decreasing
29-07-2024 22:00,NODE_01,Sensor_Node_1_Industry_Zone,135.89,213.33,7.45,507,95.54,42.92,21.72,31.7,75,3.2,193,Unhealthy,NE,1015.9,1.78,Medium,High,Active,95.2,0.98,180.64,Stable
29-07-2024 23:00,NODE_01,Sensor_Node_1_Industry_Zone,395.24,779.94,22.08,496.1,65.19,62.8,26.01,27.4,75.8,2.3,500,Hazardous,SE,1008.72,5.13,Low,Low,Active,71.1,0.75,511.01,Increasing
30-07-2024 00:00,NODE_01,Sensor_Node_1_Industry_Zone,92.51,192.59,5.756,450.2,59.94,25.04,12.02,29.6,79.4,4.8,170,Unhealthy,N,1022.28,4.06,Low,Low,Active,27.1,0.98,158.06,Increasing
30-07-2024 01:00,NODE_01,Sensor_Node_1_Industry_Zone,82.06,169.39,5.454,496.5,70.3,26.18,16.82,28.2,86.8,3.5,165,Unhealthy,S,1007.88,9.23,High,High,Active,79,0.91,156.59,Stable
30-07-2024 02:00,NODE_01,Sensor_Node_1_Industry_Zone,80.72,170.34,5.862,511.3,63.27,30.9,17.8,29.2,77.5,3.9,164,Unhealthy,SE,1016.25,9.05,Medium,Peak,Active,61.1,0.86,159.37,Stable
30-07-2024 03:00,NODE_01,Sensor_Node_1_Industry_Zone,45.01,53.79,1.718,440.7,27.55,15.27,18.74,34.4,65.5,1.3,124,Unhealthy for Sensitive Groups,NW,1011.87,6.45,Medium,Normal,Maintenance,76,0.71,119.03,Increasing
30-07-2024 04:00,NODE_01,Sensor_Node_1_Industry_Zone,33.31,64.05,2.576,461.4,27.88,13.93,18.35,31.7,77.4,0.8,96,Moderate,NW,1008.48,7.41,High,High,Active,20.7,0.79,105.19,Increasing
30-07-2024 05:00,NODE_01,Sensor_Node_1_Industry_Zone,20.24,84.28,2.324,455.1,27.5,15.13,27.81,31,75.4,3.7,68,Moderate,SE,1008.14,6.29,Medium,Peak,Active,46.7,0.73,64.13,Decreasing
30-07-2024 06:00,NODE_01,Sensor_Node_1_Industry_Zone,154.22,270.5,9.417,520.5,120.92,42.52,20.31,33.4,71.5,4.2,500,Hazardous,NE,1008.48,3.08,Low,Low,Active,52.7,0.93,459.08,Decreasing
30-07-2024 07:00,NODE_01,Sensor_Node_1_Industry_Zone,149.56,265.43,9.088,554.6,126.7,50.59,7.69,37,61.6,1.5,200,Unhealthy,E,1009.32,7.81,Low,Peak,Active,42.7,0.95,203.76,Increasing
30-07-2024 08:00,NODE_01,Sensor_Node_1_Industry_Zone,154.09,248.31,8.304,540.6,112.02,55.78,13.25,34.5,79,2.8,205,Very Unhealthy,SW,1005.89,3.44,Medium,High,Fault,77.4,1,223.84,Increasing
30-07-2024 09:00,NODE_01,Sensor_Node_1_Industry_Zone,157.76,268.91,9.203,541.5,115.07,55.38,18.33,34.3,62.5,2.8,208,Very Unhealthy,S,1016.18,4.29,Low,Normal,Active,90.2,0.88,213.74,Decreasing
30-07-2024 10:00,NODE_01,Sensor_Node_1_Industry_Zone,161.59,260.69,8.833,523.4,122.93,55.33,15.84,39.8,63.5,2.7,212,Very Unhealthy,N,1007.78,8.59,Low,Low,Active,50,0.94,206.07,Increasing
30-07-2024 11:00,NODE_01,Sensor_Node_1_Industry_Zone,142.82,257.86,8.998,512.5,105.36,50.77,18.17,40,71.5,4.2,196,Unhealthy,SW,1008.31,4.29,Low,Normal,Active,26.9,0.74,215.37,Increasing
30-07-2024 12:00,NODE_01,Sensor_Node_1_Industry_Zone,157.92,261.18,9.416,556.8,117.55,45.6,7.07,39.3,68.9,4,500,Hazardous,N,1014.93,1.43,Low,Normal,Active,82.4,0.76,476.1,Stable
30-07-2024 13:00,NODE_01,Sensor_Node_1_Industry_Zone,158.95,278.32,8.51,507.2,121.21,55.19,17.76,35.6,67.6,2.2,209,Very Unhealthy,NE,1011.35,1.21,Low,High,Active,45.7,0.79,201.55,Decreasing
30-07-2024 14:00,NODE_01,Sensor_Node_1_Industry_Zone,153.94,268.27,8.911,548.9,112.07,50.74,13.57,37.1,68.4,5.3,204,Very Unhealthy,N,1003.47,7.58,High,Normal,Active,77.9,0.94,203.75,Increasing
30-07-2024 15:00,NODE_01,Sensor_Node_1_Industry_Zone,131.68,212.94,7.412,534.4,107.23,45.16,18.12,38.5,71.1,4.3,190,Unhealthy,E,1006.38,1.41,Medium,Low,Active,41.4,0.78,195.75,Stable
30-07-2024 16:00,NODE_01,Sensor_Node_1_Industry_Zone,114.17,220.7,8.044,530.6,102.46,38.81,20.8,37,67.2,1.1,181,Unhealthy,SE,1010.82,9.96,Low,Normal,Active,73.4,0.73,169.52,Decreasing
30-07-2024 17:00,NODE_01,Sensor_Node_1_Industry_Zone,128.67,219.17,7.515,497.3,103.01,42.12,17.81,34.9,70.2,4.1,189,Unhealthy,S,1008.55,9.94,High,Peak,Maintenance,46.9,0.78,181.41,Increasing
30-07-2024 18:00,NODE_01,Sensor_Node_1_Industry_Zone,130.9,227.22,7.925,519.2,82.49,42.84,21.36,36.3,78.5,5.1,190,Unhealthy,SW,1016.5,4.78,High,Normal,Active,85.3,0.89,197.61,Increasing
30-07-2024 19:00,NODE_01,Sensor_Node_1_Industry_Zone,124.27,175.63,7.289,532.8,93.23,38.79,19.87,35,76.3,4.2,187,Unhealthy,SE,1007.41,3.23,Low,High,Maintenance,93.9,0.94,205.57,Increasing
30-07-2024 20:00,NODE_01,Sensor_Node_1_Industry_Zone,134.49,201.5,8.567,515.8,100.72,43.23,14.91,31.3,75.4,2.3,192,Unhealthy,NE,1006.2,8.27,High,Normal,Active,87.1,0.99,197.12,Stable
30-07-2024 21:00,NODE_01,Sensor_Node_1_Industry_Zone,108.24,213.01,6.832,526.2,78.65,33.67,15.42,31.9,77.6,3.1,178,Unhealthy,NW,1005.94,7.57,Medium,Peak,Active,93.2,0.83,175.99,Increasing
30-07-2024 22:00,NODE_01,Sensor_Node_1_Industry_Zone,123.06,197.8,7.056,515.4,79.7,36.76,20.72,30.8,75.7,2.7,186,Unhealthy,NW,1014.44,9.46,Medium,Low,Active,48.8,0.89,175.47,Increasing
30-07-2024 23:00,NODE_01,Sensor_Node_1_Industry_Zone,87.54,155.31,6.12,491.3,77.71,25.53,22.22,29.1,73.3,2.6,168,Unhealthy,SE,1014.9,2.96,Low,High,Active,27.8,0.88,181.05,Increasing
31-07-2024 00:00,NODE_01,Sensor_Node_1_Industry_Zone,81.32,160.97,5.018,464.6,63.59,38.42,26.86,27,76.9,0.6,164,Unhealthy,E,1001.97,9.53,Medium,High,Active,93.8,0.81,152.66,Decreasing
31-07-2024 01:00,NODE_01,Sensor_Node_1_Industry_Zone,91.48,155.88,5.044,504,77.16,34.44,22.45,31,75.7,2.5,170,Unhealthy,N,1015.73,6.39,High,High,Active,92.6,0.74,176.73,Decreasing
31-07-2024 02:00,NODE_01,Sensor_Node_1_Industry_Zone,85.59,156.79,4.734,470.3,67.91,33.7,22.47,29.2,77.5,1.8,167,Unhealthy,SW,1017.17,5.98,Medium,Low,Active,63.8,0.78,167.97,Stable
31-07-2024 03:00,NODE_01,Sensor_Node_1_Industry_Zone,27.87,54.41,1.411,454.2,27.42,11.97,29.03,29.7,79,2.6,500,Hazardous,S,1001.85,6.62,High,Low,Active,54.8,0.94,525.69,Increasing
31-07-2024 04:00,NODE_01,Sensor_Node_1_Industry_Zone,26,48.89,2.434,477.9,41.34,15.98,29.4,32.7,79.4,3.8,80,Moderate,E,1007.86,3.44,Low,Normal,Active,73.3,0.99,85.16,Decreasing
31-07-2024 05:00,NODE_01,Sensor_Node_1_Industry_Zone,40.93,85.2,1.852,458.2,39.63,14.27,23.97,35.1,75.1,1.7,114,Unhealthy for Sensitive Groups,SW,1020.57,4.34,Low,Normal,Active,26.2,0.89,103.23,Stable
31-07-2024 06:00,NODE_01,Sensor_Node_1_Industry_Zone,130.55,293.62,8.542,558.4,111.16,51.07,18.25,32.1,77.7,4.2,190,Unhealthy,W,1018.04,8.96,High,High,Active,45.2,0.97,171.13,Increasing
31-07-2024 07:00,NODE_01,Sensor_Node_1_Industry_Zone,152.41,276.35,8.913,576,117.29,50.77,15.18,33.2,62.4,1.2,203,Very Unhealthy,NW,1012.15,6.92,High,High,Maintenance,75.3,0.94,201.42,Stable
31-07-2024 08:00,NODE_01,Sensor_Node_1_Industry_Zone,149.57,251.81,8.821,555.9,114.74,51.28,13.47,39.8,78,1.6,200,Unhealthy,NE,1015.01,8.78,Low,High,Active,90.8,0.95,192.58,Decreasing
31-07-2024 09:00,NODE_01,Sensor_Node_1_Industry_Zone,152.02,263,8.66,554.4,111.09,57.03,15.67,35.5,68,4,203,Very Unhealthy,S,1024.67,3.58,Medium,Low,Active,81.1,0.91,197.02,Stable
31-07-2024 10:00,NODE_01,Sensor_Node_1_Industry_Zone,155.25,278.29,9.368,555.8,115.67,49.27,14.96,36.7,67.4,2.6,206,Very Unhealthy,SE,1015.02,1.66,Low,Normal,Active,25.5,0.78,188.38,Stable
31-07-2024 11:00,NODE_01,Sensor_Node_1_Industry_Zone,153.96,252.19,9.283,542.3,112.8,53.53,14.61,40.2,60.5,3.3,204,Very Unhealthy,NE,1004.68,2.22,High,Low,Active,24.5,0.74,214.36,Stable
31-07-2024 12:00,NODE_01,Sensor_Node_1_Industry_Zone,164.86,256.01,9.148,520,124.02,47.79,19.09,39,55.1,4.5,215,Very Unhealthy,NW,1020.19,3.32,Medium,Peak,Active,58.3,0.91,224.49,Increasing
31-07-2024 13:00,NODE_01,Sensor_Node_1_Industry_Zone,155.67,253.76,8.669,562.6,125.45,46.42,24.98,34,67.5,3.3,206,Very Unhealthy,SE,1006.77,5.45,High,Peak,Active,59.4,0.72,211.64,Decreasing
31-07-2024 14:00,NODE_01,Sensor_Node_1_Industry_Zone,151.91,251.75,8.591,526.8,118.13,54.3,25.79,37.2,68.6,1.4,202,Very Unhealthy,E,1017.96,2.73,High,High,Active,57.8,0.88,189.38,Decreasing
31-07-2024 15:00,NODE_01,Sensor_Node_1_Industry_Zone,432.75,782.98,18.467,519.7,82.85,74.8,27.84,37.5,67.6,1,500,Hazardous,SW,1015.94,7.11,Medium,High,Active,63.2,0.97,528.2,Decreasing
31-07-2024 16:00,NODE_01,Sensor_Node_1_Industry_Zone,136.5,231.02,6.635,514.6,96.02,39.28,20.34,37.2,75,1.7,193,Unhealthy,E,1017.34,8,Low,Peak,Active,35.9,0.85,197.6,Decreasing
31-07-2024 17:00,NODE_01,Sensor_Node_1_Industry_Zone,136.69,217.82,8.11,507.2,98.89,43.1,19.36,35,64.9,2.7,193,Unhealthy,NE,1021.25,7.42,Medium,High,Active,77.2,0.94,188.69,Decreasing
31-07-2024 18:00,NODE_01,Sensor_Node_1_Industry_Zone,120.08,228.16,7.116,506.5,87.84,42.95,25.19,35.6,75.6,3.8,184,Unhealthy,W,1003.2,7.55,Low,High,Fault,46.5,0.9,176.38,Increasing
31-07-2024 19:00,NODE_01,Sensor_Node_1_Industry_Zone,111.4,228.51,6.399,514.8,96.62,37.27,6.85,33.1,68.8,2.2,180,Unhealthy,N,1011.58,6.13,High,High,Active,37,0.74,196.12,Stable
31-07-2024 20:00,NODE_01,Sensor_Node_1_Industry_Zone,122.13,212.67,6.726,511.8,81.78,41.56,5,31.6,80.5,1.3,185,Unhealthy,NE,1023.68,7.7,High,High,Active,28.8,0.8,176.78,Decreasing
31-07-2024 21:00,NODE_01,Sensor_Node_1_Industry_Zone,114.73,222.83,7.746,456.3,93.02,28.82,17.81,31.2,61.3,3,182,Unhealthy,N,1017.86,8.96,Low,Normal,Active,32.5,0.78,183.01,Increasing
31-07-2024 22:00,NODE_01,Sensor_Node_1_Industry_Zone,116.41,233.32,6.27,493.7,77.98,47.52,20.06,31.5,79,6.6,182,Unhealthy,NE,1013.06,6.75,Low,High,Active,23.6,0.73,186.8,Decreasing
31-07-2024 23:00,NODE_01,Sensor_Node_1_Industry_Zone,96.99,161.11,5.072,489.8,72.48,30.68,13.41,28.1,84.3,3.9,172,Unhealthy,NE,1005.86,9.49,Medium,Normal,Active,70.3,0.79,162.84,Increasing
01-08-2024 00:00,NODE_01,Sensor_Node_1_Industry_Zone,89.94,167.79,4.83,464.1,64.65,29.35,17.47,31.9,79.1,2.5,169,Unhealthy,S,1012.64,6.04,High,High,Active,42.9,0.7,160.69,Stable
01-08-2024 01:00,NODE_01,Sensor_Node_1_Industry_Zone,107.19,174.38,4.621,494.7,65.14,38.81,28,29,77,5.2,178,Unhealthy,W,1006.53,7.01,Low,High,Active,27.4,0.77,182.5,Stable
01-08-2024 02:00,NODE_01,Sensor_Node_1_Industry_Zone,92.63,145.25,5.017,490.5,79.2,31.95,16.93,31.5,74.9,6,170,Unhealthy,N,1003.19,5.28,Low,Peak,Active,83.1,0.91,163.29,Stable
01-08-2024 03:00,NODE_01,Sensor_Node_1_Industry_Zone,45.62,101.88,2.061,460.9,24.18,12.15,25.15,30.9,91,1.6,126,Unhealthy for Sensitive Groups,N,1015.46,5.96,High,Peak,Active,50.9,0.77,126.06,Decreasing
01-08-2024 04:00,NODE_01,Sensor_Node_1_Industry_Zone,36.05,74.72,1.275,454.3,37.39,10.49,12.45,31.9,75.1,2.8,102,Unhealthy for Sensitive Groups,SW,1012.39,7.79,Medium,Peak,Maintenance,72.2,0.74,106.25,Decreasing
01-08-2024 05:00,NODE_01,Sensor_Node_1_Industry_Zone,44.29,54.51,1.657,450.1,32.76,10.42,28.89,33.7,73.8,2.2,500,Hazardous,E,1007.36,9.99,High,Normal,Active,97.7,0.95,524.4,Increasing
01-08-2024 06:00,NODE_01,Sensor_Node_1_Industry_Zone,134.56,269.3,8.973,544.4,121.13,51.94,15.45,34.1,63.6,0.9,192,Unhealthy,SE,1014.37,1.43,High,Low,Active,49.2,0.83,176.8,Increasing
01-08-2024 07:00,NODE_01,Sensor_Node_1_Industry_Zone,149.33,278.04,8.631,544.9,118.42,53.39,20.5,36.1,57.8,3.6,199,Unhealthy,E,1008.98,5.92,High,Normal,Active,35.3,0.82,180.33,Decreasing
01-08-2024 08:00,NODE_01,Sensor_Node_1_Industry_Zone,150.14,269.31,8.515,505.9,112.43,48.24,14.23,34.6,64.6,6,200,Unhealthy,N,1022.68,4.68,Low,Normal,Active,74.4,0.97,188.73,Decreasing
01-08-2024 09:00,NODE_01,Sensor_Node_1_Industry_Zone,153.91,255.22,9.232,553.3,134.26,54.9,17.22,35.9,69.5,1.2,204,Very Unhealthy,NW,1011.82,9.37,Medium,Low,Active,73.1,1,202.1,Increasing
01-08-2024 10:00,NODE_01,Sensor_Node_1_Industry_Zone,160.27,246.43,8.838,551,115.59,49.57,15.31,36.2,73.8,5,211,Very Unhealthy,S,1021.46,2.39,High,Peak,Active,44,0.91,214.13,Decreasing
01-08-2024 11:00,NODE_01,Sensor_Node_1_Industry_Zone,145.86,252.72,8.997,524.6,127.34,45.84,12.73,36,58.1,3.3,198,Unhealthy,NW,1007.12,8.41,Low,Normal,Active,85,0.89,214.13,Increasing
01-08-2024 12:00,NODE_01,Sensor_Node_1_Industry_Zone,155.12,256.81,9.414,526.2,123.16,46.91,12.78,39.1,71.2,2.3,500,Hazardous,W,1015.68,2.17,High,High,Active,20.5,0.75,472.67,Decreasing
01-08-2024 13:00,NODE_01,Sensor_Node_1_Industry_Zone,158.78,268.2,8.535,565.7,100.79,47.29,13.45,33.6,57.8,3,209,Very Unhealthy,N,1023.06,7.96,Low,Normal,Active,30.9,0.81,191.87,Stable
01-08-2024 14:00,NODE_01,Sensor_Node_1_Industry_Zone,166.59,287.63,9.177,546.6,118.06,39.78,9.03,37.6,70.5,1.5,217,Very Unhealthy,SW,1013.63,9.03,Low,Peak,Active,48.9,0.81,212.99,Stable
01-08-2024 15:00,NODE_01,Sensor_Node_1_Industry_Zone,125.52,200.31,7.637,542.5,100.65,44.28,15.6,38.4,68.6,4.2,187,Unhealthy,NW,1018.82,7.72,High,Low,Active,55,0.92,205.17,Stable
01-08-2024 16:00,NODE_01,Sensor_Node_1_Industry_Zone,122.23,200.76,7.127,533.6,90.99,43.89,22.09,35.6,77.3,1.8,185,Unhealthy,NW,1001.57,9.55,Low,Peak,Active,53.8,0.72,180.8,Increasing
01-08-2024 17:00,NODE_01,Sensor_Node_1_Industry_Zone,120.36,233.93,7.385,515.5,87.87,39.97,17.38,33.1,69.1,4,184,Unhealthy,SE,1016.24,6.4,High,Peak,Active,22.4,0.75,191.2,Decreasing
01-08-2024 18:00,NODE_01,Sensor_Node_1_Industry_Zone,133.65,195.62,8.024,513.5,87.25,43.35,16.17,33.9,69.6,2.3,191,Unhealthy,NW,1012.18,3.53,Medium,Normal,Fault,46.3,0.95,200.95,Decreasing
01-08-2024 19:00,NODE_01,Sensor_Node_1_Industry_Zone,342.73,566.05,17.493,494.1,86.01,79.48,12.42,29.5,77.3,1.4,458,Hazardous,SE,1016.59,8.81,Low,High,Active,68.5,0.97,450.71,Increasing
01-08-2024 20:00,NODE_01,Sensor_Node_1_Industry_Zone,124.82,208.89,7.334,505.4,89.32,39.59,20.03,33.9,77.3,0.8,187,Unhealthy,NE,1017.21,7.75,Low,Normal,Active,83.1,0.83,204.53,Stable
01-08-2024 21:00,NODE_01,Sensor_Node_1_Industry_Zone,121.18,224.43,7.668,510.3,93.06,38.61,22.5,31.3,67.8,5.4,185,Unhealthy,S,998.46,8.55,High,Normal,Active,61.4,0.98,189.97,Stable
01-08-2024 22:00,NODE_01,Sensor_Node_1_Industry_Zone,126.45,233.65,7.952,507.2,89.2,47.91,26.23,31.2,66.9,3.5,188,Unhealthy,SW,1009.34,5.76,Low,Normal,Active,80.4,0.93,188.71,Increasing
01-08-2024 23:00,NODE_01,Sensor_Node_1_Industry_Zone,87.55,138.24,6.278,488.7,62.18,34.19,23.95,28.2,77.6,2.6,168,Unhealthy,E,1007.98,8.58,Medium,High,Active,34.6,0.95,156.16,Decreasing
02-08-2024 00:00,NODE_01,Sensor_Node_1_Industry_Zone,105.84,149.17,4.565,491.4,60.34,30.74,20.83,28.9,89.3,4.1,177,Unhealthy,S,1012.91,2.04,Medium,Normal,Maintenance,35.7,0.8,161.83,Increasing
02-08-2024 01:00,NODE_01,Sensor_Node_1_Industry_Zone,92.37,184.25,4.771,459,82.63,32.56,21.43,29.9,75.9,2,170,Unhealthy,NE,1000.36,9.28,High,Peak,Active,73.9,0.71,166.26,Stable
02-08-2024 02:00,NODE_01,Sensor_Node_1_Industry_Zone,96.22,174.04,5.748,489.3,70.54,35.38,23.71,33.2,66.7,2.8,172,Unhealthy,N,1005.46,3.03,Low,Low,Maintenance,23.7,0.78,167.41,Stable
02-08-2024 03:00,NODE_01,Sensor_Node_1_Industry_Zone,45.75,85.76,1.739,484.6,37.14,14.92,20.34,30.9,74.1,3.7,126,Unhealthy for Sensitive Groups,W,1018.01,8.07,High,Peak,Active,61.5,0.94,129.35,Increasing
02-08-2024 04:00,NODE_01,Sensor_Node_1_Industry_Zone,35.27,64.04,2.177,442.6,33.11,10.11,30.09,31.1,74.8,3.8,100,Moderate,SW,1013.06,1.01,Medium,Normal,Active,46.3,0.92,98.9,Stable
02-08-2024 05:00,NODE_01,Sensor_Node_1_Industry_Zone,28.05,76.52,2.325,445.8,18.46,7.18,28.75,32.7,65.4,3.4,85,Moderate,W,1005.47,9.37,Medium,Low,Active,53.6,0.88,78.77,Decreasing
02-08-2024 06:00,NODE_01,Sensor_Node_1_Industry_Zone,160.99,244.53,9.036,548,113.51,55.36,14.28,31.4,70.8,4.8,211,Very Unhealthy,SE,1010.48,9.56,Medium,Normal,Active,40.1,0.8,215.52,Stable
02-08-2024 07:00,NODE_01,Sensor_Node_1_Industry_Zone,164.94,261.16,8.437,552.3,119.41,50.39,18.39,34,66.8,1.8,215,Very Unhealthy,N,1018.59,9.43,Low,Peak,Active,40.8,0.77,215.18,Decreasing
02-08-2024 08:00,NODE_01,Sensor_Node_1_Industry_Zone,166.92,283.21,8.388,567.6,118.67,55.94,16.67,35.7,67.3,1.4,217,Very Unhealthy,N,1000.96,5.94,High,Peak,Active,25.1,0.92,213.34,Stable
02-08-2024 09:00,NODE_01,Sensor_Node_1_Industry_Zone,134.4,278.98,8.606,558.3,129.32,48.09,12.82,38.3,65,2.4,192,Unhealthy,NE,1010.73,2.59,High,Peak,Maintenance,20.4,0.93,194.63,Increasing
02-08-2024 10:00,NODE_01,Sensor_Node_1_Industry_Zone,165.51,261.72,9.125,558.7,121.18,54.68,8.72,36.9,67.2,7.5,216,Very Unhealthy,E,1010.62,1.68,Low,Peak,Active,37.4,0.72,197.9,Stable
02-08-2024 11:00,NODE_01,Sensor_Node_1_Industry_Zone,147.88,279.59,8.704,527.3,124.18,46.22,11.02,38.6,74.3,1.8,199,Unhealthy,N,1013.12,6.6,High,Low,Active,64.3,0.84,211.97,Decreasing
02-08-2024 12:00,NODE_01,Sensor_Node_1_Industry_Zone,159.48,257.7,9.52,534.2,125.61,48.73,12.56,35.1,62,6,210,Very Unhealthy,SE,1015.02,5.8,Medium,High,Active,53.3,0.84,207.78,Stable
02-08-2024 13:00,NODE_01,Sensor_Node_1_Industry_Zone,155.42,283.42,8.974,542.2,125.39,51.32,11.38,37.1,53.4,2.2,206,Very Unhealthy,SE,1023.46,5.25,Low,Peak,Active,37.2,0.97,214.53,Stable
02-08-2024 14:00,NODE_01,Sensor_Node_1_Industry_Zone,156.81,282.96,8.49,524.7,124.2,48.6,17.28,38.6,62.6,4.9,207,Very Unhealthy,E,1015.32,1.92,Low,High,Active,91.9,0.88,224.06,Decreasing
02-08-2024 15:00,NODE_01,Sensor_Node_1_Industry_Zone,117.69,205.71,6.391,524.6,98.29,40.64,25.2,36.4,71.5,1.4,183,Unhealthy,E,1008.48,8.87,Medium,Low,Active,87.4,0.82,199.92,Increasing
02-08-2024 16:00,NODE_01,Sensor_Node_1_Industry_Zone,132.44,214.59,7.655,492.4,94.85,38.48,14.14,38.1,70.2,4.7,191,Unhealthy,NE,1019.55,7.55,High,Low,Active,41.5,0.89,199,Decreasing
02-08-2024 17:00,NODE_01,Sensor_Node_1_Industry_Zone,111.38,200.86,6.691,513.2,97.37,37.41,20.35,35.1,71.4,2.9,180,Unhealthy,W,1006.85,8.87,High,High,Active,65.9,0.88,190.68,Stable
02-08-2024 18:00,NODE_01,Sensor_Node_1_Industry_Zone,121.19,218.26,6.841,509.1,97.81,46.1,11.78,34.8,79.3,2.3,185,Unhealthy,NW,1014.62,4.51,Low,High,Active,21,0.96,194.31,Increasing
02-08-2024 19:00,NODE_01,Sensor_Node_1_Industry_Zone,128.76,230.11,6.806,516.8,90.56,38.47,9.79,30,80.6,1.2,189,Unhealthy,NW,1021.43,6.55,Medium,High,Active,64.9,0.77,195.17,Stable
02-08-2024 20:00,NODE_01,Sensor_Node_1_Industry_Zone,108.81,216.31,6.518,500.5,98.87,40.97,17.76,33.7,73.3,1.9,179,Unhealthy,S,1018.46,5.31,High,High,Active,43.1,0.82,164.43,Decreasing
02-08-2024 21:00,NODE_01,Sensor_Node_1_Industry_Zone,133.04,197.83,6.573,513.3,94.1,36.89,17.02,33.2,73.9,2.7,191,Unhealthy,NW,1016.87,9.85,High,Low,Active,99.8,0.8,176.41,Decreasing
02-08-2024 22:00,NODE_01,Sensor_Node_1_Industry_Zone,139.89,233.11,6.95,530.4,95.9,45.4,13.04,29,85.1,1.8,195,Unhealthy,SE,998.61,4.51,Low,Normal,Active,47.6,0.9,195.81,Decreasing
02-08-2024 23:00,NODE_01,Sensor_Node_1_Industry_Zone,80.45,170.58,5.446,488.2,67.9,26.26,19.97,31.9,76.1,3.5,164,Unhealthy,N,1011.39,8.34,High,High,Active,26.7,0.92,179.66,Decreasing
03-08-2024 00:00,NODE_01,Sensor_Node_1_Industry_Zone,63.87,101.47,3.18,520.9,51.42,19.1,29.3,30.9,69.5,4,155,Unhealthy,NE,1008.48,6.31,High,Normal,Active,27.8,0.71,150.04,Decreasing
03-08-2024 01:00,NODE_01,Sensor_Node_1_Industry_Zone,56.65,136.8,3.507,501.7,41.58,16.11,12.37,30.7,85.4,3.1,152,Unhealthy,E,1019.95,3.83,High,Normal,Active,80.1,0.96,144.42,Stable
03-08-2024 02:00,NODE_01,Sensor_Node_1_Industry_Zone,69.85,145.05,3.079,447,48.26,23.99,13.06,31.8,75.2,0.8,158,Unhealthy,N,1017.04,4.71,Low,Peak,Maintenance,66.1,0.85,142.95,Increasing
03-08-2024 03:00,NODE_01,Sensor_Node_1_Industry_Zone,27.72,30.36,0.966,426.6,23.78,5.69,26.35,31.2,69.2,5.6,84,Moderate,S,1013.57,4.17,Medium,Low,Maintenance,38.1,0.79,78.19,Stable
03-08-2024 04:00,NODE_01,Sensor_Node_1_Industry_Zone,25.63,46.54,1.987,473.4,11.97,9.61,13.91,33.3,81.6,1.3,79,Moderate,SW,1016.77,7.88,High,Low,Active,64.2,0.83,76.65,Stable
03-08-2024 05:00,NODE_01,Sensor_Node_1_Industry_Zone,5,38.44,1.186,445.7,26.02,6.94,20.06,32.7,72,0.8,36,Good,E,1008.1,7,High,Peak,Active,81.3,0.97,38.95,Stable
03-08-2024 06:00,NODE_01,Sensor_Node_1_Industry_Zone,103,191.01,5.19,549.1,83.16,31.02,22.26,33.9,65.2,4.1,176,Unhealthy,W,1015.81,2.05,Medium,Peak,Active,96.4,0.84,160.71,Decreasing
03-08-2024 07:00,NODE_01,Sensor_Node_1_Industry_Zone,89.93,194.8,6.159,539.2,79.82,33.05,14.34,34.2,60.1,2.9,169,Unhealthy,W,1012.57,7.96,Low,Low,Active,35.3,0.74,164.43,Increasing
03-08-2024 08:00,NODE_01,Sensor_Node_1_Industry_Zone,78.45,165.69,6.284,565.2,72.75,30.5,12.4,35.2,75.9,2.5,163,Unhealthy,S,1001.9,5.15,High,Low,Active,51.5,0.89,168.21,Stable
03-08-2024 09:00,NODE_01,Sensor_Node_1_Industry_Zone,113.13,146.81,5.81,532.2,78.95,35.41,18.76,34.4,67.6,3.3,181,Unhealthy,NW,1014.06,3.94,Low,Normal,Active,86.3,0.71,166.03,Increasing
03-08-2024 10:00,NODE_01,Sensor_Node_1_Industry_Zone,97.26,153.77,5.552,544.7,81.57,37.96,16.31,37,70.9,0.7,173,Unhealthy,NW,1016.24,4.37,High,Normal,Active,61.3,0.86,186.05,Increasing
03-08-2024 11:00,NODE_01,Sensor_Node_1_Industry_Zone,105.36,174.56,6.229,530,76.27,24.63,22.95,37.1,74.6,3.8,177,Unhealthy,S,1019.16,2.17,High,Peak,Active,70.3,0.75,182.47,Increasing
03-08-2024 12:00,NODE_01,Sensor_Node_1_Industry_Zone,371.23,607.3,17.912,564,88.97,79.16,9.95,35.9,72.8,1.5,500,Hazardous,SE,1015.16,3.81,Low,High,Active,81.7,0.82,510.37,Stable
03-08-2024 13:00,NODE_01,Sensor_Node_1_Industry_Zone,92.12,174.95,6.12,553,84.1,40.04,15.89,37.1,69.9,2.2,170,Unhealthy,SW,1018.04,2.56,Medium,High,Active,32.6,0.99,158.28,Stable
03-08-2024 14:00,NODE_01,Sensor_Node_1_Industry_Zone,108.1,171.16,5.22,514.2,76.78,37.33,21.64,37.6,78.9,1,178,Unhealthy,SE,1001.61,5.12,Medium,Low,Maintenance,59.5,0.86,180.96,Stable
03-08-2024 15:00,NODE_01,Sensor_Node_1_Industry_Zone,79.24,136.38,3.375,507.7,67.12,32.46,14.25,37.5,74,2.4,163,Unhealthy,S,1009.76,5.75,Low,High,Active,30.4,0.76,154.7,Stable
03-08-2024 16:00,NODE_01,Sensor_Node_1_Industry_Zone,357.93,649.84,14.605,511.2,53.06,41.68,23.54,36,78.6,2.5,500,Hazardous,NW,1011.14,9.91,High,Low,Active,62.4,0.83,464.15,Stable
03-08-2024 17:00,NODE_01,Sensor_Node_1_Industry_Zone,86.94,150.57,4.894,497.5,63.1,27.63,17.99,36.4,68.3,1.1,167,Unhealthy,SW,1010.02,7.92,Medium,Low,Active,82,0.9,152.98,Stable
03-08-2024 18:00,NODE_01,Sensor_Node_1_Industry_Zone,76.47,136.22,4.566,511.6,67.62,32.22,11.99,36.2,76,4.5,162,Unhealthy,NW,1011.47,5.76,High,High,Active,34.8,0.98,164.58,Increasing
03-08-2024 19:00,NODE_01,Sensor_Node_1_Industry_Zone,72.94,115.15,4.616,525.3,55.94,20.29,19.39,36.3,69.3,2.4,160,Unhealthy,SE,1008.54,4.37,Low,High,Active,99,0.87,164.03,Decreasing
03-08-2024 20:00,NODE_01,Sensor_Node_1_Industry_Zone,92.64,115.19,5.044,507.3,58.46,22.17,17.16,30.5,71.7,3.1,170,Unhealthy,SW,1016.42,2.43,High,Normal,Active,37.9,0.98,182.15,Stable
03-08-2024 21:00,NODE_01,Sensor_Node_1_Industry_Zone,60.36,155.99,6.274,532.4,57.55,18.27,21.1,29,71.4,3.7,154,Unhealthy,W,1006.05,4.41,Medium,Low,Active,79.8,0.76,157.65,Stable
03-08-2024 22:00,NODE_01,Sensor_Node_1_Industry_Zone,87.17,142.44,4.195,485.1,62.64,27.55,25.92,26.8,77.9,1.9,167,Unhealthy,SW,1012.75,5.9,Low,High,Active,61,0.96,156.66,Stable
03-08-2024 23:00,NODE_01,Sensor_Node_1_Industry_Zone,67.39,90.79,3.513,481.8,47.99,24.77,18.8,32,77.1,2.3,157,Unhealthy,NW,1012.44,2.6,High,High,Active,63.7,0.94,145.15,Stable
04-08-2024 00:00,NODE_01,Sensor_Node_1_Industry_Zone,62.98,111.28,3.815,490.7,22.55,22.04,10.95,29.1,63.7,0.7,155,Unhealthy,W,1012.86,9.1,High,High,Active,33.3,0.98,146.98,Stable
04-08-2024 01:00,NODE_01,Sensor_Node_1_Industry_Zone,73.65,109.58,3.331,516.1,49.59,20.15,22.78,29.6,70.4,2.8,160,Unhealthy,E,1006.31,6.75,High,High,Active,75.9,0.89,172.59,Stable
04-08-2024 02:00,NODE_01,Sensor_Node_1_Industry_Zone,45.99,110.84,3.515,521.2,47.74,14.93,11.85,32.4,76.8,4.1,127,Unhealthy for Sensitive Groups,S,1020.4,4.65,Low,Low,Active,91.6,0.72,123.24,Stable
04-08-2024 03:00,NODE_01,Sensor_Node_1_Industry_Zone,18.1,49.83,2.005,450.9,13.25,15.34,23.04,32.4,82.7,1.3,64,Moderate,S,1010.64,8.15,Low,High,Active,27.6,0.88,66.26,Decreasing
04-08-2024 04:00,NODE_01,Sensor_Node_1_Industry_Zone,60.06,161.5,4.224,469.9,27.09,8.05,32.22,30.5,78.6,5.2,153,Unhealthy,NE,1003.37,2.21,Low,Peak,Active,92.7,0.71,145.1,Increasing
04-08-2024 05:00,NODE_01,Sensor_Node_1_Industry_Zone,44.4,24.91,1.534,451.1,24.07,13.61,24.52,36.1,63,0.3,123,Unhealthy for Sensitive Groups,NE,1016.81,8.54,Medium,Low,Active,61.5,0.92,131.7,Increasing
04-08-2024 06:00,NODE_01,Sensor_Node_1_Industry_Zone,103.45,161.72,4.87,537.4,66.24,32.11,16.17,35.7,63,6.5,176,Unhealthy,NE,1011.98,1.17,Low,High,Active,48.5,0.71,185.86,Increasing
04-08-2024 07:00,NODE_01,Sensor_Node_1_Industry_Zone,107.37,174.27,6.338,533.2,67.11,27.89,9.54,35.8,79.3,0.7,178,Unhealthy,NW,1011.42,4.56,Low,Normal,Active,75.1,0.71,180.26,Decreasing
04-08-2024 08:00,NODE_01,Sensor_Node_1_Industry_Zone,95.58,181.71,5.062,544.2,81.12,26.97,14.98,37.1,51.4,5.1,172,Unhealthy,NE,1011.42,6.03,Medium,Normal,Active,72.3,0.97,179.76,Increasing
04-08-2024 09:00,NODE_01,Sensor_Node_1_Industry_Zone,110.78,167.12,4.963,550.6,75.86,32.89,21.44,38,79.3,0.9,180,Unhealthy,N,1014.37,2.51,High,High,Active,54.3,0.97,178.15,Decreasing
04-08-2024 10:00,NODE_01,Sensor_Node_1_Industry_Zone,98.59,178.72,6.332,514.6,76.5,39.2,14.8,38.9,69.8,1.5,173,Unhealthy,NE,1011.68,7.03,Low,Normal,Active,99.9,0.94,178.09,Decreasing
04-08-2024 11:00,NODE_01,Sensor_Node_1_Industry_Zone,107.75,161.56,5.421,541.4,65.71,31.68,17.26,40.5,68.6,4.9,178,Unhealthy,E,1007.36,9.65,High,Low,Active,38.9,0.75,164.27,Decreasing
04-08-2024 12:00,NODE_01,Sensor_Node_1_Industry_Zone,105.1,189.2,5.342,538,93.42,32.44,21.58,39.4,57.1,5.9,177,Unhealthy,N,1003.48,1.73,Low,Normal,Active,58.7,0.83,175.08,Decreasing
04-08-2024 13:00,NODE_01,Sensor_Node_1_Industry_Zone,102.58,162.34,5.266,532.4,75.76,37.5,25.09,40,71.4,0.5,175,Unhealthy,E,1013.82,1.08,Medium,Low,Active,64,0.72,186.8,Decreasing
04-08-2024 14:00,NODE_01,Sensor_Node_1_Industry_Zone,92.07,167.18,5.929,529.6,80.48,35.64,18.68,39,61.4,7.8,170,Unhealthy,NW,1002.89,7.37,High,High,Active,29.1,0.95,158.44,Stable
04-08-2024 15:00,NODE_01,Sensor_Node_1_Industry_Zone,87.54,128.58,4.189,525.4,69.66,28.16,18.5,37.3,68.6,2.2,168,Unhealthy,NE,1018.72,8.14,Medium,Low,Active,57.5,0.78,171.98,Decreasing
04-08-2024 16:00,NODE_01,Sensor_Node_1_Industry_Zone,79.45,139.44,4.665,528,59.64,28.46,17.68,38.7,69.5,6.5,163,Unhealthy,S,1006.28,4.75,High,Low,Active,83.1,0.88,165.79,Decreasing
04-08-2024 17:00,NODE_01,Sensor_Node_1_Industry_Zone,98.81,143.25,4.552,499.6,51.05,22.24,14,35.6,67.3,5.5,173,Unhealthy,W,1006.9,4.11,Medium,Low,Active,46.1,0.97,189.86,Decreasing
04-08-2024 18:00,NODE_01,Sensor_Node_1_Industry_Zone,81.58,156.27,4.615,553.2,52.92,25.61,15.7,35.4,58.6,4.3,164,Unhealthy,N,1006.11,4.16,Medium,Peak,Active,31.5,1,168.29,Decreasing
04-08-2024 19:00,NODE_01,Sensor_Node_1_Industry_Zone,68.54,141.48,3.983,494.3,72.86,23.72,13.69,35.2,79.6,1.3,158,Unhealthy,W,1003.82,8.55,Medium,Normal,Active,73.9,0.87,168.9,Stable
04-08-2024 20:00,NODE_01,Sensor_Node_1_Industry_Zone,90.27,125.02,3.897,518.2,63.5,27.67,25.79,29.4,80.2,2.1,169,Unhealthy,S,1007.36,1.52,Low,Low,Active,34.6,0.99,173.97,Increasing
04-08-2024 21:00,NODE_01,Sensor_Node_1_Industry_Zone,71.31,126.92,4.354,489.8,61.44,23.12,22.33,32.1,86.4,7.2,159,Unhealthy,W,1010.3,8.17,Medium,Normal,Active,66.8,0.81,143.35,Stable
04-08-2024 22:00,NODE_01,Sensor_Node_1_Industry_Zone,83.01,145.61,5.359,504.5,50.73,27.01,11.29,34.2,85.9,6.3,165,Unhealthy,NW,998.03,2.28,Low,Peak,Maintenance,54.8,0.91,174.83,Decreasing
04-08-2024 23:00,NODE_01,Sensor_Node_1_Industry_Zone,77.37,97.31,3.936,468.7,28.06,16.49,13.52,32.4,88.7,3.5,162,Unhealthy,E,997.33,8.39,High,High,Active,35.1,0.87,168.12,Stable
05-08-2024 00:00,NODE_01,Sensor_Node_1_Industry_Zone,100.01,137.62,5.181,480.2,75.8,25.32,20.31,29,80.8,2.2,174,Unhealthy,E,1007.7,5.87,Medium,Peak,Active,75.9,0.91,162.72,Stable
05-08-2024 01:00,NODE_01,Sensor_Node_1_Industry_Zone,90.67,188.1,5.168,471.9,74.64,29.67,13.72,33.5,75.7,3.8,169,Unhealthy,N,1017.3,8.52,Low,High,Active,79.3,0.77,165.05,Decreasing
05-08-2024 02:00,NODE_01,Sensor_Node_1_Industry_Zone,106.24,136.08,5.514,528.2,71.46,25.3,17.71,30.8,85.2,2,177,Unhealthy,W,1004.2,2.31,High,Normal,Active,31.4,0.96,160.12,Stable
05-08-2024 03:00,NODE_01,Sensor_Node_1_Industry_Zone,35.79,46.29,1.999,472.4,29.88,13.76,26.39,32.8,72.6,1.7,102,Unhealthy for Sensitive Groups,W,1011.54,2.3,Low,High,Active,56.2,0.92,111.43,Decreasing
05-08-2024 04:00,NODE_01,Sensor_Node_1_Industry_Zone,54.37,55.29,1.799,456.4,29.96,13.91,26.14,30.4,84.7,2.5,147,Unhealthy for Sensitive Groups,SW,1020.58,2.94,Low,Peak,Active,94.1,0.84,144.86,Increasing
05-08-2024 05:00,NODE_01,Sensor_Node_1_Industry_Zone,120.08,190.27,4.921,466.8,37.52,21.11,17.41,35.6,76.9,8.4,184,Unhealthy,E,1004.06,5.66,High,Peak,Active,81.8,0.84,169.32,Increasing
05-08-2024 06:00,NODE_01,Sensor_Node_1_Industry_Zone,155.3,262.06,9.124,523.4,114.26,42.55,18.17,33.5,75.7,3.2,206,Very Unhealthy,SW,1009.37,4.99,Low,Low,Active,60.2,0.93,216.32,Decreasing
05-08-2024 07:00,NODE_01,Sensor_Node_1_Industry_Zone,154.96,256.01,9.788,525.8,114.31,46.35,10.5,35.1,63,0.4,205,Very Unhealthy,N,1007.54,3.35,Low,Normal,Active,27.3,0.97,213.53,Increasing
05-08-2024 08:00,NODE_01,Sensor_Node_1_Industry_Zone,562.41,1003.22,25.811,501.3,126.94,113.89,17.39,35.7,73.9,1.1,500,Hazardous,E,1017.35,3.52,High,Low,Active,23.4,0.8,470.93,Stable
05-08-2024 09:00,NODE_01,Sensor_Node_1_Industry_Zone,161.5,269.44,9.488,540.6,117.49,54.67,20.81,39.2,57.2,3.9,500,Hazardous,NW,1014.78,7.89,Medium,Peak,Active,28.1,0.86,465.99,Increasing
05-08-2024 10:00,NODE_01,Sensor_Node_1_Industry_Zone,146.91,269.52,9.486,526.1,120.7,53.89,10.64,37.3,68.6,2.7,500,Hazardous,S,1015.71,1.7,Low,High,Active,84.2,0.9,487.4,Increasing
05-08-2024 11:00,NODE_01,Sensor_Node_1_Industry_Zone,147.63,277.22,9.282,525.5,122.17,47.06,7.95,37.3,72.9,0.4,199,Unhealthy,SE,1026.98,9.08,High,Peak,Active,74.7,1,186.88,Increasing
05-08-2024 12:00,NODE_01,Sensor_Node_1_Industry_Zone,159.25,265.98,8.752,534,118.36,46.13,14.26,37.7,57.9,3,210,Very Unhealthy,NE,1021.78,4.55,Low,Low,Active,26.6,0.88,221.64,Increasing
05-08-2024 13:00,NODE_01,Sensor_Node_1_Industry_Zone,147.29,261.68,8.504,569.4,111.73,51.41,13.56,37.9,69,2.9,198,Unhealthy,NE,1011.41,7.78,Medium,High,Active,49.6,0.83,191.59,Decreasing
05-08-2024 14:00,NODE_01,Sensor_Node_1_Industry_Zone,163.53,290.66,8.895,541.8,133.08,54.94,12.91,36.5,72.5,3.4,214,Very Unhealthy,NW,1010.79,2.39,Medium,Normal,Active,38.8,0.97,225.39,Decreasing
05-08-2024 15:00,NODE_01,Sensor_Node_1_Industry_Zone,115.11,220.05,7.04,504.5,104.31,39.33,16.35,36.7,68.9,2.2,182,Unhealthy,SE,1003.31,8.1,Medium,Peak,Active,25.5,0.81,165.19,Decreasing
05-08-2024 16:00,NODE_01,Sensor_Node_1_Industry_Zone,118.26,224.63,6.725,484.2,80.31,34.44,25.21,36,72,1.1,183,Unhealthy,SE,1001.72,3.29,High,Peak,Active,42.8,0.76,178.1,Stable
05-08-2024 17:00,NODE_01,Sensor_Node_1_Industry_Zone,127.49,227.42,7.241,541,98.43,37.85,15.91,33.9,77.8,1.3,188,Unhealthy,N,1011.7,1.02,Low,Normal,Active,76.5,0.84,182.75,Stable
05-08-2024 18:00,NODE_01,Sensor_Node_1_Industry_Zone,125.76,211.44,7.315,549.8,100.47,40.43,11.36,33.3,76.3,2.9,187,Unhealthy,NW,1004.2,7.99,Medium,Low,Active,85.6,0.72,178.57,Stable
05-08-2024 19:00,NODE_01,Sensor_Node_1_Industry_Zone,113.83,213.48,6.835,524.7,85.97,48.98,24.99,34.4,65.2,4.7,181,Unhealthy,E,1015.75,6.31,High,Normal,Active,74,0.77,197.7,Increasing
05-08-2024 20:00,NODE_01,Sensor_Node_1_Industry_Zone,124.84,229.73,7.465,497.8,89.53,38.51,15.38,34.3,63.5,2.3,187,Unhealthy,S,1007.25,7.04,Low,Normal,Active,47.7,0.73,176.63,Stable
05-08-2024 21:00,NODE_01,Sensor_Node_1_Industry_Zone,128.45,184.66,6.893,543,95.93,35.53,23.49,33,76.9,0.9,189,Unhealthy,NE,1008.5,6.39,High,Peak,Active,98.2,0.81,186.17,Increasing
05-08-2024 22:00,NODE_01,Sensor_Node_1_Industry_Zone,139.48,224.3,7.509,501.3,98.47,41.19,21,29.5,78,3.1,194,Unhealthy,SE,1002.68,3.09,High,Low,Active,87.2,0.77,190.69,Increasing
05-08-2024 23:00,NODE_01,Sensor_Node_1_Industry_Zone,85.87,138.57,5.43,496.6,72.85,29.11,22.16,30.8,82.2,3,167,Unhealthy,SW,1024.66,3.96,Low,High,Active,80.6,0.97,181.99,Increasing
06-08-2024 00:00,NODE_01,Sensor_Node_1_Industry_Zone,92.91,146.91,5.594,502.6,69.21,32.42,19.34,31,83.5,0.5,170,Unhealthy,W,1016.55,1.07,Medium,Normal,Active,50,0.75,177.89,Increasing
06-08-2024 01:00,NODE_01,Sensor_Node_1_Industry_Zone,99.59,161.25,4.856,479.6,74.73,40.04,19.1,30.8,74.5,2.1,174,Unhealthy,NW,1007.74,9.21,Low,Normal,Active,76.1,0.88,159.31,Stable
06-08-2024 02:00,NODE_01,Sensor_Node_1_Industry_Zone,75.74,178.55,4.261,485.9,62.31,26.7,27.68,30.8,71.4,2.8,161,Unhealthy,SW,1012.91,4.95,Medium,Peak,Active,22.2,0.71,167.13,Decreasing
06-08-2024 03:00,NODE_01,Sensor_Node_1_Industry_Zone,33.78,68.92,3.188,412,29.16,11.34,29.73,31.7,79.8,1.2,97,Moderate,W,1019.94,2.51,Medium,Low,Active,43.2,0.77,91.53,Stable
06-08-2024 04:00,NODE_01,Sensor_Node_1_Industry_Zone,41.26,53.45,2.846,460.9,35.81,17.66,27.09,34.2,77.3,0.5,115,Unhealthy for Sensitive Groups,SE,1006.43,1,Low,Low,Active,28.4,0.93,112.94,Increasing
06-08-2024 05:00,NODE_01,Sensor_Node_1_Industry_Zone,36.75,59.23,3.056,451.8,30.06,14.15,39.9,31.3,68.5,0.5,104,Unhealthy for Sensitive Groups,W,1023.44,8.07,Low,Low,Active,99.4,0.78,108.9,Decreasing
06-08-2024 06:00,NODE_01,Sensor_Node_1_Industry_Zone,142.96,262.74,9.083,532.6,113.82,50.97,13.49,34.5,78.7,4,196,Unhealthy,SE,1005.81,4.09,Medium,Normal,Active,90.6,0.74,186.97,Decreasing
06-08-2024 07:00,NODE_01,Sensor_Node_1_Industry_Zone,159.42,278.33,9.503,546.1,116.49,47.31,14.04,34.2,74.8,5.1,210,Very Unhealthy,E,1010.94,3.56,High,High,Active,68.9,0.74,219.02,Decreasing
06-08-2024 08:00,NODE_01,Sensor_Node_1_Industry_Zone,144.72,286.04,8.747,521.2,114.53,60.34,14.06,35.5,67.8,3.2,197,Unhealthy,SW,1002.1,5.78,High,Peak,Active,97.7,0.84,212.84,Increasing
06-08-2024 09:00,NODE_01,Sensor_Node_1_Industry_Zone,152.81,281.06,9.117,521,115.19,48.19,16.26,38.8,66.9,4,203,Very Unhealthy,S,996.77,5.43,Low,High,Active,68.1,0.82,198.68,Decreasing
06-08-2024 10:00,NODE_01,Sensor_Node_1_Industry_Zone,161.01,274.04,9.939,549.8,103.69,53.73,8.04,38.1,56.5,1.3,211,Very Unhealthy,NW,1018.06,6.57,Medium,High,Active,93.7,0.9,206.82,Stable
06-08-2024 11:00,NODE_01,Sensor_Node_1_Industry_Zone,150.27,261.12,9.476,528.1,121.42,46.54,15.05,38.3,60.2,3.4,500,Hazardous,SE,1012.51,1.04,Medium,Low,Active,65.4,0.87,549.55,Increasing
06-08-2024 12:00,NODE_01,Sensor_Node_1_Industry_Zone,162.98,264.89,8.731,543.8,117.99,51.37,5,36.4,60.9,5.7,213,Very Unhealthy,S,1001.6,4.28,Low,Low,Active,57.8,0.72,201.93,Stable
06-08-2024 13:00,NODE_01,Sensor_Node_1_Industry_Zone,155.21,269.61,8.31,567,126.5,45.37,17.66,37,67,3.4,206,Very Unhealthy,NE,1002.16,9.77,High,Peak,Active,64.6,0.71,225.93,Increasing
06-08-2024 14:00,NODE_01,Sensor_Node_1_Industry_Zone,160.01,270.13,8.79,544.3,127.12,50.22,11.57,35,69.9,1.1,210,Very Unhealthy,NW,1018.87,2.86,High,Low,Active,40.2,0.85,205.89,Stable
06-08-2024 15:00,NODE_01,Sensor_Node_1_Industry_Zone,125.18,203.76,7.681,508.2,93.14,40.25,16.65,37.2,74.7,3.5,187,Unhealthy,N,1011.1,3.95,Medium,Low,Active,27.7,0.97,179.51,Increasing
06-08-2024 16:00,NODE_01,Sensor_Node_1_Industry_Zone,124.58,214.95,7.604,516.7,97.44,43.18,15.88,36.4,67.5,0.3,187,Unhealthy,N,1020.59,2.03,High,Normal,Active,29.4,0.79,173.27,Decreasing
06-08-2024 17:00,NODE_01,Sensor_Node_1_Industry_Zone,122.14,208.29,7.404,517.3,96.84,40.25,10.38,35.1,70.8,1,185,Unhealthy,NE,1015.82,5.5,High,Normal,Active,66.2,0.88,194.02,Increasing
06-08-2024 18:00,NODE_01,Sensor_Node_1_Industry_Zone,113.64,221.54,7.031,518.9,92.11,40.3,16.15,32.5,74.8,0.9,181,Unhealthy,N,1011.6,4.61,High,Low,Active,29.9,0.96,180.41,Stable
06-08-2024 19:00,NODE_01,Sensor_Node_1_Industry_Zone,118.38,215.1,7.373,505.2,85.65,50.02,15.76,33.9,85.2,2.3,183,Unhealthy,SE,1012.19,4.64,Low,Low,Active,66.2,0.98,183.69,Increasing
06-08-2024 20:00,NODE_01,Sensor_Node_1_Industry_Zone,122.66,201.14,7.609,526,90.48,36.15,11.79,33.5,75.7,2,186,Unhealthy,SW,1008.67,4.79,High,High,Maintenance,93.8,0.71,171.24,Increasing
06-08-2024 21:00,NODE_01,Sensor_Node_1_Industry_Zone,124.92,226.28,7.189,532.1,91.38,39.37,21.97,32.3,81,5.3,187,Unhealthy,W,1012.59,7.32,Low,High,Active,86.2,0.77,169.22,Increasing
06-08-2024 22:00,NODE_01,Sensor_Node_1_Industry_Zone,132.07,211.33,6.911,540,89.5,42.84,18.11,27.8,84,3.1,191,Unhealthy,E,1011.63,5.07,High,Low,Active,58.7,0.75,175.32,Decreasing
06-08-2024 23:00,NODE_01,Sensor_Node_1_Industry_Zone,70.34,166.98,5.057,493.3,52.84,33.07,22.05,30.1,77.9,4.7,159,Unhealthy,NW,1017.03,3.35,Medium,Low,Active,34.3,1,148.44,Decreasing
07-08-2024 00:00,NODE_01,Sensor_Node_1_Industry_Zone,96.35,159.2,4.439,530.1,78.97,25.1,19.07,29.6,84.5,2.1,500,Hazardous,N,1011.02,5.44,Medium,Peak,Active,78.3,0.9,453.66,Stable
07-08-2024 01:00,NODE_01,Sensor_Node_1_Industry_Zone,313.95,637.78,15.03,485.5,67.25,76.62,17.78,29,81.5,2.4,500,Hazardous,NE,1016.94,9.51,High,Normal,Active,35.2,0.79,512.06,Stable
07-08-2024 02:00,NODE_01,Sensor_Node_1_Industry_Zone,95.88,157.79,5.665,447.7,78.52,23.39,18.38,32.6,63.8,7.2,172,Unhealthy,E,1017.52,5.24,Medium,High,Fault,92.7,0.84,168.31,Stable
07-08-2024 03:00,NODE_01,Sensor_Node_1_Industry_Zone,37.81,62.65,2.226,452.9,29.51,7.24,25.49,31.1,75.9,5.5,107,Unhealthy for Sensitive Groups,NE,1013.08,2.25,High,Peak,Active,45.6,0.8,117.17,Stable
07-08-2024 04:00,NODE_01,Sensor_Node_1_Industry_Zone,55.19,85.22,3.154,452.7,41.9,9.18,23.2,31.1,72,5.7,149,Unhealthy for Sensitive Groups,SE,1004.12,8.41,Low,Peak,Active,76.3,0.73,157.67,Stable
07-08-2024 05:00,NODE_01,Sensor_Node_1_Industry_Zone,38.83,90.93,1.478,424.8,12.31,9.23,22.78,31.9,66.7,0.6,109,Unhealthy for Sensitive Groups,NW,1011.04,9.26,Medium,Peak,Active,50.7,0.93,108.12,Increasing
07-08-2024 06:00,NODE_01,Sensor_Node_1_Industry_Zone,146.92,268.11,8.673,561.8,116.45,49,17.31,31,79.3,1.9,198,Unhealthy,NE,1000.56,4.06,Low,Low,Fault,66.7,0.78,193.75,Increasing
07-08-2024 07:00,NODE_01,Sensor_Node_1_Industry_Zone,160.28,251.86,8.255,510.5,107.5,39.81,14.18,34.8,78.1,2.1,211,Very Unhealthy,SW,1004.76,1.2,Medium,Low,Active,21.8,0.85,231.49,Stable
07-08-2024 08:00,NODE_01,Sensor_Node_1_Industry_Zone,152.02,281.44,8.736,544.1,113.36,50.56,16.42,35.5,75.4,5.3,203,Very Unhealthy,SE,1016.38,8.25,Medium,Normal,Active,83.1,0.88,196.75,Stable
07-08-2024 09:00,NODE_01,Sensor_Node_1_Industry_Zone,147.09,267.61,9.852,546.6,112.02,51.79,28.16,36.9,72.5,7.6,198,Unhealthy,NW,1014.97,3.93,Medium,High,Active,59.4,0.94,197.13,Increasing
07-08-2024 10:00,NODE_01,Sensor_Node_1_Industry_Zone,153.37,251.75,9.147,519,115.41,58.05,15.64,36.1,68.2,4.4,204,Very Unhealthy,N,1011.98,5.93,Low,Low,Active,38.8,0.9,199.44,Stable
07-08-2024 11:00,NODE_01,Sensor_Node_1_Industry_Zone,149.57,267.52,8.372,555,118.47,46.39,17.8,40.8,61.4,3.8,200,Unhealthy,E,1010.19,8.06,High,High,Active,37.5,0.85,202.02,Decreasing
07-08-2024 12:00,NODE_01,Sensor_Node_1_Industry_Zone,157.23,278.6,8.821,543.7,118.29,46.98,18.29,37.5,77,3.6,208,Very Unhealthy,S,1007.56,5.29,Medium,Normal,Active,92.6,0.74,195.92,Decreasing
07-08-2024 13:00,NODE_01,Sensor_Node_1_Industry_Zone,149.94,255.58,8.353,548,126.93,53.35,13.14,38.1,64.5,2.7,200,Unhealthy,SW,1008.92,3.63,Low,Normal,Active,26,0.82,194.03,Stable
07-08-2024 14:00,NODE_01,Sensor_Node_1_Industry_Zone,154.79,268.37,8.38,537.5,116.36,55.91,16.98,36.9,65.9,5.3,205,Very Unhealthy,E,1017.79,8.71,High,Peak,Active,89.2,0.74,194.1,Stable
07-08-2024 15:00,NODE_01,Sensor_Node_1_Industry_Zone,122.66,226.5,6.673,535,99.34,40.11,11.03,37.1,65.6,4.8,186,Unhealthy,S,1014.86,9.31,Low,Low,Active,52.9,0.73,183.06,Stable
07-08-2024 16:00,NODE_01,Sensor_Node_1_Industry_Zone,127.64,221.85,7.828,496.7,109.05,43.9,21.97,38.9,70.9,5.4,188,Unhealthy,W,1003.77,7.45,Low,Low,Active,56.4,0.86,183.51,Decreasing
07-08-2024 17:00,NODE_01,Sensor_Node_1_Industry_Zone,131.47,229.06,7.697,488.6,91.18,45.01,20.89,35,73.5,4.3,190,Unhealthy,N,1013.19,1.11,Low,Low,Maintenance,32.3,0.86,178.61,Decreasing
07-08-2024 18:00,NODE_01,Sensor_Node_1_Industry_Zone,114.37,223.81,7.354,517.3,92.83,41.24,17.03,33.5,82.7,3.4,181,Unhealthy,NE,1012.84,1.39,Low,Low,Active,24.9,0.86,193.78,Decreasing
07-08-2024 19:00,NODE_01,Sensor_Node_1_Industry_Zone,110.51,195.72,6.166,534.1,102.9,35.09,9.42,31.1,69.4,2.7,179,Unhealthy,NW,1021.89,6.2,Medium,Peak,Active,60.8,0.84,192.82,Decreasing
07-08-2024 20:00,NODE_01,Sensor_Node_1_Industry_Zone,129.85,222.9,7.829,504.5,94.01,39.44,21.09,33.8,88.1,5.4,189,Unhealthy,W,1001.45,7.98,Low,Peak,Active,29.2,0.75,182.97,Decreasing
07-08-2024 21:00,NODE_01,Sensor_Node_1_Industry_Zone,120.07,221.36,8.026,513.9,91.3,45.83,19.92,32,75.8,2,184,Unhealthy,SW,1007.3,2.27,High,Peak,Active,76,0.92,199.47,Decreasing
07-08-2024 22:00,NODE_01,Sensor_Node_1_Industry_Zone,119.53,175.72,6.854,532.6,94.4,36.62,25.55,30.7,87.4,7.2,184,Unhealthy,SW,1017.84,9.12,Low,Low,Active,59.7,0.92,179.88,Stable
07-08-2024 23:00,NODE_01,Sensor_Node_1_Industry_Zone,99.25,162.23,6.294,483.9,62.9,36.64,23.82,32.2,83.1,2.6,174,Unhealthy,NW,1005.33,9.25,Low,High,Active,30,0.86,178.14,Stable
08-08-2024 00:00,NODE_01,Sensor_Node_1_Industry_Zone,90.89,156.81,5.283,462.4,71.7,33.4,17.4,28.6,77.2,3.3,169,Unhealthy,SE,1026.31,8.13,Medium,Low,Active,39.7,0.8,168.71,Decreasing
08-08-2024 01:00,NODE_01,Sensor_Node_1_Industry_Zone,98.68,141.41,5.091,511,77.33,33.76,17.37,29.4,72.7,4.9,173,Unhealthy,SE,1004.93,6.84,Medium,Low,Active,53.4,0.87,186.34,Decreasing
08-08-2024 02:00,NODE_01,Sensor_Node_1_Industry_Zone,85.51,135.13,5.961,487.4,75.8,29,23.51,34,70.3,3.5,166,Unhealthy,W,1012.17,4.31,High,Normal,Active,62,0.81,162.72,Increasing
08-08-2024 03:00,NODE_01,Sensor_Node_1_Industry_Zone,32.28,66.25,2.684,398.9,32.02,11.16,31.94,32.2,73.7,3.3,93,Moderate,SE,1015.36,1.83,Medium,Low,Active,23.2,0.91,99.33,Decreasing
08-08-2024 04:00,NODE_01,Sensor_Node_1_Industry_Zone,50.55,77.17,2.101,450.7,26.48,13.49,22.03,31.7,87.9,1.5,138,Unhealthy for Sensitive Groups,W,1017.29,9.45,High,Normal,Active,66.6,0.87,145.03,Stable
08-08-2024 05:00,NODE_01,Sensor_Node_1_Industry_Zone,40.99,65.1,2.613,449,29.02,14.3,26.97,34,77.9,1,115,Unhealthy for Sensitive Groups,NW,1016.29,3.56,Low,Normal,Active,79.5,0.84,121.88,Decreasing
08-08-2024 06:00,NODE_01,Sensor_Node_1_Industry_Zone,154.01,273.84,9.521,534.9,116.45,47.15,8.52,32.1,66,1.5,204,Very Unhealthy,N,1009.23,2.65,Low,Peak,Active,40.6,0.77,197.14,Decreasing
08-08-2024 07:00,NODE_01,Sensor_Node_1_Industry_Zone,148.67,266.25,9.379,526.1,114.16,45.12,11.24,37.1,73.5,2.7,199,Unhealthy,N,1017.48,9.53,Low,Low,Active,62.3,0.95,184.44,Decreasing
08-08-2024 08:00,NODE_01,Sensor_Node_1_Industry_Zone,166.07,255.8,8.709,590,111.75,56.75,15.84,34.4,60.4,5.8,216,Very Unhealthy,SW,1007.47,6.37,Low,High,Active,82,0.99,195.77,Decreasing
08-08-2024 09:00,NODE_01,Sensor_Node_1_Industry_Zone,154.84,250.27,8.812,506.7,120.08,44.23,15.7,34.8,75.1,0.8,205,Very Unhealthy,S,1008.79,9.59,Medium,Peak,Maintenance,40.8,0.75,188.53,Increasing
08-08-2024 10:00,NODE_01,Sensor_Node_1_Industry_Zone,137.12,262.04,9.24,547.5,108.87,43.44,19.91,37.3,60.4,1.6,193,Unhealthy,NW,1014.74,8.47,High,Low,Active,80.8,0.77,189.46,Stable
08-08-2024 11:00,NODE_01,Sensor_Node_1_Industry_Zone,160.54,253.87,8.58,526.7,119.9,56.6,9.02,37.4,65.2,1,211,Very Unhealthy,E,1021.06,3.62,Medium,High,Active,35.5,0.97,203.18,Stable
08-08-2024 12:00,NODE_01,Sensor_Node_1_Industry_Zone,157.72,279.84,8.88,529.5,121.65,43.84,5.28,41.9,61.2,4.1,208,Very Unhealthy,E,1010.63,6.99,High,Normal,Active,97.6,0.74,225.79,Increasing
08-08-2024 13:00,NODE_01,Sensor_Node_1_Industry_Zone,150.69,278.39,9.429,515,126.48,52.44,17.89,38.5,52.8,1.2,500,Hazardous,NW,1006.66,6.47,Medium,Low,Active,59.6,0.9,470.66,Stable
08-08-2024 14:00,NODE_01,Sensor_Node_1_Industry_Zone,145.12,259.17,9.373,546.2,120.66,48.61,17.88,37.2,72.5,1,197,Unhealthy,W,1019.26,4.58,Low,Peak,Active,25,0.96,206.16,Increasing
08-08-2024 15:00,NODE_01,Sensor_Node_1_Industry_Zone,128.77,216.62,7.289,517.9,90.75,37.7,20.01,35.5,66.2,4.2,189,Unhealthy,NE,1004.41,5.88,Low,Normal,Active,81.7,0.94,194.16,Increasing
08-08-2024 16:00,NODE_01,Sensor_Node_1_Industry_Zone,113.94,216.98,8.184,528,92.16,45.55,29.4,37.3,58.6,8.5,181,Unhealthy,S,1023.03,5.75,Medium,Peak,Active,70.5,0.82,191.05,Stable
08-08-2024 17:00,NODE_01,Sensor_Node_1_Industry_Zone,128.13,231.68,6.136,532.7,92.66,45.58,18.04,35.6,72.6,4,189,Unhealthy,NW,1006.1,1.58,Low,High,Active,22.4,0.84,184.87,Stable
08-08-2024 18:00,NODE_01,Sensor_Node_1_Industry_Zone,116.01,209.12,7.165,537.9,97.47,37.69,13.8,35,69.2,4.4,182,Unhealthy,N,1015.85,2.62,High,Normal,Active,98.3,0.88,181.11,Decreasing
08-08-2024 19:00,NODE_01,Sensor_Node_1_Industry_Zone,129.23,202.48,7.887,533.5,91,36.81,28.04,31.6,75.4,3,189,Unhealthy,N,1017.56,5.91,Medium,Low,Active,51,0.98,207.53,Decreasing
08-08-2024 20:00,NODE_01,Sensor_Node_1_Industry_Zone,556.66,859.06,27.984,501,93.07,89.19,23.63,34.8,87,2.9,500,Hazardous,SE,1016.71,1.39,Medium,High,Active,87.7,0.84,527.6,Increasing
08-08-2024 21:00,NODE_01,Sensor_Node_1_Industry_Zone,368.06,576.56,16.401,541.6,90.87,58.09,10.34,34.3,73.1,1.9,469,Hazardous,NW,1013.36,8.29,Low,Normal,Active,49.9,0.81,493.91,Decreasing
08-08-2024 22:00,NODE_01,Sensor_Node_1_Industry_Zone,109.45,206.19,6.976,520.4,95.72,41.92,17.66,29.1,82.6,4.3,179,Unhealthy,S,1012.3,4.53,Low,Low,Active,91.9,0.91,168.75,Stable
08-08-2024 23:00,NODE_01,Sensor_Node_1_Industry_Zone,78.29,170.54,5.948,532.7,65.28,28,21.07,30.1,82.8,5,163,Unhealthy,NW,1002.08,1.68,Medium,High,Active,55.2,0.82,157.94,Increasing
09-08-2024 00:00,NODE_01,Sensor_Node_1_Industry_Zone,96.58,154.67,5.327,507.4,61.7,29.31,23.57,28.4,56.8,1.5,500,Hazardous,S,1007.32,8.57,Low,Low,Active,81.2,0.86,450.65,Decreasing
09-08-2024 01:00,NODE_01,Sensor_Node_1_Industry_Zone,103.97,172.49,5.272,472,73.15,30.45,17.73,29,71.6,1.9,176,Unhealthy,N,1016.35,1.62,High,Low,Active,92.9,0.95,179.48,Increasing
09-08-2024 02:00,NODE_01,Sensor_Node_1_Industry_Zone,86.02,161.02,6.105,493,74.68,30.65,25.33,33.4,74.6,5.9,167,Unhealthy,S,1015.98,2.52,High,Normal,Active,89.1,0.95,167.43,Stable
09-08-2024 03:00,NODE_01,Sensor_Node_1_Industry_Zone,38.61,68.35,1.968,446.4,46.42,13.86,15.45,30.6,76.3,2,109,Unhealthy for Sensitive Groups,SE,1005.77,7.9,Medium,Normal,Active,54.6,0.88,112.22,Decreasing
09-08-2024 04:00,NODE_01,Sensor_Node_1_Industry_Zone,40.79,73.62,2.369,463.6,18.93,11.59,27.17,32.4,71.1,3.8,114,Unhealthy for Sensitive Groups,SE,1014.08,9.4,Medium,Low,Active,21.2,0.73,105.88,Increasing
09-08-2024 05:00,NODE_01,Sensor_Node_1_Industry_Zone,34.24,54.72,2.728,413.2,20.43,14.27,27.72,30.6,77.3,5.8,500,Hazardous,SW,1013.51,1.31,Low,Normal,Active,30.1,0.91,533.58,Increasing
09-08-2024 06:00,NODE_01,Sensor_Node_1_Industry_Zone,154.58,271.96,9.19,549.5,119.31,50.06,15.6,34.3,77,4.2,205,Very Unhealthy,N,1022.51,1.54,High,Low,Active,53.7,0.81,221.87,Increasing
09-08-2024 07:00,NODE_01,Sensor_Node_1_Industry_Zone,169.72,283.02,9.158,521.9,112.47,57.72,12.43,35.9,64.5,2.5,220,Very Unhealthy,N,1009.49,5.34,High,Normal,Active,51.9,0.95,204.81,Increasing
09-08-2024 08:00,NODE_01,Sensor_Node_1_Industry_Zone,154.66,262.8,9.212,544.1,123.97,53.02,17.41,37,73.2,4.1,205,Very Unhealthy,S,1008.88,4.78,Low,Peak,Maintenance,85.7,0.72,186.28,Decreasing
09-08-2024 09:00,NODE_01,Sensor_Node_1_Industry_Zone,150.82,275.89,9.162,526.6,105.08,49.23,13.74,36.4,72.9,3.4,201,Very Unhealthy,SW,1006.46,9.67,Medium,Low,Active,75.6,0.9,207.18,Decreasing
09-08-2024 10:00,NODE_01,Sensor_Node_1_Industry_Zone,149.15,273.53,8.716,507.9,117.06,55.44,14.33,38.7,62.8,4.3,199,Unhealthy,S,1006,5.03,Low,Normal,Active,46.7,0.82,185.4,Stable
09-08-2024 11:00,NODE_01,Sensor_Node_1_Industry_Zone,159.51,261.61,8.689,567.5,113.56,51.25,13.15,39.2,74,4.2,210,Very Unhealthy,SW,1014.25,7.39,High,High,Active,25.3,0.87,206.06,Stable
09-08-2024 12:00,NODE_01,Sensor_Node_1_Industry_Zone,159.11,267.77,9.723,568.3,111.63,55.23,18.53,38.4,64.6,4.8,210,Very Unhealthy,SW,1007.77,4.15,High,Normal,Active,57.4,0.95,217.52,Increasing
09-08-2024 13:00,NODE_01,Sensor_Node_1_Industry_Zone,534.52,1105.3,25.941,512.1,109.35,128.08,13.76,39.9,66.2,4.1,500,Hazardous,NW,1018.45,2.66,Medium,Peak,Active,96.6,0.8,484.76,Increasing
09-08-2024 14:00,NODE_01,Sensor_Node_1_Industry_Zone,141.64,234.37,9.058,564.6,120.01,52.89,23.92,38,66.1,1.8,195,Unhealthy,SW,1008.24,7.21,Low,Normal,Active,29,0.72,193.99,Stable
09-08-2024 15:00,NODE_01,Sensor_Node_1_Industry_Zone,116.65,241.11,7.431,498.8,85.88,45.33,13.21,39.6,51.2,3.3,183,Unhealthy,NW,1021.2,5.1,High,Low,Active,46.1,0.72,174.29,Stable
09-08-2024 16:00,NODE_01,Sensor_Node_1_Industry_Zone,535.02,906.48,27.972,528.5,87.76,86.48,19.29,36,59.9,2.9,500,Hazardous,E,1014.51,6.12,Medium,Peak,Active,93.9,0.8,476.24,Stable
09-08-2024 17:00,NODE_01,Sensor_Node_1_Industry_Zone,122.76,220.85,7.574,540,107.01,41.96,25.46,35.1,61.7,3.9,186,Unhealthy,S,1013.55,8.24,Low,Normal,Active,35.5,0.78,201.43,Decreasing
09-08-2024 18:00,NODE_01,Sensor_Node_1_Industry_Zone,123.21,211.93,7.407,509.7,97.18,36.63,14.35,32,85.5,2.2,186,Unhealthy,W,1005.1,4.18,Medium,Peak,Active,46.4,0.75,198.22,Increasing
09-08-2024 19:00,NODE_01,Sensor_Node_1_Industry_Zone,123.78,210.26,7.444,542.3,89.86,38.71,14.44,32.8,67.4,3.1,186,Unhealthy,S,1013.97,5.43,Low,Normal,Active,30.2,0.78,167.65,Decreasing
09-08-2024 20:00,NODE_01,Sensor_Node_1_Industry_Zone,128.56,196.85,6.831,514,106.03,28.99,20.62,33,70.7,2.7,189,Unhealthy,NE,1012.27,5.56,Medium,Peak,Active,61.8,1,178.18,Stable
09-08-2024 21:00,NODE_01,Sensor_Node_1_Industry_Zone,120.41,236.59,7.219,531.3,97.23,43.1,14.51,31.5,75.8,4.3,185,Unhealthy,NW,1015.79,1.61,High,Low,Active,48.4,0.95,184.61,Stable
09-08-2024 22:00,NODE_01,Sensor_Node_1_Industry_Zone,107.08,231.66,6.059,513,100.67,35.57,20.52,31,79.2,1.9,178,Unhealthy,SW,1008.93,7.19,High,Low,Active,98.3,0.88,185.47,Decreasing
09-08-2024 23:00,NODE_01,Sensor_Node_1_Industry_Zone,89.61,158.14,5.835,482.4,67.72,36.6,19.98,30.7,81,5.3,169,Unhealthy,N,1003.28,4.99,High,Peak,Active,21.8,0.91,152.33,Decreasing
10-08-2024 00:00,NODE_01,Sensor_Node_1_Industry_Zone,58.75,113.28,3.989,506.9,52.97,11.33,14.94,29.2,73.2,3.1,153,Unhealthy,S,1013.65,6.39,Low,Normal,Active,57.2,0.73,145.65,Stable
10-08-2024 01:00,NODE_01,Sensor_Node_1_Industry_Zone,54.3,101.82,3.382,483.4,44.17,25.21,11.98,32,91.6,2.3,147,Unhealthy for Sensitive Groups,NE,1012.84,8.98,High,Low,Active,40.5,0.89,146.45,Stable
10-08-2024 02:00,NODE_01,Sensor_Node_1_Industry_Zone,56.17,118.21,3.37,481.5,45.16,15.17,20.15,28.7,81.5,0.6,151,Unhealthy,S,1013.46,3.36,Medium,Peak,Maintenance,80.6,0.95,148.16,Stable
10-08-2024 03:00,NODE_01,Sensor_Node_1_Industry_Zone,18.27,48.57,1.867,451.7,14.21,5.94,36.8,32.6,75.1,1.9,64,Moderate,N,1018.03,7.06,Medium,Peak,Active,80.4,0.83,64.55,Stable
10-08-2024 04:00,NODE_01,Sensor_Node_1_Industry_Zone,34.05,33.27,1.983,461.4,28.58,11.23,23.95,32,75.1,2.6,97,Moderate,E,1006.36,6.02,Low,High,Active,93.8,0.76,96.8,Decreasing
10-08-2024 05:00,NODE_01,Sensor_Node_1_Industry_Zone,22.88,53.85,1.366,463.8,16.45,8.19,29.65,35.3,71.7,3.9,74,Moderate,SW,997.71,5.87,High,Peak,Active,35.8,0.98,68.36,Increasing
10-08-2024 06:00,NODE_01,Sensor_Node_1_Industry_Zone,97.8,166.11,5.624,528.1,81.86,27.41,16.51,34.4,68.4,2.2,173,Unhealthy,W,1014.85,9.43,Medium,High,Active,98.8,0.86,168.99,Decreasing
10-08-2024 07:00,NODE_01,Sensor_Node_1_Industry_Zone,112.8,171.41,6.271,542.4,86.25,35.02,17.26,35.4,89.3,2.1,181,Unhealthy,SW,1014.44,4.23,Medium,Normal,Active,72.6,0.93,172.53,Decreasing
10-08-2024 08:00,NODE_01,Sensor_Node_1_Industry_Zone,98.17,192.57,4.592,506.7,73.64,41.24,16.13,34.3,73.9,4.1,173,Unhealthy,W,1009.14,1.61,High,Normal,Active,50.1,0.95,159.47,Increasing
10-08-2024 09:00,NODE_01,Sensor_Node_1_Industry_Zone,113.4,175.09,6.11,532.7,80.84,36.11,19.57,34.4,59.2,3.6,181,Unhealthy,SE,1013.02,4.08,Medium,Peak,Active,81.3,0.99,187.81,Increasing
10-08-2024 10:00,NODE_01,Sensor_Node_1_Industry_Zone,104.57,158.14,5.986,558,81.12,30.92,14.16,35.5,77.2,0.6,176,Unhealthy,N,1005.71,1.06,Low,High,Active,73.5,0.8,169.05,Stable
10-08-2024 11:00,NODE_01,Sensor_Node_1_Industry_Zone,103.89,150.33,6.437,552.9,84.8,30.53,13.9,36.6,78.9,1.5,176,Unhealthy,N,999.36,8.4,Medium,High,Maintenance,90.5,0.82,183.62,Decreasing
10-08-2024 12:00,NODE_01,Sensor_Node_1_Industry_Zone,94.92,168.35,6.602,546,85.07,33.9,15.1,36.4,75.6,3.8,171,Unhealthy,NE,1001.84,9.9,High,High,Active,94.4,0.77,157.49,Stable
10-08-2024 13:00,NODE_01,Sensor_Node_1_Industry_Zone,108.03,162.96,5.957,560.6,83.05,33.39,25.87,38.7,74.1,1,178,Unhealthy,NE,1012.25,8.32,Low,Low,Active,51.9,0.77,170.58,Increasing
10-08-2024 14:00,NODE_01,Sensor_Node_1_Industry_Zone,107.85,183.17,5.997,525.8,83.52,29.59,19.89,35.8,61.7,3.6,178,Unhealthy,NE,1020.3,8.14,High,High,Active,73.8,0.76,181,Decreasing
10-08-2024 15:00,NODE_01,Sensor_Node_1_Industry_Zone,82.42,130.94,5.216,518.3,62.51,25.58,14.79,38.5,63.9,2.5,165,Unhealthy,E,1009.66,6.81,Low,Low,Active,97.9,0.72,162.74,Increasing
10-08-2024 16:00,NODE_01,Sensor_Node_1_Industry_Zone,82.66,139.29,4.603,528.1,66.68,28.35,13.08,34.2,61.6,2.9,165,Unhealthy,NE,1016.88,6.18,Low,Low,Active,87.1,0.77,155.12,Increasing
10-08-2024 17:00,NODE_01,Sensor_Node_1_Industry_Zone,78.13,167.73,4.642,518.7,65.32,25.04,19.54,32.5,65.1,3.3,163,Unhealthy,N,1008.43,6.11,Low,High,Active,29.9,0.79,148.96,Stable
10-08-2024 18:00,NODE_01,Sensor_Node_1_Industry_Zone,69.17,158.08,4.837,533.1,56.63,21.71,16.66,35.6,84.7,2.3,158,Unhealthy,NE,1011.67,4.65,Low,Peak,Active,89.9,0.9,165.07,Increasing
10-08-2024 19:00,NODE_01,Sensor_Node_1_Industry_Zone,84.15,117.48,4.595,510.8,60.2,21.91,12.53,33.1,76.5,4.4,166,Unhealthy,S,1016.78,2.56,High,Peak,Fault,43.6,0.78,151.84,Stable
10-08-2024 20:00,NODE_01,Sensor_Node_1_Industry_Zone,70.6,144.95,5.133,473.8,72.18,29.02,23.18,30.5,79.7,4.6,159,Unhealthy,W,1012.8,6.88,High,Normal,Active,83.8,0.87,146.25,Increasing
10-08-2024 21:00,NODE_01,Sensor_Node_1_Industry_Zone,87.3,129.2,5.049,513.3,56.83,25.42,19.24,30.7,71.5,1,167,Unhealthy,S,1008.75,1.23,Medium,High,Active,88,0.71,175.61,Decreasing
10-08-2024 22:00,NODE_01,Sensor_Node_1_Industry_Zone,83.22,146.16,4.732,486.7,57.06,22.83,27.06,30.7,75.5,5.7,165,Unhealthy,SE,1006.81,3.09,Medium,Low,Active,86.9,0.74,165.99,Stable
10-08-2024 23:00,NODE_01,Sensor_Node_1_Industry_Zone,55.59,78.12,3.609,481.5,48.88,22.85,17.32,28.1,76,3.6,151,Unhealthy,S,1011.44,1.04,High,High,Active,48.8,0.9,148.81,Stable
11-08-2024 00:00,NODE_01,Sensor_Node_1_Industry_Zone,57.04,94.85,3.215,467.2,51.36,23.53,18.86,29.2,73.8,2.5,152,Unhealthy,SE,1019.09,5.49,Medium,Low,Active,32.2,0.83,161.88,Stable
11-08-2024 01:00,NODE_01,Sensor_Node_1_Industry_Zone,56.46,114.75,3.836,475.5,46.93,22.24,16.1,30.3,85.1,2.2,151,Unhealthy,W,1002.58,4.21,Medium,Low,Active,37.3,0.88,139.74,Stable
11-08-2024 02:00,NODE_01,Sensor_Node_1_Industry_Zone,39.92,108.09,3.548,494,49.29,13.74,16.77,31.2,81.6,3.2,112,Unhealthy for Sensitive Groups,S,1017.16,4.84,High,Low,Active,82.9,0.89,118.63,Decreasing
11-08-2024 03:00,NODE_01,Sensor_Node_1_Industry_Zone,22.97,43.94,0.927,410.8,23.11,5.72,25.93,31.4,69.4,0.9,74,Moderate,W,1013.7,6.16,Medium,Peak,Active,33.2,0.9,77.71,Decreasing
11-08-2024 04:00,NODE_01,Sensor_Node_1_Industry_Zone,28.37,31.19,0.708,417.3,19.09,14.57,25.21,34.7,83.7,3.4,85,Moderate,E,1006.19,1.68,Low,High,Active,27.4,0.73,79.4,Increasing
11-08-2024 05:00,NODE_01,Sensor_Node_1_Industry_Zone,29.16,59.73,0.514,442.2,14.25,12.87,23.46,35.6,74.2,0.5,87,Moderate,SE,1011.89,3.37,Low,Normal,Active,72.1,0.71,89.92,Increasing
11-08-2024 06:00,NODE_01,Sensor_Node_1_Industry_Zone,98.62,176.66,5.791,532.6,73.6,40.04,25.99,33.3,77.1,1.4,173,Unhealthy,W,1010.78,3.07,Low,Peak,Active,27.5,0.91,186.3,Stable
11-08-2024 07:00,NODE_01,Sensor_Node_1_Industry_Zone,93.48,187.18,6.066,553.2,82.66,29.28,14.38,35.7,68.4,4.9,171,Unhealthy,S,1006.31,8.98,Low,High,Active,42,0.85,155.06,Stable
11-08-2024 08:00,NODE_01,Sensor_Node_1_Industry_Zone,100.66,161.7,6.489,557.9,85.1,35.4,10.53,35.3,64.8,2.2,174,Unhealthy,SE,1008.76,7.67,Medium,High,Active,68.2,0.93,186.12,Stable
11-08-2024 09:00,NODE_01,Sensor_Node_1_Industry_Zone,98.04,164.73,5.627,517.3,77.87,31.39,21.56,36.4,70.5,2.5,173,Unhealthy,W,1004.46,2.67,Low,Low,Active,82.2,0.94,181.37,Decreasing
11-08-2024 10:00,NODE_01,Sensor_Node_1_Industry_Zone,88.62,178.27,5.993,539.8,85.75,34.8,23.85,33.8,77.2,4.8,168,Unhealthy,SW,999.57,8.55,Medium,Low,Active,32.1,0.95,168.73,Increasing
11-08-2024 11:00,NODE_01,Sensor_Node_1_Industry_Zone,95.24,143.29,5.697,559.2,72.12,36.41,19.38,38.1,69.8,5.3,172,Unhealthy,SE,1012.91,5.43,High,Normal,Maintenance,24.8,0.74,159.86,Decreasing
11-08-2024 12:00,NODE_01,Sensor_Node_1_Industry_Zone,110.46,181.34,6.289,525.1,80.51,34.72,21.62,36.3,72.4,2.8,179,Unhealthy,S,1018.27,8.31,Medium,Normal,Maintenance,40.5,0.91,182.75,Stable
11-08-2024 13:00,NODE_01,Sensor_Node_1_Industry_Zone,93.07,156.57,5.679,559.9,78.93,39.48,14.5,37.1,61.8,1.8,170,Unhealthy,N,1021.8,7.58,Low,High,Active,26.1,0.87,176.69,Stable
11-08-2024 14:00,NODE_01,Sensor_Node_1_Industry_Zone,94.91,155.95,6.183,567.6,77.99,30.06,19.72,37.4,72.9,4,171,Unhealthy,NE,1005.33,4.25,High,Low,Active,51.5,0.86,184.31,Decreasing
11-08-2024 15:00,NODE_01,Sensor_Node_1_Industry_Zone,72.52,138.04,5.123,500.3,64.19,28.39,10.71,36.8,55.7,2.4,160,Unhealthy,SE,1024.88,6.42,High,Peak,Active,65,0.95,145.75,Stable
11-08-2024 16:00,NODE_01,Sensor_Node_1_Industry_Zone,78.57,138.25,4.178,549.1,56.31,25.13,14.95,35,68.3,0.7,163,Unhealthy,SW,1021.16,6.4,High,Normal,Active,51.1,0.71,177.26,Increasing
11-08-2024 17:00,NODE_01,Sensor_Node_1_Industry_Zone,85.7,140.56,4.28,515.7,51.58,30.94,15.87,34.4,58.8,4,167,Unhealthy,SE,1020.54,9.28,High,High,Active,67,0.73,179.84,Decreasing
11-08-2024 18:00,NODE_01,Sensor_Node_1_Industry_Zone,84.97,153.85,4.718,468.6,61.64,27.01,22.88,33.9,67.4,5.1,166,Unhealthy,SE,1007.29,1.87,High,Normal,Active,24.7,0.79,153.98,Increasing
11-08-2024 19:00,NODE_01,Sensor_Node_1_Industry_Zone,79.29,136.96,4.164,526,55.98,24.94,16.08,33.3,65.3,5,163,Unhealthy,NE,1008.63,8.56,Medium,Low,Active,57.1,1,175.89,Increasing
11-08-2024 20:00,NODE_01,Sensor_Node_1_Industry_Zone,80.85,128.98,4.476,521.1,65.07,32.22,10.27,32.4,76.1,1.8,500,Hazardous,SW,1000.37,4.54,Low,Normal,Active,88.2,0.71,457.61,Increasing
11-08-2024 21:00,NODE_01,Sensor_Node_1_Industry_Zone,79.55,124.34,4.766,527.5,60.82,30.45,17.21,31.9,66.8,4.8,163,Unhealthy,SE,1013.15,2.27,Medium,Peak,Maintenance,82,0.78,169.59,Stable
11-08-2024 22:00,NODE_01,Sensor_Node_1_Industry_Zone,98.02,135.13,4.415,511,54.51,21.53,18.61,30.7,78.5,1.4,500,Hazardous,W,1009.64,3.58,High,Peak,Active,68.4,0.79,475.76,Stable
11-08-2024 23:00,NODE_01,Sensor_Node_1_Industry_Zone,59.79,96.92,3.575,480.9,47.91,19.12,20.09,30.4,80.7,3.6,153,Unhealthy,SE,1012.97,2.57,Low,Normal,Fault,73.8,0.87,154.7,Stable
12-08-2024 00:00,NODE_01,Sensor_Node_1_Industry_Zone,99.31,138.87,4.834,485.7,65.22,31.8,23.28,29.3,85.1,2.6,174,Unhealthy,S,1006.99,1.8,Medium,Normal,Active,72.6,0.84,188.32,Decreasing
12-08-2024 01:00,NODE_01,Sensor_Node_1_Industry_Zone,104.03,174.96,5.811,499.6,70.64,29.83,23.48,30.4,85.6,3,176,Unhealthy,N,1016.04,3.35,High,Normal,Active,21.6,0.77,186.89,Increasing
12-08-2024 02:00,NODE_01,Sensor_Node_1_Industry_Zone,99.52,161.9,5.713,502.5,67.59,26.16,17.06,28.9,66.1,3.2,174,Unhealthy,SW,1014.06,5,Low,Normal,Active,35.3,0.73,176.81,Increasing
12-08-2024 03:00,NODE_01,Sensor_Node_1_Industry_Zone,47.23,59.11,2.101,419.2,32.09,11.56,25.31,30,79.1,3.1,130,Unhealthy for Sensitive Groups,NW,1005.14,7.42,Low,Normal,Active,56.5,0.96,141.02,Stable
12-08-2024 04:00,NODE_01,Sensor_Node_1_Industry_Zone,42.2,86.82,2.643,448.1,29.34,13.85,28.83,30.9,80.4,4.7,117,Unhealthy for Sensitive Groups,E,1011.72,9.58,Low,Peak,Active,78.6,0.99,113,Stable
12-08-2024 05:00,NODE_01,Sensor_Node_1_Industry_Zone,31,57.1,1.469,441.7,10.99,11.89,18.76,37.6,79.9,4.6,91,Moderate,E,1013.71,2.69,Low,Low,Maintenance,31,0.92,95.24,Increasing
12-08-2024 06:00,NODE_01,Sensor_Node_1_Industry_Zone,159.64,249.71,8.647,559.5,110.88,51.98,19.37,33.6,72.9,3.9,210,Very Unhealthy,SW,1024.05,1.82,High,Peak,Active,81.2,0.75,217.01,Stable
12-08-2024 07:00,NODE_01,Sensor_Node_1_Industry_Zone,160.65,265.82,9.254,504.6,127.93,49.87,12.33,35.9,73.9,5.2,211,Very Unhealthy,NE,1012.57,4.56,Low,Peak,Active,52.9,0.9,191.72,Increasing
12-08-2024 08:00,NODE_01,Sensor_Node_1_Industry_Zone,146.19,266.95,8.979,540.5,128.97,50.32,15.35,35,64.1,2.2,198,Unhealthy,SW,1006.36,7.63,Low,Peak,Active,38.7,0.78,215.66,Increasing
12-08-2024 09:00,NODE_01,Sensor_Node_1_Industry_Zone,157.14,268.77,8.992,543.4,118.52,52.9,29.21,38.7,65.6,1.6,208,Very Unhealthy,SW,1010.1,8.43,Medium,High,Active,20.8,0.85,196.44,Increasing
12-08-2024 10:00,NODE_01,Sensor_Node_1_Industry_Zone,163.72,251.25,8.677,553.7,122.33,52.81,13.05,36.6,67.6,2.4,214,Very Unhealthy,E,1011.81,2.82,Medium,Normal,Active,86.2,0.88,214.8,Increasing
12-08-2024 11:00,NODE_01,Sensor_Node_1_Industry_Zone,151.98,261.7,8.147,556.8,119.86,41.26,18.23,37.3,70.9,1,202,Very Unhealthy,N,1011.2,3.99,Medium,High,Active,66.3,0.92,184.35,Stable
12-08-2024 12:00,NODE_01,Sensor_Node_1_Industry_Zone,167.83,288.01,8.867,547.7,114.39,43.57,22.59,36.8,73.6,4.6,218,Very Unhealthy,E,1000.95,1.8,Medium,Peak,Active,58.1,0.91,226.57,Decreasing
12-08-2024 13:00,NODE_01,Sensor_Node_1_Industry_Zone,159.58,270.02,8.94,553.6,111.09,55.74,16.72,40.1,65.5,5.7,210,Very Unhealthy,N,1010.01,4.32,Low,High,Active,66.4,0.8,192.67,Stable
12-08-2024 14:00,NODE_01,Sensor_Node_1_Industry_Zone,158.61,291.35,8.741,538.7,117.47,41.14,13.23,36.7,82.6,1.8,209,Very Unhealthy,N,1007.84,3.92,Low,High,Active,95.8,0.87,205.71,Decreasing
12-08-2024 15:00,NODE_01,Sensor_Node_1_Industry_Zone,473.42,800.91,23.087,561.1,89.29,74.96,14.52,35.7,63.2,8.3,500,Hazardous,S,1010.44,6,Medium,Normal,Active,58.5,0.99,470.61,Decreasing
12-08-2024 16:00,NODE_01,Sensor_Node_1_Industry_Zone,126.25,224.25,7.369,513.6,92.98,44.07,20.72,36.1,68.8,4.8,188,Unhealthy,E,1024.73,7.32,Medium,Low,Active,35.8,0.96,176.6,Decreasing
12-08-2024 17:00,NODE_01,Sensor_Node_1_Industry_Zone,125.96,197.74,6.962,526.8,86.15,34.03,18.72,32.5,62.7,7.3,187,Unhealthy,SE,1007.01,5.03,Low,High,Active,46.5,0.86,190.6,Decreasing
12-08-2024 18:00,NODE_01,Sensor_Node_1_Industry_Zone,129.25,209.93,7.811,494.1,93.42,41.92,12.55,35.5,75.1,6.9,189,Unhealthy,SW,1020.63,1.01,Medium,High,Active,40.9,0.8,194.83,Increasing
12-08-2024 19:00,NODE_01,Sensor_Node_1_Industry_Zone,110.33,204.54,6.428,520.8,109.56,38.77,26.25,31.8,74.8,2.9,179,Unhealthy,NE,1018.96,7.64,High,Low,Active,62.1,0.92,184.08,Decreasing
12-08-2024 20:00,NODE_01,Sensor_Node_1_Industry_Zone,120.82,222.97,8.114,521.2,90.47,39.56,31,32.2,71.4,3.1,185,Unhealthy,SE,1016.1,2.81,Medium,Low,Active,66.4,0.88,182.66,Decreasing
12-08-2024 21:00,NODE_01,Sensor_Node_1_Industry_Zone,114.04,221.96,6.97,515.5,85.89,40.85,20.81,30.4,86.4,0.5,181,Unhealthy,E,1012.02,6.86,Low,Normal,Active,69.9,0.94,181.37,Decreasing
12-08-2024 22:00,NODE_01,Sensor_Node_1_Industry_Zone,116.5,216.77,7.592,514.4,92.76,34.6,25.19,30.3,80.4,2.4,182,Unhealthy,E,1015.93,9.02,Low,Normal,Active,20.5,0.95,171.92,Stable
12-08-2024 23:00,NODE_01,Sensor_Node_1_Industry_Zone,97.78,178.28,4.817,528.9,65.35,25.52,21.46,33.4,66.3,6.1,173,Unhealthy,SE,1009.3,4.68,Low,Low,Active,37.2,0.9,160.35,Decreasing
13-08-2024 00:00,NODE_01,Sensor_Node_1_Industry_Zone,92.67,164.95,5.017,479.8,69.52,25.72,20.58,29.4,75.2,2.8,170,Unhealthy,S,1008.72,1.28,Medium,Low,Maintenance,53.1,0.8,156.99,Decreasing
13-08-2024 01:00,NODE_01,Sensor_Node_1_Industry_Zone,380.5,769.47,15.492,513.7,70.94,66.9,14.2,30.3,86.5,2.5,500,Hazardous,E,1007.51,9.39,Low,Normal,Active,36.2,0.92,545.59,Decreasing
13-08-2024 02:00,NODE_01,Sensor_Node_1_Industry_Zone,93.03,163.96,5.403,511.5,69.88,38.92,24.29,32.1,77.2,2.6,170,Unhealthy,S,1013.64,3.63,Low,High,Active,57.2,0.88,163.87,Decreasing
13-08-2024 03:00,NODE_01,Sensor_Node_1_Industry_Zone,40.99,81.59,2.207,426.3,24.61,9.83,24.81,29.9,84.8,1.7,115,Unhealthy for Sensitive Groups,W,1010.74,7.56,High,High,Active,89.9,0.84,116.81,Stable
13-08-2024 04:00,NODE_01,Sensor_Node_1_Industry_Zone,50.79,65.86,2.493,452,32.32,11.23,26.65,31.8,77.2,6.4,139,Unhealthy for Sensitive Groups,NW,1010.56,4.08,High,Normal,Maintenance,81.3,0.87,144.87,Stable
13-08-2024 05:00,NODE_01,Sensor_Node_1_Industry_Zone,37.01,62.44,1.509,446.4,30.97,20,27.4,31.9,67.5,1.1,105,Unhealthy for Sensitive Groups,SW,1020.52,8.57,Low,Peak,Active,48.6,0.89,104.23,Decreasing
13-08-2024 06:00,NODE_01,Sensor_Node_1_Industry_Zone,149.45,255.53,8.796,554.3,103.67,55.58,14.98,33,77.3,2.2,200,Unhealthy,SW,1007.77,6.87,High,Low,Active,55.4,0.75,184.48,Increasing
13-08-2024 07:00,NODE_01,Sensor_Node_1_Industry_Zone,152.35,275.74,9.34,533.6,126.85,50.54,22.64,33.6,64,1.8,203,Very Unhealthy,NE,1016.41,3.64,High,Peak,Active,58.4,0.89,211.24,Decreasing
13-08-2024 08:00,NODE_01,Sensor_Node_1_Industry_Zone,163.21,270.11,8.58,541.2,114.6,47.18,15.6,35.7,64.4,3.8,214,Very Unhealthy,E,1008.87,2.23,Low,Peak,Active,84.8,0.81,197.79,Increasing
13-08-2024 09:00,NODE_01,Sensor_Node_1_Industry_Zone,147.79,279.21,8.818,521.4,113.58,54.51,8,39,61.1,1.8,199,Unhealthy,SE,1002.45,2.47,High,Peak,Fault,79.1,0.86,216.07,Increasing
13-08-2024 10:00,NODE_01,Sensor_Node_1_Industry_Zone,149.24,237.2,9.887,551.3,122.04,48.43,11.35,38.6,59.6,3.1,199,Unhealthy,S,1003.44,8,Low,Normal,Active,29.1,0.78,193.41,Increasing
13-08-2024 11:00,NODE_01,Sensor_Node_1_Industry_Zone,152.66,239.16,8.22,525.5,121.9,48.27,20.92,40.1,64.4,3.5,203,Very Unhealthy,NE,1009.05,1.91,Medium,Low,Active,22.7,0.73,206.6,Increasing
13-08-2024 12:00,NODE_01,Sensor_Node_1_Industry_Zone,141.67,253.35,8.109,558.3,121.6,56.87,13.79,36.8,62.9,3,195,Unhealthy,N,1015.78,2.31,Medium,Low,Active,61,0.75,185.36,Increasing
13-08-2024 13:00,NODE_01,Sensor_Node_1_Industry_Zone,143.34,255.87,9.256,538.2,120.69,54.64,10.28,37.1,73.4,4.1,196,Unhealthy,NE,1015.85,6.32,High,High,Active,22.7,0.83,200.29,Decreasing
13-08-2024 14:00,NODE_01,Sensor_Node_1_Industry_Zone,158.08,274.51,9.539,554.6,117.24,51.81,15.66,36.3,66.5,3.3,209,Very Unhealthy,S,1010.56,2.14,High,High,Maintenance,78.3,0.79,203.78,Decreasing
13-08-2024 15:00,NODE_01,Sensor_Node_1_Industry_Zone,122.29,226.02,7.44,531.7,92.85,38.26,23.14,35.2,61.2,4.5,185,Unhealthy,E,1015.71,1.48,Medium,Low,Active,61.8,0.98,201.86,Increasing
13-08-2024 16:00,NODE_01,Sensor_Node_1_Industry_Zone,130.64,188.85,7.119,495.5,100.07,45.65,20.92,35.2,64.5,2.6,190,Unhealthy,E,1012.46,2.75,Low,High,Active,57.6,0.93,172.18,Increasing
13-08-2024 17:00,NODE_01,Sensor_Node_1_Industry_Zone,119.91,202.29,6.477,522.7,97.28,47.12,16.23,32.2,75.3,4,184,Unhealthy,N,1010.43,3.62,Medium,Low,Active,46.1,0.98,198.64,Increasing
13-08-2024 18:00,NODE_01,Sensor_Node_1_Industry_Zone,134.97,233.6,6.68,543.7,91.78,43.51,19.7,32.5,79,2.6,192,Unhealthy,W,1017.13,4.61,High,Normal,Active,70.6,0.99,174.71,Increasing
13-08-2024 19:00,NODE_01,Sensor_Node_1_Industry_Zone,119.55,198.74,6.837,542.7,83.11,43.97,27.56,32.7,71.2,1.3,184,Unhealthy,S,1019.13,7.25,High,Low,Active,89.3,0.75,185.33,Stable
13-08-2024 20:00,NODE_01,Sensor_Node_1_Industry_Zone,144.39,222.18,6.558,501.3,95.33,35.14,10.88,32.4,81,0.5,197,Unhealthy,E,1018.1,7.82,High,Peak,Active,86.9,0.96,185.03,Stable
13-08-2024 21:00,NODE_01,Sensor_Node_1_Industry_Zone,406.78,665.47,19.109,493.2,88.64,72.57,17.19,31.1,76.1,4.3,500,Hazardous,E,1010.16,6.64,Medium,Normal,Active,30.9,0.92,503.11,Increasing
13-08-2024 22:00,NODE_01,Sensor_Node_1_Industry_Zone,108.19,234.08,6.676,498.7,91.78,39.89,25.69,30.9,80.6,5.2,178,Unhealthy,S,1015.41,5.69,Low,Peak,Active,68.2,0.95,190.38,Decreasing
13-08-2024 23:00,NODE_01,Sensor_Node_1_Industry_Zone,94.6,132.54,5.251,511.5,98.16,25.42,22.92,29.3,90.1,3.4,171,Unhealthy,NE,999.22,1.58,High,High,Active,51.4,0.94,159.82,Increasing
14-08-2024 00:00,NODE_01,Sensor_Node_1_Industry_Zone,81.14,155.14,5.359,509.9,63.02,32.89,20.89,30.4,83.7,2,164,Unhealthy,SW,1013.17,5.1,Low,High,Active,50.8,0.99,164.29,Decreasing
14-08-2024 01:00,NODE_01,Sensor_Node_1_Industry_Zone,82.14,174.94,5.543,486.8,66.43,33.53,27.1,29.3,71,1.9,165,Unhealthy,SE,1014.17,1.96,Medium,High,Active,36.6,0.77,155.95,Decreasing
14-08-2024 02:00,NODE_01,Sensor_Node_1_Industry_Zone,81.96,144.72,5.168,466.5,56.99,25.7,24.01,28.6,75.2,0.8,165,Unhealthy,NW,1012.91,8.48,High,Peak,Active,83.5,0.97,158.12,Increasing
14-08-2024 03:00,NODE_01,Sensor_Node_1_Industry_Zone,54.07,65.81,2.411,429.5,44.54,10.43,23.86,33.1,75.2,0.5,147,Unhealthy for Sensitive Groups,NE,1010.67,3.63,Low,Peak,Active,73.5,0.97,160.99,Increasing
14-08-2024 04:00,NODE_01,Sensor_Node_1_Industry_Zone,36.3,71.69,2.516,434.9,24.04,10.16,17.99,29.6,76.8,2.5,103,Unhealthy for Sensitive Groups,S,1019.83,4.63,Medium,Peak,Active,90.2,0.83,111.59,Increasing
14-08-2024 05:00,NODE_01,Sensor_Node_1_Industry_Zone,46.01,63.07,1.689,449.1,26.48,14.97,24.9,30.1,67.8,8.7,127,Unhealthy for Sensitive Groups,NW,1011.44,1.52,Low,High,Active,36,0.89,118.53,Increasing
14-08-2024 06:00,NODE_01,Sensor_Node_1_Industry_Zone,142.75,244.49,8.988,515.7,105.92,48.62,13.56,32.7,67.8,1.4,196,Unhealthy,SW,1011.16,4.8,High,Low,Fault,40.8,0.82,194.71,Increasing
14-08-2024 07:00,NODE_01,Sensor_Node_1_Industry_Zone,154.11,255.92,8.995,534.2,118.77,53.91,20.2,37,75.5,1.1,205,Very Unhealthy,W,1010.55,6.8,Low,High,Active,73,0.85,207.99,Decreasing
14-08-2024 08:00,NODE_01,Sensor_Node_1_Industry_Zone,150.9,253.71,8.962,553.6,112.52,50.25,12.61,36.3,65.7,4.1,201,Very Unhealthy,NE,1018.2,5.47,High,High,Active,36.3,0.89,182.74,Decreasing
14-08-2024 09:00,NODE_01,Sensor_Node_1_Industry_Zone,148.08,264.65,8.746,545.7,114.7,54.91,11.13,36.5,59.3,1.9,199,Unhealthy,NW,1010.25,8.41,High,High,Active,23,0.8,186.75,Decreasing
14-08-2024 10:00,NODE_01,Sensor_Node_1_Industry_Zone,159.97,276.73,9.352,541.5,111.44,47.2,23.65,39.6,67.5,2.4,210,Very Unhealthy,E,1006.99,4.58,Low,Low,Active,29.7,0.93,206.39,Increasing
14-08-2024 11:00,NODE_01,Sensor_Node_1_Industry_Zone,149.87,269.2,9.636,525.9,123.4,52.48,15.8,36.4,61.9,1.7,200,Unhealthy,SW,1011.35,9.54,Low,Low,Maintenance,21.9,0.95,200.56,Decreasing
14-08-2024 12:00,NODE_01,Sensor_Node_1_Industry_Zone,155.05,273.57,9.453,515.8,126.81,57.18,18.05,36.4,64,3.1,500,Hazardous,SW,1022.25,8.45,Low,Low,Active,56.7,0.98,455.67,Increasing
14-08-2024 13:00,NODE_01,Sensor_Node_1_Industry_Zone,153.62,269.94,8.915,545.8,114.38,49.05,13.12,40.7,75,4.3,204,Very Unhealthy,S,1010.2,8.08,Medium,Low,Active,23.5,0.82,186.46,Decreasing
14-08-2024 14:00,NODE_01,Sensor_Node_1_Industry_Zone,160.39,268.54,8.207,536.3,115.25,45.87,8.57,38.2,68.8,4.2,211,Very Unhealthy,E,1015.69,2.38,High,High,Active,55.5,0.87,198.65,Decreasing
14-08-2024 15:00,NODE_01,Sensor_Node_1_Industry_Zone,113.86,200.51,7.253,512.4,97.62,36.9,18.85,37.1,69.1,6.6,181,Unhealthy,E,1010.33,3.16,Medium,Peak,Active,84.5,0.91,197.27,Stable
14-08-2024 16:00,NODE_01,Sensor_Node_1_Industry_Zone,140.73,248.66,6.848,474.1,98.25,41.07,23.71,36.4,69.4,2.3,195,Unhealthy,E,1010.34,4.15,Low,Low,Active,100,0.93,175.76,Decreasing
14-08-2024 17:00,NODE_01,Sensor_Node_1_Industry_Zone,132.23,201.37,7.115,517.6,92.5,42.06,23.38,37.6,73.9,2.6,191,Unhealthy,SW,1008.63,2.62,High,Peak,Active,59.6,0.97,194.59,Stable
14-08-2024 18:00,NODE_01,Sensor_Node_1_Industry_Zone,122.6,220,7.362,552.7,90.85,41.86,30.17,33.1,72.9,1,186,Unhealthy,NE,1004.7,1.67,Low,Normal,Active,90.7,0.95,198.56,Decreasing
14-08-2024 19:00,NODE_01,Sensor_Node_1_Industry_Zone,115.64,227.46,7.242,499,99.96,41.04,23.16,31.2,75.8,4.9,182,Unhealthy,SE,1011.34,1.23,High,Normal,Active,23,0.83,197.64,Decreasing
14-08-2024 20:00,NODE_01,Sensor_Node_1_Industry_Zone,129.39,206.87,6.538,515.1,102.68,44.82,16.26,30.1,72.4,2.5,189,Unhealthy,N,1016.31,4.71,High,High,Active,93.8,0.95,179.08,Decreasing
14-08-2024 21:00,NODE_01,Sensor_Node_1_Industry_Zone,119.45,202.25,7.72,518.3,97.13,33.42,6.28,29,73.4,2.4,184,Unhealthy,SE,1021.46,1.34,Low,High,Active,80.6,1,187.75,Increasing
14-08-2024 22:00,NODE_01,Sensor_Node_1_Industry_Zone,135.94,215.19,7.848,499.9,97.61,40.66,22.49,30.2,80,3.6,193,Unhealthy,N,1014.65,2.57,High,Normal,Active,92.4,0.84,209.99,Increasing
14-08-2024 23:00,NODE_01,Sensor_Node_1_Industry_Zone,101.22,133.17,5.727,525.8,61.85,29.87,25.2,30.2,78.8,1.5,175,Unhealthy,NW,1007.1,9.29,High,Normal,Active,85.2,0.94,157.94,Decreasing
15-08-2024 00:00,NODE_01,Sensor_Node_1_Industry_Zone,91.71,160.18,4.785,489.4,81.54,28.56,14.61,29.8,73.7,0.9,170,Unhealthy,S,1016.47,5.49,Medium,Normal,Active,50.7,0.76,167.2,Increasing
15-08-2024 01:00,NODE_01,Sensor_Node_1_Industry_Zone,81.69,150.85,5.453,463,58.37,32.92,11.15,28.7,67,4.4,165,Unhealthy,SE,1014.72,1.93,High,Low,Active,62.2,0.83,159.41,Increasing
15-08-2024 02:00,NODE_01,Sensor_Node_1_Industry_Zone,332.19,687.48,16.861,473.8,62.18,87.73,26.11,31.4,77.6,5,500,Hazardous,SW,1020.39,8.98,High,Low,Active,87.5,0.76,547.86,Increasing
15-08-2024 03:00,NODE_01,Sensor_Node_1_Industry_Zone,40.69,64.47,2.189,476.3,30.9,19.57,20.51,26.9,73.5,2,114,Unhealthy for Sensitive Groups,N,1024.54,2.67,Medium,Normal,Active,35.7,0.76,113.83,Increasing
15-08-2024 04:00,NODE_01,Sensor_Node_1_Industry_Zone,48.91,47.79,2.531,482.8,21.35,11.68,31.76,31.4,77,0.9,134,Unhealthy for Sensitive Groups,E,1019.29,5.46,Medium,Normal,Active,31.6,0.81,122.58,Decreasing
15-08-2024 05:00,NODE_01,Sensor_Node_1_Industry_Zone,43.61,55.57,1.693,457.2,24.79,17.38,32.95,31.2,78,2.7,121,Unhealthy for Sensitive Groups,S,1009.64,8.59,Medium,High,Active,85.3,0.96,119.24,Stable
15-08-2024 06:00,NODE_01,Sensor_Node_1_Industry_Zone,163.61,273.87,9.44,527.4,130.94,47.72,19.2,33.9,75.2,3.2,500,Hazardous,SE,1011.04,9.89,Low,Peak,Active,77.7,1,515.63,Increasing
15-08-2024 07:00,NODE_01,Sensor_Node_1_Industry_Zone,146.13,260.86,8.759,550.8,107.14,55.23,16.6,36.2,73.6,1.7,198,Unhealthy,NE,1018.95,2.14,Low,High,Active,86.6,0.8,196.03,Increasing
15-08-2024 08:00,NODE_01,Sensor_Node_1_Industry_Zone,163.32,269.82,8.723,538.7,120.13,51.12,18.99,38.5,62.8,4.9,214,Very Unhealthy,S,1008.95,7.29,Medium,Peak,Active,51.5,0.96,221.68,Decreasing
15-08-2024 09:00,NODE_01,Sensor_Node_1_Industry_Zone,160,288.76,9.058,552.2,126.11,54.39,22.28,36.4,64.7,0.3,210,Very Unhealthy,W,1011.16,1.69,Low,High,Active,38,0.79,202.7,Decreasing
15-08-2024 10:00,NODE_01,Sensor_Node_1_Industry_Zone,144.91,263.27,8.918,538.4,121.05,52.47,15.67,38,71.8,2.1,197,Unhealthy,E,1015.81,6.23,Low,Peak,Active,55,0.82,213.95,Decreasing
15-08-2024 11:00,NODE_01,Sensor_Node_1_Industry_Zone,147.61,286.15,9.043,542.2,105.07,53.03,16.48,38.1,65.6,4.5,199,Unhealthy,E,1018.42,7.94,High,Low,Active,84.7,0.89,202.2,Decreasing
15-08-2024 12:00,NODE_01,Sensor_Node_1_Industry_Zone,157.87,284.44,8.6,530.3,120.45,53.05,18.58,36.1,58.8,3,208,Very Unhealthy,SW,1013.34,4.04,High,High,Active,43.2,0.78,212.4,Stable
15-08-2024 13:00,NODE_01,Sensor_Node_1_Industry_Zone,152.52,264.95,8.503,531.1,118.37,44.43,12.98,37.5,64.4,4.5,203,Very Unhealthy,E,994.64,6.46,Low,Normal,Active,36.3,0.91,223.28,Stable
15-08-2024 14:00,NODE_01,Sensor_Node_1_Industry_Zone,161.59,257,8.441,533.6,126.19,41.89,16.42,37,74,3.5,212,Very Unhealthy,N,1014.04,3.91,Medium,Peak,Active,29,0.81,203.01,Stable
15-08-2024 15:00,NODE_01,Sensor_Node_1_Industry_Zone,131.05,180.13,7.474,528.4,105.88,41.23,15.08,35.3,76.5,5.1,190,Unhealthy,NW,1010.13,3.8,High,Normal,Active,36.7,0.92,189.05,Decreasing
15-08-2024 16:00,NODE_01,Sensor_Node_1_Industry_Zone,136.78,206.52,7.179,540.3,99.46,39.57,14.6,34.7,74.7,5.8,193,Unhealthy,SE,1006.14,3.99,Medium,Peak,Active,44.1,0.73,206.13,Stable
15-08-2024 17:00,NODE_01,Sensor_Node_1_Industry_Zone,120.26,207.11,7.474,517.3,96.81,39.02,16.57,33.9,74.7,6.5,184,Unhealthy,S,1012.14,6.84,Low,High,Maintenance,85.5,0.9,168.37,Stable
15-08-2024 18:00,NODE_01,Sensor_Node_1_Industry_Zone,115.04,222.54,7.324,528.9,96.5,41.46,9.3,35.7,64.1,1.8,182,Unhealthy,SE,1018.72,6.56,High,Low,Active,72.5,0.77,171.56,Stable
15-08-2024 19:00,NODE_01,Sensor_Node_1_Industry_Zone,131.5,211.59,6.418,535.7,90.47,36.16,21.7,32.9,76.7,4.9,190,Unhealthy,W,1005.22,9.22,Medium,Normal,Active,76.5,0.99,185.86,Decreasing
15-08-2024 20:00,NODE_01,Sensor_Node_1_Industry_Zone,119.99,190.74,6.621,523.6,89.48,45.45,12.55,33.5,72.4,3.7,184,Unhealthy,SW,1021.54,8.37,Low,Normal,Active,77.9,0.9,178.69,Decreasing
15-08-2024 21:00,NODE_01,Sensor_Node_1_Industry_Zone,133.66,222.1,7.781,514.9,80.94,45.12,17.04,35,72.6,5,191,Unhealthy,SE,1017.87,6.23,Medium,Low,Active,39.5,0.83,172.4,Increasing
15-08-2024 22:00,NODE_01,Sensor_Node_1_Industry_Zone,129.29,218.72,6.888,494.9,89.34,34.25,28.72,29,75.4,4.8,189,Unhealthy,W,1017.6,6.54,Medium,High,Active,33.5,0.99,205.76,Increasing
15-08-2024 23:00,NODE_01,Sensor_Node_1_Industry_Zone,97.94,159.67,5.08,487.9,66.3,29.22,22.75,28.6,84.3,0.8,173,Unhealthy,NW,1007.11,5.97,High,Normal,Active,35.1,0.86,176.64,Decreasing
16-08-2024 00:00,NODE_01,Sensor_Node_1_Industry_Zone,89.87,175.94,5.785,494.9,66.36,32.51,20.87,32.6,77.8,1.3,169,Unhealthy,N,1010.49,7.1,Low,High,Active,35.3,0.77,173.27,Decreasing
16-08-2024 01:00,NODE_01,Sensor_Node_1_Industry_Zone,105.87,205.75,4.653,455,56.04,41.2,31.42,30.4,80.4,2,177,Unhealthy,N,1009.7,4.82,Low,High,Active,23.7,0.91,180.82,Decreasing
16-08-2024 02:00,NODE_01,Sensor_Node_1_Industry_Zone,104.07,178.19,4.76,496.5,70.05,29.4,17.4,30.4,74,5.5,176,Unhealthy,NW,1012,9.68,High,Normal,Active,72,0.94,164.86,Decreasing
16-08-2024 03:00,NODE_01,Sensor_Node_1_Industry_Zone,47.01,66.11,1.894,446,28.41,11.87,28.39,30.8,72.8,2.9,129,Unhealthy for Sensitive Groups,NW,1011.63,1.11,High,Peak,Active,77.2,0.97,128.86,Stable
16-08-2024 04:00,NODE_01,Sensor_Node_1_Industry_Zone,48.46,64.77,1.989,432.9,17.33,17.31,27.42,33.2,76.5,1.2,133,Unhealthy for Sensitive Groups,E,1010.1,2.38,Medium,Peak,Active,75.4,0.77,139.8,Stable
16-08-2024 05:00,NODE_01,Sensor_Node_1_Industry_Zone,32.06,60.66,2.035,466.4,43.55,9.11,24.15,33.3,67.7,6.9,93,Moderate,SE,1010.93,2.68,Low,Low,Active,64.4,0.95,92.2,Increasing
16-08-2024 06:00,NODE_01,Sensor_Node_1_Industry_Zone,153.38,274.78,8.96,489.4,110.88,56.13,18.6,29.7,62.9,2.6,204,Very Unhealthy,SW,1010.73,2.33,Medium,High,Active,93.8,0.79,198.4,Decreasing
16-08-2024 07:00,NODE_01,Sensor_Node_1_Industry_Zone,159.77,280.83,9.322,526.1,126.32,47.23,12.89,34.3,59.1,4.8,210,Very Unhealthy,NW,1013.6,6.32,High,High,Active,80.3,0.97,193.88,Stable
16-08-2024 08:00,NODE_01,Sensor_Node_1_Industry_Zone,150.33,275.89,8.164,553.3,119.88,47.64,18.07,34.7,75.6,1.4,200,Unhealthy,N,1002.09,1.17,High,Normal,Active,31.4,0.96,190.96,Increasing
16-08-2024 09:00,NODE_01,Sensor_Node_1_Industry_Zone,158.22,276.85,9.562,569.9,113.78,53.67,22.98,36.5,76.2,1.3,209,Very Unhealthy,SW,1014.92,1.92,High,Normal,Maintenance,100,0.91,219.06,Decreasing
16-08-2024 10:00,NODE_01,Sensor_Node_1_Industry_Zone,148.32,245.79,8.941,538.1,118.92,55.85,15.92,37.1,65.6,2.5,199,Unhealthy,NW,1022.18,2.16,Medium,Peak,Active,84.8,0.71,179.95,Decreasing
16-08-2024 11:00,NODE_01,Sensor_Node_1_Industry_Zone,139.17,267.12,8.86,543.3,108.42,50.4,12.98,37.9,60.1,3,194,Unhealthy,E,1018.44,8.25,Medium,Low,Active,74.4,0.9,183.24,Increasing
16-08-2024 12:00,NODE_01,Sensor_Node_1_Industry_Zone,143.64,279.25,8.703,534.5,123.19,54.69,13.67,38.2,70.1,6.4,197,Unhealthy,NW,1006.32,8.58,Low,Peak,Active,77.4,0.9,187.93,Stable
16-08-2024 13:00,NODE_01,Sensor_Node_1_Industry_Zone,164.11,253.2,8.204,551,111.95,46.7,19.21,37.6,67.6,2.3,214,Very Unhealthy,S,1018.27,6.95,Medium,High,Active,29.8,0.85,210.69,Decreasing
16-08-2024 14:00,NODE_01,Sensor_Node_1_Industry_Zone,167.04,256.79,8.858,545.3,110.11,55.81,16.04,37.1,73.2,2.8,217,Very Unhealthy,N,1025.74,4.53,High,Low,Active,62.1,0.76,232.7,Increasing
16-08-2024 15:00,NODE_01,Sensor_Node_1_Industry_Zone,130.49,243.51,7.491,546.2,100.98,37.75,14.23,34.1,55.7,4.3,190,Unhealthy,N,1010.54,7.68,High,High,Active,79.4,0.8,208.55,Decreasing
16-08-2024 16:00,NODE_01,Sensor_Node_1_Industry_Zone,119.21,203.33,7.518,500.3,106.96,39.27,23.05,35.7,69.1,5.8,184,Unhealthy,S,1016.33,8.65,Low,Peak,Active,75.2,0.98,179.27,Increasing
16-08-2024 17:00,NODE_01,Sensor_Node_1_Industry_Zone,132.22,216.01,7.915,501.7,84.99,33.32,24.67,36.4,68.9,4.9,191,Unhealthy,NW,1025.8,4.35,Medium,Peak,Maintenance,33.6,0.98,191.9,Increasing
16-08-2024 18:00,NODE_01,Sensor_Node_1_Industry_Zone,121.68,188.16,6.294,496.1,94.8,36.55,23.57,32.1,67.8,0.8,185,Unhealthy,S,1018.18,7.07,High,Peak,Active,95.5,0.93,171.74,Stable
16-08-2024 19:00,NODE_01,Sensor_Node_1_Industry_Zone,108.63,206.57,7.172,535.2,94.92,43.28,23.43,33.6,68.2,4.2,178,Unhealthy,N,1021.3,7.24,Low,Normal,Active,59,0.86,194.14,Stable
16-08-2024 20:00,NODE_01,Sensor_Node_1_Industry_Zone,120.68,220.57,7.432,509.2,100.64,38.78,20.67,31.6,75.3,3.1,185,Unhealthy,W,1005.43,4.42,Low,High,Active,83.3,0.76,180.85,Stable
16-08-2024 21:00,NODE_01,Sensor_Node_1_Industry_Zone,130.67,222.7,6.881,515.2,87.25,37.12,19.75,35.1,80.2,4.1,190,Unhealthy,NW,1013.41,1.32,Low,Low,Active,93.4,0.71,202.92,Stable
16-08-2024 22:00,NODE_01,Sensor_Node_1_Industry_Zone,127.85,188.62,7.01,513.2,94.91,40.19,19.14,29.1,75.2,2.2,188,Unhealthy,S,1014.35,5.34,Low,Low,Fault,44.4,0.94,174.27,Decreasing
16-08-2024 23:00,NODE_01,Sensor_Node_1_Industry_Zone,90.27,156.18,5.198,519.2,75.22,26.51,22.79,28.6,79.4,2.5,169,Unhealthy,S,1015.39,4.44,Medium,High,Active,39.9,0.8,171.23,Decreasing
17-08-2024 00:00,NODE_01,Sensor_Node_1_Industry_Zone,51.99,105.92,3.296,494.5,45.28,12.93,23.91,28,79.2,2.9,142,Unhealthy for Sensitive Groups,E,1016.74,9.2,Low,Normal,Active,29.9,0.71,147.16,Stable
17-08-2024 01:00,NODE_01,Sensor_Node_1_Industry_Zone,56.42,108.65,3.771,496.7,45.68,15.69,20.24,27.3,80.7,2.9,151,Unhealthy,N,1012.94,1.66,Low,High,Active,25.9,0.8,156.16,Stable
17-08-2024 02:00,NODE_01,Sensor_Node_1_Industry_Zone,62.78,82.01,3.086,506.7,35.73,16.74,23.64,31.7,76.5,1,155,Unhealthy,S,1004.13,9.87,High,Normal,Active,93.3,0.98,153.97,Decreasing
17-08-2024 03:00,NODE_01,Sensor_Node_1_Industry_Zone,26.01,44.91,0.839,445.2,20.8,7.84,15.37,33.5,69.7,6.7,80,Moderate,E,1018.4,7.21,High,Normal,Active,26.7,0.85,83.01,Decreasing
17-08-2024 04:00,NODE_01,Sensor_Node_1_Industry_Zone,21.39,46.65,1.068,485.1,17.29,11.79,19.54,33.1,70.7,2.1,71,Moderate,N,1014.27,9.22,High,Normal,Active,88.5,0.82,70.04,Decreasing
17-08-2024 05:00,NODE_01,Sensor_Node_1_Industry_Zone,13.88,44.79,2.894,495.7,16.86,12.03,18.73,29.8,73.7,4.6,55,Moderate,N,1004.93,2.92,High,Normal,Active,80.7,0.78,53.48,Increasing
17-08-2024 06:00,NODE_01,Sensor_Node_1_Industry_Zone,108.74,168.27,5.86,555.8,84.79,29.13,17.05,35,72.9,6.4,178,Unhealthy,W,1016.55,6.94,Medium,Peak,Fault,95.7,0.75,171.35,Decreasing
17-08-2024 07:00,NODE_01,Sensor_Node_1_Industry_Zone,95.12,162.25,5.225,578.1,77.75,36.51,17.05,36.6,70.9,4.5,171,Unhealthy,N,1015.32,2.72,Low,Normal,Active,21.3,0.93,165.92,Increasing
17-08-2024 08:00,NODE_01,Sensor_Node_1_Industry_Zone,104.8,157.37,4.941,532.4,66.46,24.29,17.51,33.3,74.7,5.9,176,Unhealthy,W,1015.22,7.83,High,Normal,Active,75.7,0.91,186.88,Increasing
17-08-2024 09:00,NODE_01,Sensor_Node_1_Industry_Zone,111.63,152.7,5.968,574.4,73.14,35.2,27.96,34.3,61.6,3.5,180,Unhealthy,S,1010.28,1.26,High,High,Active,88.5,0.83,168,Stable
17-08-2024 10:00,NODE_01,Sensor_Node_1_Industry_Zone,94.41,207,5.89,505.6,87.57,30.91,18.24,35,62.3,5.4,171,Unhealthy,NW,1021.81,4.78,High,Normal,Active,64.8,0.99,168.02,Increasing
17-08-2024 11:00,NODE_01,Sensor_Node_1_Industry_Zone,88.13,150.46,5.873,551.2,72.61,27.01,9.62,38.4,66.9,6.8,168,Unhealthy,NW,1015.43,3.71,High,Normal,Active,76.8,0.95,180.73,Decreasing
17-08-2024 12:00,NODE_01,Sensor_Node_1_Industry_Zone,103.2,194.72,6.112,548.4,93.02,31.66,27.92,40.1,64.2,1.7,176,Unhealthy,S,1007.26,7.96,Low,Peak,Maintenance,84.2,0.9,187.21,Decreasing
17-08-2024 13:00,NODE_01,Sensor_Node_1_Industry_Zone,106.54,172.79,5.09,545.2,82.04,31.89,17.15,38.2,71.3,0.6,177,Unhealthy,SE,1002.74,9.26,Low,Normal,Active,49.5,0.97,192.68,Increasing
17-08-2024 14:00,NODE_01,Sensor_Node_1_Industry_Zone,106.49,175.12,4.756,534.7,72.82,33.35,16.2,34.5,57.9,4.7,177,Unhealthy,NW,1007.4,1.21,Medium,Peak,Active,99,0.78,174.4,Increasing
17-08-2024 15:00,NODE_01,Sensor_Node_1_Industry_Zone,72.46,139.22,5.196,486.9,56.45,26.01,13.74,37,71.6,3.7,160,Unhealthy,NW,997.78,8.56,Medium,Peak,Fault,93.3,0.84,173.93,Stable
17-08-2024 16:00,NODE_01,Sensor_Node_1_Industry_Zone,79.16,122.23,4.589,524,71.05,32.78,15.56,35.1,69.2,3,163,Unhealthy,E,1010.44,2.39,Medium,Normal,Active,42.6,0.96,152.56,Decreasing
17-08-2024 17:00,NODE_01,Sensor_Node_1_Industry_Zone,75.74,139.09,4.981,518.7,63.29,27.26,17.68,33.7,81,3.7,161,Unhealthy,SE,1012.77,6.94,Low,Low,Active,55.6,0.81,174.49,Stable
17-08-2024 18:00,NODE_01,Sensor_Node_1_Industry_Zone,82.81,129.9,4.937,529.9,73.18,20.95,17.7,36.1,76.5,2.8,165,Unhealthy,SW,1004.75,6.9,Medium,Low,Active,31.6,0.77,170.46,Stable
17-08-2024 19:00,NODE_01,Sensor_Node_1_Industry_Zone,83.97,104.75,4.476,552,63.24,22.84,25.07,34.2,74.4,6.8,500,Hazardous,E,1008.73,7.07,High,Low,Active,44.7,0.89,453.42,Decreasing
17-08-2024 20:00,NODE_01,Sensor_Node_1_Industry_Zone,84.76,124.08,4.478,514.6,68.85,24.01,18.27,34.2,90.1,1.7,500,Hazardous,NE,1021.32,7.24,High,Peak,Maintenance,36.1,0.85,475.31,Stable
17-08-2024 21:00,NODE_01,Sensor_Node_1_Industry_Zone,73.11,138.12,4.514,538.3,52.94,20.97,26,30.2,77.4,1.2,160,Unhealthy,NW,1012.64,9.3,Medium,High,Fault,82.7,0.96,165.13,Decreasing
17-08-2024 22:00,NODE_01,Sensor_Node_1_Industry_Zone,73.79,154.1,4.998,515.5,60.19,27.47,20.31,32.4,77.1,4.3,500,Hazardous,SE,1021.21,3.81,Medium,Peak,Active,84.3,0.71,454.61,Decreasing
17-08-2024 23:00,NODE_01,Sensor_Node_1_Industry_Zone,63.6,124.04,3.488,480.4,43.36,22.22,20.26,33.6,77.9,3.5,155,Unhealthy,SW,1010.89,4.93,Medium,Low,Active,28,0.74,153.62,Decreasing
18-08-2024 00:00,NODE_01,Sensor_Node_1_Industry_Zone,72.37,92.32,3.072,487.2,41.34,14.26,13.1,30.3,82.3,6.3,160,Unhealthy,N,1010.94,6.51,Low,High,Active,44.9,0.8,146.25,Increasing
18-08-2024 01:00,NODE_01,Sensor_Node_1_Industry_Zone,54.45,88.27,3.924,494.4,49.54,22.38,32.93,28.6,72.4,3.3,148,Unhealthy for Sensitive Groups,NW,998.8,5.48,Medium,Peak,Active,96.3,0.97,141.08,Increasing
18-08-2024 02:00,NODE_01,Sensor_Node_1_Industry_Zone,60.61,97.05,3.378,486.8,35.4,23.55,10.75,29.3,74.6,6.4,154,Unhealthy,W,1016.38,4.92,High,High,Active,97.4,0.99,164.53,Decreasing
18-08-2024 03:00,NODE_01,Sensor_Node_1_Industry_Zone,42.17,30.94,1.89,499.6,22.55,6.85,14.84,32.2,70.3,4.2,117,Unhealthy for Sensitive Groups,SW,1018.6,9.05,High,Low,Active,65,0.82,120.67,Stable
18-08-2024 04:00,NODE_01,Sensor_Node_1_Industry_Zone,21.24,41.91,1.831,433.8,10.09,10.05,28.77,31.1,71.2,3.7,70,Moderate,NE,1009.95,8.23,High,Peak,Active,92,0.87,76.88,Decreasing
18-08-2024 05:00,NODE_01,Sensor_Node_1_Industry_Zone,16.22,56.27,1.41,459.4,13.29,9.66,19.57,32.8,80,4,60,Moderate,NW,1010.14,5.58,Low,Low,Fault,33.5,0.74,54.45,Increasing
18-08-2024 06:00,NODE_01,Sensor_Node_1_Industry_Zone,103.43,162.59,5.895,555.1,74.74,31.94,13.65,33.6,67.4,1.8,176,Unhealthy,NE,1016.88,3.85,Low,High,Active,95.6,0.76,169.94,Decreasing
18-08-2024 07:00,NODE_01,Sensor_Node_1_Industry_Zone,100.29,209.31,5.305,538.6,76.87,30.62,15.55,33.8,74.8,5.9,174,Unhealthy,NE,1007.58,7.62,Low,Low,Active,31.3,0.8,174.04,Increasing
18-08-2024 08:00,NODE_01,Sensor_Node_1_Industry_Zone,111.86,168.96,6.211,568.7,75.58,35.52,13.67,37.8,66,2,180,Unhealthy,E,1007.31,8.63,Low,High,Active,74.3,0.97,177.85,Decreasing
18-08-2024 09:00,NODE_01,Sensor_Node_1_Industry_Zone,105.72,163.57,5.47,560.4,68.21,34.06,19.63,37.1,75.4,0.9,177,Unhealthy,S,1013.9,3.77,High,Normal,Active,55.6,0.94,168.39,Increasing
18-08-2024 10:00,NODE_01,Sensor_Node_1_Industry_Zone,84.7,181.41,5.733,513.9,68.87,39.02,19.16,38.7,72.6,4.9,166,Unhealthy,S,1008.36,9.32,Medium,Peak,Active,84,0.73,158.83,Decreasing
18-08-2024 11:00,NODE_01,Sensor_Node_1_Industry_Zone,89.25,167.26,6.505,530,77.31,34.35,19.77,37.4,72.3,1.9,168,Unhealthy,NE,1015.67,4.81,Low,Low,Active,35.9,0.88,169.76,Decreasing
18-08-2024 12:00,NODE_01,Sensor_Node_1_Industry_Zone,114.79,159.49,6.784,538.2,74.03,34.36,12.51,35.2,65.3,2.4,182,Unhealthy,S,1006.48,3.89,Low,Normal,Active,69.7,0.75,171.08,Increasing
18-08-2024 13:00,NODE_01,Sensor_Node_1_Industry_Zone,103.1,181.02,5.772,541.6,83.24,30.71,16.84,39.5,72.4,2.3,176,Unhealthy,SW,1021.06,6.53,Low,Normal,Active,53.8,0.91,172.14,Decreasing
18-08-2024 14:00,NODE_01,Sensor_Node_1_Industry_Zone,98.95,184.3,5.698,542.5,85.19,31.41,23.37,35.1,64.4,5.7,173,Unhealthy,N,1015.94,2.27,High,High,Active,54.1,0.76,187.62,Increasing
18-08-2024 15:00,NODE_01,Sensor_Node_1_Industry_Zone,69.16,136.06,4.422,491.3,72.92,26.12,16.14,39.2,65.6,2,500,Hazardous,S,1012.4,9.2,High,Peak,Active,63.4,0.73,497.65,Stable
18-08-2024 16:00,NODE_01,Sensor_Node_1_Industry_Zone,328.5,553.6,15.478,559.3,53.1,54.48,19.79,35.9,73,3.9,500,Hazardous,E,1006.76,8.12,Low,Normal,Active,43.9,0.71,512.2,Increasing
18-08-2024 17:00,NODE_01,Sensor_Node_1_Industry_Zone,75.65,149.36,5.214,538.1,46.25,28.01,15.75,33.9,73.8,2.6,161,Unhealthy,NE,1005.65,2.09,Low,Peak,Active,93,0.9,154.01,Increasing
18-08-2024 18:00,NODE_01,Sensor_Node_1_Industry_Zone,85.15,145.15,4.728,500,66.36,28.93,18.83,32.2,69.4,2.6,166,Unhealthy,W,1006.62,9.25,Medium,Low,Active,99.3,0.71,179.51,Stable
18-08-2024 19:00,NODE_01,Sensor_Node_1_Industry_Zone,86.78,134.82,4.578,520.7,57.08,14.63,24.36,35.7,69.9,2.7,167,Unhealthy,SE,1003.41,8.89,Low,Low,Active,68.4,0.82,182.35,Increasing
18-08-2024 20:00,NODE_01,Sensor_Node_1_Industry_Zone,78.58,152.26,4.687,501.5,51.92,29.67,21.4,33.6,69.2,6.3,163,Unhealthy,N,1020.04,6.66,High,High,Active,66.8,0.76,155.31,Increasing
18-08-2024 21:00,NODE_01,Sensor_Node_1_Industry_Zone,94.79,113.91,5.014,481.4,55.62,32.45,22.56,30.4,73.1,6.2,171,Unhealthy,SE,1014.05,9.41,Medium,Normal,Active,91.7,0.85,171.26,Stable
18-08-2024 22:00,NODE_01,Sensor_Node_1_Industry_Zone,90.09,131.93,3.853,518.6,57.95,21.01,19.89,30.2,79,1.7,169,Unhealthy,NE,1018.42,7.96,High,Low,Active,51.3,0.73,153.64,Decreasing
18-08-2024 23:00,NODE_01,Sensor_Node_1_Industry_Zone,52.9,92.15,3.373,522,51.36,23.96,27.89,35.5,78,3.5,144,Unhealthy for Sensitive Groups,SW,1022.43,7.21,High,Normal,Active,43.2,0.87,138.02,Stable
19-08-2024 00:00,NODE_01,Sensor_Node_1_Industry_Zone,100.37,184.44,5.166,481.6,72.8,29.51,22.39,32.3,75.1,5.3,174,Unhealthy,NE,1019.84,8.92,Low,Peak,Active,32.4,0.74,162.89,Increasing
19-08-2024 01:00,NODE_01,Sensor_Node_1_Industry_Zone,89.96,162.04,5.262,456.1,66.5,32.99,27.99,28.4,70.8,2.2,169,Unhealthy,SE,1014.7,3.66,High,Peak,Active,77.6,0.88,167.64,Increasing
19-08-2024 02:00,NODE_01,Sensor_Node_1_Industry_Zone,88.84,135.3,6.061,476.8,82.13,34.69,17.57,28.9,76,3.4,168,Unhealthy,NW,1009.53,3.66,Low,Peak,Active,86.1,0.76,167.91,Decreasing
19-08-2024 03:00,NODE_01,Sensor_Node_1_Industry_Zone,37.66,71.35,1.852,459.9,31.26,11.24,21.44,30.9,71.3,5.5,106,Unhealthy for Sensitive Groups,NE,1016.5,1.73,Medium,High,Active,67.1,0.81,102.61,Decreasing
19-08-2024 04:00,NODE_01,Sensor_Node_1_Industry_Zone,40.59,91.23,2.174,464.6,31.01,11.65,24.4,31.9,76.7,3.4,114,Unhealthy for Sensitive Groups,NE,1013.27,7.92,High,Peak,Active,39.7,0.71,106.33,Increasing
19-08-2024 05:00,NODE_01,Sensor_Node_1_Industry_Zone,95.4,244.72,6.469,449.3,34.77,28.7,28.94,31.7,67,2.8,172,Unhealthy,NW,1010.44,8.97,Low,Normal,Active,45.2,0.98,172.03,Decreasing
19-08-2024 06:00,NODE_01,Sensor_Node_1_Industry_Zone,146.16,265.09,8.908,521.8,122.86,52.48,8.82,38,64.7,1.4,198,Unhealthy,NE,1008.91,7.25,Low,High,Active,93.2,0.74,181.72,Increasing
19-08-2024 07:00,NODE_01,Sensor_Node_1_Industry_Zone,150.34,286.36,8.872,524.4,121.9,38.8,18.67,37,56.6,7,200,Unhealthy,S,1018.48,8.77,Low,Normal,Active,43.3,0.73,203.78,Increasing
19-08-2024 08:00,NODE_01,Sensor_Node_1_Industry_Zone,150.77,242.95,8.967,581.4,119.2,49.53,5,34.3,68.2,5.1,201,Very Unhealthy,SW,1020.86,8.82,High,Low,Fault,64.6,0.96,209.28,Decreasing
19-08-2024 09:00,NODE_01,Sensor_Node_1_Industry_Zone,154.75,253.32,8.98,532.1,111.03,46.91,18.7,33,56.6,2.9,205,Very Unhealthy,S,1010.35,5.1,High,High,Active,96.5,0.82,199.14,Stable
19-08-2024 10:00,NODE_01,Sensor_Node_1_Industry_Zone,165.75,265.09,8.679,552.8,118.16,49.68,15.78,38.1,62.7,2,216,Very Unhealthy,E,1009.38,7.46,Medium,Normal,Active,91.7,0.99,221.27,Stable
19-08-2024 11:00,NODE_01,Sensor_Node_1_Industry_Zone,150.15,291.9,8.507,559,115.11,52.56,15.99,35.2,66.4,1.6,200,Unhealthy,SE,1016.19,4.39,High,Peak,Active,52.8,0.79,216.1,Decreasing
19-08-2024 12:00,NODE_01,Sensor_Node_1_Industry_Zone,172.57,277.37,9.37,557.7,101.26,53.22,27.38,39.1,64.4,2.2,223,Very Unhealthy,N,1008.19,3.56,Low,High,Active,47.9,0.9,239.4,Decreasing
19-08-2024 13:00,NODE_01,Sensor_Node_1_Industry_Zone,145.08,260.39,8.426,538.3,119.03,43.52,12.17,37,62.6,7.8,197,Unhealthy,SE,1015.62,9.66,High,Normal,Active,57.4,0.71,211.12,Increasing
19-08-2024 14:00,NODE_01,Sensor_Node_1_Industry_Zone,150.61,256.59,8.95,567,107.41,54.93,7.83,38,73.1,1.4,201,Very Unhealthy,SE,1022.42,4.8,Medium,Normal,Active,24.1,0.98,205.65,Stable
19-08-2024 15:00,NODE_01,Sensor_Node_1_Industry_Zone,112.61,229.18,6.368,499.7,95,43.17,18.86,37.6,64.5,0.9,180,Unhealthy,E,1009.49,8.73,High,High,Active,51.2,0.83,181.78,Increasing
19-08-2024 16:00,NODE_01,Sensor_Node_1_Industry_Zone,114.47,233.3,7.417,507,82.5,45.21,24.72,35.7,65,5.4,181,Unhealthy,SW,1012.15,6.42,Low,High,Active,74.2,0.73,194.55,Decreasing
19-08-2024 17:00,NODE_01,Sensor_Node_1_Industry_Zone,121.13,196.87,6.876,512.5,95.89,43.79,19.95,37.7,64.5,2.4,185,Unhealthy,S,1023.94,4.13,High,Low,Active,49.4,0.92,170.11,Increasing
19-08-2024 18:00,NODE_01,Sensor_Node_1_Industry_Zone,120.04,218.22,7.757,508.7,96.83,39.06,6.92,33.9,64.6,2.3,184,Unhealthy,N,1009.76,4.4,Medium,Peak,Active,89.5,0.93,186.57,Increasing
19-08-2024 19:00,NODE_01,Sensor_Node_1_Industry_Zone,133.37,198.94,6.854,525.4,97.83,53.95,16.86,33.1,85.1,2.6,191,Unhealthy,N,1012.85,8.57,High,Normal,Active,24.8,0.86,207.17,Decreasing
19-08-2024 20:00,NODE_01,Sensor_Node_1_Industry_Zone,125.49,197.57,7.339,528.5,91.69,43.5,21.93,31.3,84.3,1.4,187,Unhealthy,E,1006.35,2.79,High,Normal,Active,73.2,0.86,174.68,Stable
19-08-2024 21:00,NODE_01,Sensor_Node_1_Industry_Zone,116.93,189.1,7.347,550.5,93.7,34.35,19.51,29.9,82.6,2,183,Unhealthy,NE,1007.78,5.12,Medium,Low,Active,49.6,0.97,172.76,Increasing
19-08-2024 22:00,NODE_01,Sensor_Node_1_Industry_Zone,127.27,215.72,7.018,497.1,106.6,38.51,22.89,29.8,81.3,1,188,Unhealthy,SE,1003.73,1.58,Medium,High,Active,84.6,0.8,206.76,Decreasing
19-08-2024 23:00,NODE_01,Sensor_Node_1_Industry_Zone,92.83,166.99,6.079,472,64.73,42.02,15.79,29.3,86.1,2.7,170,Unhealthy,SE,1029.55,3.32,Medium,High,Active,32.7,0.72,156.48,Stable
20-08-2024 00:00,NODE_01,Sensor_Node_1_Industry_Zone,98.52,156.87,5.301,511.6,68.12,28.19,19.19,29.5,80.1,6.2,173,Unhealthy,N,1015.43,2.23,Low,Low,Active,29.2,0.83,164.99,Increasing
20-08-2024 01:00,NODE_01,Sensor_Node_1_Industry_Zone,102.99,165.59,5.37,500.4,76.02,32.55,17.46,30.8,65.1,3.4,176,Unhealthy,SE,1011.72,4.08,Low,Low,Maintenance,85.3,0.73,171.45,Increasing
20-08-2024 02:00,NODE_01,Sensor_Node_1_Industry_Zone,99.52,177.04,5.339,477.1,61.78,34.27,17.05,30,78.5,2,174,Unhealthy,W,1005.66,7.44,Medium,High,Active,41.3,0.99,186.17,Increasing
20-08-2024 03:00,NODE_01,Sensor_Node_1_Industry_Zone,38.2,63.23,2.652,438.7,23.36,16.42,22.88,31.4,75,4.3,108,Unhealthy for Sensitive Groups,N,1001.05,4.39,Medium,Peak,Active,45.9,0.87,102.73,Stable
20-08-2024 04:00,NODE_01,Sensor_Node_1_Industry_Zone,43.08,49.4,2.054,439.1,30.91,16.24,25.16,32,61.6,5.4,120,Unhealthy for Sensitive Groups,S,1013.45,5.13,Medium,Peak,Active,85.6,0.99,114.71,Decreasing
20-08-2024 05:00,NODE_01,Sensor_Node_1_Industry_Zone,49.09,70.09,1.855,442.1,23.96,18.13,13.88,31.5,71.6,3.4,134,Unhealthy for Sensitive Groups,S,1011.13,5.26,High,Normal,Active,91,0.96,131.02,Decreasing
20-08-2024 06:00,NODE_01,Sensor_Node_1_Industry_Zone,140.9,264.38,9.321,581.1,115.22,45.66,17.61,33.9,74.8,5.2,195,Unhealthy,N,1015.01,6.44,Low,Normal,Active,41.3,0.92,193.2,Stable
20-08-2024 07:00,NODE_01,Sensor_Node_1_Industry_Zone,159.52,288.9,8.814,519,119.8,45.27,10.39,33.8,62.9,3,210,Very Unhealthy,E,1016.15,2.46,Medium,High,Active,46.8,0.82,202.91,Stable
20-08-2024 08:00,NODE_01,Sensor_Node_1_Industry_Zone,159.65,273.14,8.855,558.3,114.22,49.73,12.46,38.1,68.4,4.6,210,Very Unhealthy,SE,1018.07,1.74,High,High,Active,26.1,0.84,201.74,Stable
20-08-2024 09:00,NODE_01,Sensor_Node_1_Industry_Zone,158.78,276.82,8.147,541.1,118.42,49.2,22.92,35,65.1,6.4,209,Very Unhealthy,SW,1011.75,9.52,Medium,Peak,Active,45.3,0.77,219.28,Increasing
20-08-2024 10:00,NODE_01,Sensor_Node_1_Industry_Zone,147.21,280.42,8.446,508,120.62,49.84,21.2,38.7,66.5,2.4,198,Unhealthy,SW,1015.73,3.59,High,Low,Active,41.7,0.88,211.46,Decreasing
20-08-2024 11:00,NODE_01,Sensor_Node_1_Industry_Zone,142.45,264.06,8.631,537.7,118.81,57.99,18.9,38,56.8,5.4,196,Unhealthy,N,1009.55,7.85,High,Peak,Active,31.8,0.94,203.4,Increasing
20-08-2024 12:00,NODE_01,Sensor_Node_1_Industry_Zone,157.13,251.33,8.772,542.3,114.74,47.93,5.26,36.8,67.5,5.1,208,Very Unhealthy,E,1006.89,5.81,Medium,Normal,Active,51.4,0.92,187.32,Increasing
20-08-2024 13:00,NODE_01,Sensor_Node_1_Industry_Zone,161,264.9,8.521,532.5,121.09,49.33,12.79,35.5,60.8,1.3,211,Very Unhealthy,SW,1009.97,7.16,Low,Peak,Active,40.2,0.79,193.57,Stable
20-08-2024 14:00,NODE_01,Sensor_Node_1_Industry_Zone,146.2,287.8,9.26,580.5,106.36,51.65,13.83,37.5,77.9,1.6,198,Unhealthy,SW,1016.61,1.41,Low,Low,Active,66.1,0.9,213.13,Decreasing
20-08-2024 15:00,NODE_01,Sensor_Node_1_Industry_Zone,109.28,204.82,6.113,538.9,103.36,42.65,11.71,37.2,73,6.8,179,Unhealthy,NW,1015.64,7.13,Medium,Normal,Active,88.9,0.89,181.46,Stable
20-08-2024 16:00,NODE_01,Sensor_Node_1_Industry_Zone,126.31,212.11,7.873,503,92.9,42.82,19.99,36.8,72.2,1.3,188,Unhealthy,S,1011.92,8.59,Medium,Normal,Active,52.6,0.89,201.07,Increasing
20-08-2024 17:00,NODE_01,Sensor_Node_1_Industry_Zone,127.4,214.72,7.924,515.4,98.28,40.77,28.57,34.8,74.1,1.8,188,Unhealthy,SE,1013.93,7.87,High,Normal,Active,46.6,0.78,201.82,Stable
20-08-2024 18:00,NODE_01,Sensor_Node_1_Industry_Zone,123.14,229.34,7.485,478.2,99.21,34.19,22.6,34.8,71.1,4.1,186,Unhealthy,SE,1021.65,5.92,Medium,Normal,Active,53.5,0.89,181.55,Increasing
20-08-2024 19:00,NODE_01,Sensor_Node_1_Industry_Zone,129.02,192.66,7.04,532.4,84.76,43.59,8.31,31.2,71.7,1,189,Unhealthy,S,1001.19,1.33,Medium,High,Active,25.4,0.76,195.57,Increasing
20-08-2024 20:00,NODE_01,Sensor_Node_1_Industry_Zone,124.43,204.78,6.868,535.7,102.4,38.62,16.43,31.6,88.3,3.3,187,Unhealthy,W,1004.47,5.44,High,Normal,Maintenance,80.1,0.82,192.15,Increasing
20-08-2024 21:00,NODE_01,Sensor_Node_1_Industry_Zone,123.34,211.33,6.844,529.8,88.58,38.77,21.69,30.8,73.9,1.2,186,Unhealthy,NW,1011.92,3.44,High,High,Active,32.2,0.87,169.66,Decreasing
20-08-2024 22:00,NODE_01,Sensor_Node_1_Industry_Zone,126.8,213.31,6.49,507,91.51,38.82,21.4,29.5,93.4,2.3,188,Unhealthy,NE,1016.2,6.06,Medium,Low,Active,44.3,0.9,191.7,Stable
20-08-2024 23:00,NODE_01,Sensor_Node_1_Industry_Zone,103.48,131.17,5.206,495.9,69.43,28.12,12.1,29.1,76.3,1.6,176,Unhealthy,N,1010.71,6.21,High,Peak,Active,50.4,0.87,182.3,Increasing
21-08-2024 00:00,NODE_01,Sensor_Node_1_Industry_Zone,86.01,182.77,5.73,507.8,72.47,24.9,24.49,32,87,0.8,167,Unhealthy,E,1017.42,4.56,Medium,High,Active,83.4,0.78,174.67,Increasing
21-08-2024 01:00,NODE_01,Sensor_Node_1_Industry_Zone,97.39,166.86,4.555,502.1,67.16,39.08,19.3,30.4,78.7,4,173,Unhealthy,E,993.96,7.78,Low,Peak,Active,94.5,0.94,167.49,Increasing
21-08-2024 02:00,NODE_01,Sensor_Node_1_Industry_Zone,95.14,173.92,5.736,494,64.83,27.08,29.09,30.7,89.7,2.7,171,Unhealthy,W,998.02,4.14,Medium,High,Fault,28,0.7,186.55,Stable
21-08-2024 03:00,NODE_01,Sensor_Node_1_Industry_Zone,31.95,60.36,2.461,464.5,34.15,4.95,22.14,29.5,68,2.2,93,Moderate,SW,1008.59,3.07,Medium,Peak,Active,89,0.7,94.9,Increasing
21-08-2024 04:00,NODE_01,Sensor_Node_1_Industry_Zone,46.5,76.93,3.05,427.3,22.62,16.81,30.64,34,81.9,6.7,128,Unhealthy for Sensitive Groups,NW,1028,6.64,Low,Peak,Active,80.6,0.76,120.44,Increasing
21-08-2024 05:00,NODE_01,Sensor_Node_1_Industry_Zone,133.08,198.56,6.896,438.5,30.14,21.96,26.33,34.8,71.5,3.8,191,Unhealthy,NW,1012,1.85,High,High,Active,41,0.75,203.31,Increasing
21-08-2024 06:00,NODE_01,Sensor_Node_1_Industry_Zone,154.81,262.25,8.995,544.8,113.12,45.53,5.75,35.9,75,2.3,205,Very Unhealthy,SW,998.55,3.81,Medium,Peak,Active,62.4,0.99,206.98,Stable
21-08-2024 07:00,NODE_01,Sensor_Node_1_Industry_Zone,156.9,241.7,9.152,546.3,105.48,51.84,14,33.8,68.4,2.8,207,Very Unhealthy,NE,1009.84,4.61,Low,Normal,Active,89.8,0.79,190.27,Decreasing
21-08-2024 08:00,NODE_01,Sensor_Node_1_Industry_Zone,148.37,273.8,8.881,552.5,99.75,47.04,18.78,35.5,74.1,1.8,199,Unhealthy,E,1015.7,1.68,High,Low,Maintenance,97.5,0.74,202.89,Decreasing
21-08-2024 09:00,NODE_01,Sensor_Node_1_Industry_Zone,139.56,255.69,9.456,561.9,124.84,58.55,22.33,35.6,68.6,3.7,500,Hazardous,E,1017.77,1.83,High,Peak,Active,76.8,0.83,542.55,Stable
21-08-2024 10:00,NODE_01,Sensor_Node_1_Industry_Zone,162.84,263.36,9.399,518.8,119.35,46.65,7.56,38.6,72.3,1.5,213,Very Unhealthy,SE,1014.82,5.9,Medium,Low,Active,59.7,0.94,201.97,Increasing
21-08-2024 11:00,NODE_01,Sensor_Node_1_Industry_Zone,157.66,249.74,8.475,536.8,125.13,54.64,7.76,36.8,61.9,3,208,Very Unhealthy,N,1010.59,7.41,Medium,Low,Active,96.2,0.74,217.96,Stable
21-08-2024 12:00,NODE_01,Sensor_Node_1_Industry_Zone,152.03,264.42,9.633,542.6,114.58,52.69,21.29,38.4,70.1,5.3,203,Very Unhealthy,NW,1016.07,9.1,Medium,High,Active,27.6,0.87,197.26,Stable
21-08-2024 13:00,NODE_01,Sensor_Node_1_Industry_Zone,152.84,255.46,8.676,565.8,131.66,56.77,9.38,35.7,59.1,2.6,203,Very Unhealthy,SE,1018.92,9,Low,High,Active,61.4,0.78,184.55,Decreasing
21-08-2024 14:00,NODE_01,Sensor_Node_1_Industry_Zone,149.29,285.7,9.451,531.8,114.57,52.67,20.68,36.7,65.4,2.7,500,Hazardous,NW,1008.67,4.52,Medium,High,Active,96.4,0.97,479.99,Stable
21-08-2024 15:00,NODE_01,Sensor_Node_1_Industry_Zone,118.67,208.66,6.538,527.4,97.46,43.1,14.56,33.9,70.6,1.7,184,Unhealthy,NW,1011.26,6.56,High,Peak,Active,59.7,0.75,173.62,Increasing
21-08-2024 16:00,NODE_01,Sensor_Node_1_Industry_Zone,113.14,208.95,7.957,506.7,86.45,42.93,19.26,32.8,73,2.8,181,Unhealthy,S,1011.18,2.01,Medium,Normal,Active,28.1,0.81,193.4,Stable
21-08-2024 17:00,NODE_01,Sensor_Node_1_Industry_Zone,630.91,778,25.665,533.6,94.82,123.88,22.55,37.6,77.4,3.3,500,Hazardous,SW,1001.77,1.8,High,Low,Active,44.1,0.79,458.02,Increasing
21-08-2024 18:00,NODE_01,Sensor_Node_1_Industry_Zone,122.46,207.01,6.995,540.5,89.6,43.71,14.1,32.7,79.1,2.7,186,Unhealthy,SE,1004.46,3.35,Low,Peak,Active,48.8,0.89,184.99,Stable
21-08-2024 19:00,NODE_01,Sensor_Node_1_Industry_Zone,126.69,176.81,6.98,510.9,90.76,45.15,20.47,36.7,76.8,3.8,188,Unhealthy,NE,998.09,7.01,Low,High,Active,29.9,0.88,196.77,Stable
21-08-2024 20:00,NODE_01,Sensor_Node_1_Industry_Zone,121.05,203.7,7.051,512.4,93.42,42.86,19.9,31.2,70.6,2.3,185,Unhealthy,N,1012.51,2.07,Low,High,Active,25.7,0.84,174.58,Increasing
21-08-2024 21:00,NODE_01,Sensor_Node_1_Industry_Zone,124.99,205.36,8.381,492.9,88.53,38.1,16.14,32.7,74.7,3.5,187,Unhealthy,NE,1010.21,3.94,High,High,Active,89.2,0.97,205.06,Decreasing
21-08-2024 22:00,NODE_01,Sensor_Node_1_Industry_Zone,125.31,218.69,7.493,493.6,94.03,43.6,15.2,31,80.5,2,187,Unhealthy,N,1009.97,9.96,Low,Normal,Active,95.3,0.89,197.25,Increasing
21-08-2024 23:00,NODE_01,Sensor_Node_1_Industry_Zone,80.72,145.15,4.234,494.7,83.75,27.47,19.84,31.7,79.4,3.8,164,Unhealthy,N,1011.79,3.23,Medium,Low,Active,38.8,0.97,172.24,Stable
22-08-2024 00:00,NODE_01,Sensor_Node_1_Industry_Zone,93.98,156.35,5.301,501.2,66.27,36.53,27.09,30,78.4,1.7,171,Unhealthy,NW,1015.12,7.83,Low,Peak,Active,61.5,0.75,168.85,Increasing
22-08-2024 01:00,NODE_01,Sensor_Node_1_Industry_Zone,85.63,156.74,5.407,462,75.38,26.76,22.86,31.3,85.6,6.6,167,Unhealthy,N,1007.96,1.54,Medium,Peak,Active,34.3,0.78,177.19,Decreasing
22-08-2024 02:00,NODE_01,Sensor_Node_1_Industry_Zone,101.18,182.79,5.784,493.6,67.25,29.76,28.95,30.2,77.2,1.1,175,Unhealthy,E,1019.04,7.41,Medium,Low,Maintenance,49.6,0.98,174.59,Decreasing
22-08-2024 03:00,NODE_01,Sensor_Node_1_Industry_Zone,50.31,82.36,1.826,453.8,31,13.86,12.9,32.3,75.9,4.2,137,Unhealthy for Sensitive Groups,SW,1002.45,4.77,Low,Peak,Active,21.4,0.86,147.78,Increasing
22-08-2024 04:00,NODE_01,Sensor_Node_1_Industry_Zone,41.03,60.94,2.047,445.5,30.6,10.9,29.71,31.5,69.1,2.6,115,Unhealthy for Sensitive Groups,SE,1011.92,6.92,Medium,Peak,Active,79.9,0.99,116.32,Decreasing
22-08-2024 05:00,NODE_01,Sensor_Node_1_Industry_Zone,43.26,64.75,2.772,456.8,33.75,12.72,11.71,33.4,75.8,1.9,120,Unhealthy for Sensitive Groups,E,1011.41,1.19,High,High,Active,72.4,0.81,114.55,Decreasing
22-08-2024 06:00,NODE_01,Sensor_Node_1_Industry_Zone,479.44,751.45,23.063,535.4,114.22,83.86,21.23,32.4,75.8,4,500,Hazardous,SW,1017.1,7.88,Medium,High,Active,48.1,0.84,464.81,Stable
22-08-2024 07:00,NODE_01,Sensor_Node_1_Industry_Zone,147.54,228.34,8.824,537,122.28,50.13,19.6,33.4,72,2.1,199,Unhealthy,E,1009.03,2.48,Low,Normal,Active,83.4,0.83,189.47,Increasing
22-08-2024 08:00,NODE_01,Sensor_Node_1_Industry_Zone,174.11,282.67,8.961,526.1,116.37,50.74,18.2,38.3,66.1,4.7,224,Very Unhealthy,SE,1018.41,3.26,Low,Low,Active,45.1,0.97,201.86,Decreasing
22-08-2024 09:00,NODE_01,Sensor_Node_1_Industry_Zone,158.5,247.91,8.753,547.8,122.44,47.39,13.8,39,74.7,5.9,209,Very Unhealthy,NE,1010.6,7.43,Medium,High,Active,62.3,0.79,191.63,Stable
22-08-2024 10:00,NODE_01,Sensor_Node_1_Industry_Zone,155.67,234.69,10.216,540.6,115.41,48.31,17.88,38,72.5,3.7,206,Very Unhealthy,SW,1011.39,6.47,High,Normal,Active,26,0.74,194.95,Stable
22-08-2024 11:00,NODE_01,Sensor_Node_1_Industry_Zone,146.59,269.14,8.874,524.1,121.14,54.52,20.37,37.5,68.4,7.4,198,Unhealthy,N,1011.11,3.29,High,Peak,Active,39.2,0.89,194.09,Decreasing
22-08-2024 12:00,NODE_01,Sensor_Node_1_Industry_Zone,167.37,280.99,8.568,495.2,119.68,53.59,10.55,38,64.4,4.3,218,Very Unhealthy,W,1016.19,8.59,High,Low,Active,62.4,0.95,202.08,Increasing
22-08-2024 13:00,NODE_01,Sensor_Node_1_Industry_Zone,648.16,1122.19,28.534,557.5,108.75,139.49,20.96,39.9,65.3,3.3,500,Hazardous,W,1017.12,1.51,Low,Peak,Active,48.4,0.96,512.89,Increasing
22-08-2024 14:00,NODE_01,Sensor_Node_1_Industry_Zone,141.17,260.77,9.139,525.9,105.5,47.43,13.15,34.6,73.2,5.8,195,Unhealthy,NE,1008.37,2.87,Low,Normal,Active,39.9,0.85,211.11,Decreasing
22-08-2024 15:00,NODE_01,Sensor_Node_1_Industry_Zone,135.63,192.09,7.097,505.4,96.96,29.53,16.88,37.8,69.2,6,192,Unhealthy,W,1003.55,2.61,High,Peak,Active,73.1,0.75,194.56,Stable
22-08-2024 16:00,NODE_01,Sensor_Node_1_Industry_Zone,129.46,204.42,5.756,535.6,99.39,46.6,18.77,36.6,83,4.5,189,Unhealthy,NE,1006.11,1.39,Medium,High,Active,65.7,0.99,202.63,Decreasing
22-08-2024 17:00,NODE_01,Sensor_Node_1_Industry_Zone,108.39,215.78,7.201,489.1,104.35,44.6,24.81,35,68.5,4.1,178,Unhealthy,SW,1012.99,6.39,Low,Low,Active,79.6,1,189.08,Decreasing
22-08-2024 18:00,NODE_01,Sensor_Node_1_Industry_Zone,121.12,233.55,7.094,500.4,79.54,42.62,22.24,32.3,80.9,4.3,185,Unhealthy,S,1011.9,9.79,Medium,Peak,Active,89.1,0.79,188.18,Stable
22-08-2024 19:00,NODE_01,Sensor_Node_1_Industry_Zone,112.15,227.82,6.183,535,93.07,38.96,22.53,34.4,61.6,3.6,180,Unhealthy,SW,1012.85,9.03,High,High,Active,89.1,0.71,170.42,Decreasing
22-08-2024 20:00,NODE_01,Sensor_Node_1_Industry_Zone,127,215.34,6.675,523.7,102.61,49.59,16.63,33.3,86.1,3,188,Unhealthy,E,1007.65,6.95,Low,Low,Active,58.7,0.74,187.54,Decreasing
22-08-2024 21:00,NODE_01,Sensor_Node_1_Industry_Zone,111.61,213.85,6.897,509.2,88.86,36.51,20.65,32.8,70,3.6,180,Unhealthy,NW,1016.77,3.17,Low,Normal,Active,83.4,0.84,182.04,Stable
22-08-2024 22:00,NODE_01,Sensor_Node_1_Industry_Zone,114.28,216.22,7.033,486.3,97.38,38.08,23.53,30.2,72.9,3.4,181,Unhealthy,N,1010.94,7.82,High,Normal,Active,44.9,0.73,185.34,Decreasing
22-08-2024 23:00,NODE_01,Sensor_Node_1_Industry_Zone,92.13,167.9,5.081,491.2,69.87,29.64,19.53,28.7,83.6,3,170,Unhealthy,SE,1002.2,9.35,Low,High,Active,26.9,0.95,182.83,Increasing
23-08-2024 00:00,NODE_01,Sensor_Node_1_Industry_Zone,102.47,167.87,4.818,484.2,80.92,28.8,17.33,31.1,76.3,1,175,Unhealthy,NE,1012.93,7.06,High,Peak,Active,44.1,0.98,189.61,Decreasing
23-08-2024 01:00,NODE_01,Sensor_Node_1_Industry_Zone,96.89,149.9,4.533,470.7,74.96,35.06,17.75,28.1,84.6,3.7,172,Unhealthy,S,1015.28,7.8,High,High,Active,88.7,0.93,170.54,Stable
23-08-2024 02:00,NODE_01,Sensor_Node_1_Industry_Zone,80.79,166.81,5.652,506.8,71.62,27.24,18.78,32.3,79.5,4.6,164,Unhealthy,S,1012.86,8.14,Low,Normal,Active,93.8,0.72,151.06,Increasing
23-08-2024 03:00,NODE_01,Sensor_Node_1_Industry_Zone,28.04,90.39,2.818,476.4,37.34,8.89,26.65,32.1,68.2,0.5,85,Moderate,NE,1012.78,6.67,Low,Normal,Active,43.3,0.81,78.75,Decreasing
23-08-2024 04:00,NODE_01,Sensor_Node_1_Industry_Zone,29.12,76.91,2.651,489.1,27.58,5.87,24.24,33.3,72.8,1,87,Moderate,W,1013.36,5.25,Low,Normal,Active,24.4,0.94,87.98,Increasing
23-08-2024 05:00,NODE_01,Sensor_Node_1_Industry_Zone,39.31,57.51,2.837,459.9,23.66,10.51,21.6,30.2,69,3.3,110,Unhealthy for Sensitive Groups,SW,1005.68,5.71,High,Peak,Active,46.3,0.87,108.14,Stable
23-08-2024 06:00,NODE_01,Sensor_Node_1_Industry_Zone,162.1,261.82,9.062,560.3,123.09,58.42,17.3,36.2,72.6,4.2,212,Very Unhealthy,SW,1021.19,9.35,High,Normal,Active,81.5,0.76,207.16,Stable
23-08-2024 07:00,NODE_01,Sensor_Node_1_Industry_Zone,153.04,257.49,8.548,542.3,104.37,49.17,11.09,34.2,65.8,3.9,204,Very Unhealthy,SW,1010.04,9.8,High,Normal,Active,34.5,0.83,191.7,Decreasing
23-08-2024 08:00,NODE_01,Sensor_Node_1_Industry_Zone,154.42,260.63,9.477,557.2,116.82,55.82,15.05,36.3,65.6,4.4,500,Hazardous,NE,1020.8,8.58,Medium,Low,Fault,74.4,0.95,537.31,Increasing
23-08-2024 09:00,NODE_01,Sensor_Node_1_Industry_Zone,150.85,271.27,8.434,551.2,130.15,47.76,12.41,36.8,76,3.8,201,Very Unhealthy,SW,1008.68,4.21,Low,High,Active,47,0.96,199.6,Increasing
23-08-2024 10:00,NODE_01,Sensor_Node_1_Industry_Zone,145.54,268.63,8.109,524.1,116.11,51.48,22.2,36.4,69.3,3.8,197,Unhealthy,W,1017.8,5.92,High,Normal,Active,53.7,0.91,197.95,Decreasing
23-08-2024 11:00,NODE_01,Sensor_Node_1_Industry_Zone,143.29,280.53,9.478,539.4,119.54,50.01,15.77,36.7,67.9,4.8,500,Hazardous,S,1013.44,1.62,Medium,Peak,Active,64.9,0.91,473.59,Stable
23-08-2024 12:00,NODE_01,Sensor_Node_1_Industry_Zone,157.14,278.34,8.588,566.6,115.91,42.2,14.05,38.9,66.5,1.3,208,Very Unhealthy,E,1012.6,3.14,Medium,Normal,Active,24.8,0.94,197.79,Decreasing
23-08-2024 13:00,NODE_01,Sensor_Node_1_Industry_Zone,138.46,269.01,9.023,523.5,121.55,49.86,6.24,38.9,67.3,2.4,194,Unhealthy,SW,1006.37,8.71,Medium,High,Active,85.2,0.85,211.29,Decreasing
23-08-2024 14:00,NODE_01,Sensor_Node_1_Industry_Zone,152.14,280.92,8.502,559.6,125,51.66,15.17,36.5,62.5,2.9,203,Very Unhealthy,S,1019.23,1.44,Low,Peak,Active,72.5,0.95,216.53,Increasing
23-08-2024 15:00,NODE_01,Sensor_Node_1_Industry_Zone,125.69,203.07,6.674,519.1,83.79,45.13,22.97,38.9,64.6,5.4,187,Unhealthy,S,1014.51,6.53,High,High,Active,33.2,0.99,199.1,Decreasing
23-08-2024 16:00,NODE_01,Sensor_Node_1_Industry_Zone,122.15,204.87,7.228,512.1,86.59,30.8,13.78,32.5,63.8,3.1,185,Unhealthy,S,1011.46,6.21,High,Peak,Active,21.4,0.8,188.99,Decreasing
23-08-2024 17:00,NODE_01,Sensor_Node_1_Industry_Zone,134.55,229.92,6.382,548.1,93.54,45.75,19.75,34.3,53,3.7,192,Unhealthy,NW,1019.24,1.22,High,Low,Active,83.5,0.81,184.7,Decreasing
23-08-2024 18:00,NODE_01,Sensor_Node_1_Industry_Zone,135.5,193.13,7.138,507.8,97,40.67,16.54,35,67.9,1.8,192,Unhealthy,E,1012.53,2.23,Medium,High,Active,60.1,0.85,209.61,Stable
23-08-2024 19:00,NODE_01,Sensor_Node_1_Industry_Zone,123.29,207.77,6.889,523.9,96.53,38.25,20.1,28.7,78.6,2.1,186,Unhealthy,E,1025.26,6.31,High,Normal,Active,23.2,0.83,191.98,Decreasing
23-08-2024 20:00,NODE_01,Sensor_Node_1_Industry_Zone,117.56,211.99,6.713,502.2,96.23,43.56,19.99,36.3,82.5,3.1,183,Unhealthy,W,1018.1,5.84,Medium,Low,Active,32.9,0.72,170.97,Increasing
23-08-2024 21:00,NODE_01,Sensor_Node_1_Industry_Zone,129.08,219.87,7.267,534.7,92.13,38.99,24.29,30.5,70.6,4.2,189,Unhealthy,SW,1010.02,1.27,Low,Low,Active,68.8,0.82,200.12,Stable
23-08-2024 22:00,NODE_01,Sensor_Node_1_Industry_Zone,144.58,200.37,7.491,518.6,101.98,42.87,24.35,31,72.2,5.7,197,Unhealthy,E,1020.15,5.64,Low,Peak,Active,54,0.89,182.19,Decreasing
23-08-2024 23:00,NODE_01,Sensor_Node_1_Industry_Zone,86.96,154.22,6.384,507.5,55.97,29.75,15.65,33,64.5,3.5,500,Hazardous,SE,1012.37,1.2,High,Peak,Active,88.9,0.85,513.61,Stable
24-08-2024 00:00,NODE_01,Sensor_Node_1_Industry_Zone,66.57,108.26,4.529,507.1,33,25.27,21.82,32.1,76.1,3.7,157,Unhealthy,SE,1024.04,3.62,Medium,Normal,Active,96.2,0.71,170.61,Decreasing
24-08-2024 01:00,NODE_01,Sensor_Node_1_Industry_Zone,51.56,114.9,3.198,442.5,53.56,11.51,31.67,28,77.9,5.4,141,Unhealthy for Sensitive Groups,W,1012.49,3.21,Low,Normal,Active,43.1,0.88,140.47,Increasing
24-08-2024 02:00,NODE_01,Sensor_Node_1_Industry_Zone,62.65,105.57,3.277,486.6,41.3,20.12,12.03,31,76.6,5.3,155,Unhealthy,SE,1011.52,1.68,High,Low,Active,20.9,0.94,165.85,Stable
24-08-2024 03:00,NODE_01,Sensor_Node_1_Industry_Zone,31.76,50.95,1.386,452.9,9.71,13.56,22.27,30.9,69.9,3.8,92,Moderate,W,1012.56,7.06,Low,High,Active,59.5,0.98,90.01,Decreasing
24-08-2024 04:00,NODE_01,Sensor_Node_1_Industry_Zone,26.13,39.07,1.305,446.5,24.17,8.97,26.08,30.6,73.2,0.5,81,Moderate,SE,1014.4,4.86,Low,Normal,Active,25.5,0.91,73.98,Increasing
24-08-2024 05:00,NODE_01,Sensor_Node_1_Industry_Zone,26.28,36.12,1.674,454.8,26.04,8.97,14.62,36.5,73.5,1.3,81,Moderate,N,1021.3,3.23,Medium,High,Active,41.3,0.96,80.78,Decreasing
24-08-2024 06:00,NODE_01,Sensor_Node_1_Industry_Zone,375.62,667.62,17.461,526.3,80.74,74.87,15.55,30.2,70.6,4.3,500,Hazardous,N,1013.76,3.42,Low,High,Active,83.5,0.91,488.87,Stable
24-08-2024 07:00,NODE_01,Sensor_Node_1_Industry_Zone,91.49,171.48,5.743,509.1,83.5,28.94,14.82,35.9,79.2,2.4,170,Unhealthy,SW,1011.36,9.19,Medium,Normal,Fault,78.4,0.97,165.33,Increasing
24-08-2024 08:00,NODE_01,Sensor_Node_1_Industry_Zone,111.16,179.39,6.16,522.1,73.79,32.09,11.71,33.5,65.9,4.5,180,Unhealthy,N,1009.04,5.95,Medium,Low,Active,77.7,0.71,193.77,Increasing
24-08-2024 09:00,NODE_01,Sensor_Node_1_Industry_Zone,110.93,175.41,5.442,564,77.93,36.61,10.66,38.4,74.2,4.9,180,Unhealthy,NE,1016.71,3.28,Low,Normal,Active,22.2,0.88,181.26,Decreasing
24-08-2024 10:00,NODE_01,Sensor_Node_1_Industry_Zone,102.42,161.6,5.801,552,78.08,35.16,21.06,36.5,59.9,5.1,175,Unhealthy,N,1008.67,5.62,High,Normal,Active,56.8,0.9,186.27,Increasing
24-08-2024 11:00,NODE_01,Sensor_Node_1_Industry_Zone,99.8,157.86,6.334,565.4,76.44,33,12.16,37,63.8,4,174,Unhealthy,NW,1004.99,4.41,High,Low,Active,34.1,0.74,178.31,Increasing
24-08-2024 12:00,NODE_01,Sensor_Node_1_Industry_Zone,111.64,171.89,5.163,545.6,82.22,32.66,23.35,39.2,59.7,1.9,180,Unhealthy,SW,1006.35,9.06,Medium,Normal,Active,90.2,0.71,179.9,Stable
24-08-2024 13:00,NODE_01,Sensor_Node_1_Industry_Zone,95.69,177.61,4.943,559.4,82.79,34.78,12.62,38.1,63.1,2.4,172,Unhealthy,NW,1009.21,3.04,Low,Peak,Active,83.9,0.74,161.48,Increasing
24-08-2024 14:00,NODE_01,Sensor_Node_1_Industry_Zone,105.69,173.51,6.549,554.8,81.05,26.32,14.57,35.9,65.7,4.8,177,Unhealthy,NW,1011.25,2.49,Low,Peak,Active,26.4,0.82,170.53,Increasing
24-08-2024 15:00,NODE_01,Sensor_Node_1_Industry_Zone,74.53,144.97,5.163,487,61.56,30.07,25.93,34.5,65.6,2.6,161,Unhealthy,NE,1018.32,9.08,Low,High,Active,75.4,0.86,163.02,Increasing
24-08-2024 16:00,NODE_01,Sensor_Node_1_Industry_Zone,72.8,116.62,4.185,485.4,61.56,29.79,12.1,36.4,74.1,3.2,160,Unhealthy,S,1008.54,2.88,High,Low,Active,65.9,0.77,156.73,Decreasing
24-08-2024 17:00,NODE_01,Sensor_Node_1_Industry_Zone,80.06,137.55,4.581,506,61.76,28.25,30.35,35.2,79.5,2.4,164,Unhealthy,N,1019.18,1.02,High,Peak,Active,41.3,0.79,149.71,Decreasing
24-08-2024 18:00,NODE_01,Sensor_Node_1_Industry_Zone,81.27,121.22,4.812,479.9,55.11,26.65,24.37,36.1,70.6,2.1,164,Unhealthy,NW,1002.17,5.49,High,High,Active,84.3,0.77,176.5,Increasing
24-08-2024 19:00,NODE_01,Sensor_Node_1_Industry_Zone,81.33,143.99,4.245,512.7,57.94,27.95,21.15,34.3,75.6,3.9,164,Unhealthy,W,1027.81,9.09,Medium,High,Active,96.4,0.99,175.79,Decreasing
24-08-2024 20:00,NODE_01,Sensor_Node_1_Industry_Zone,67.89,162.06,4.514,526.1,58.87,23.4,20.82,33.6,77.8,2.9,157,Unhealthy,E,1002.48,2.61,Low,Peak,Active,23.5,0.85,156.86,Stable
24-08-2024 21:00,NODE_01,Sensor_Node_1_Industry_Zone,75.74,151.39,4.483,504.5,59.19,30.53,13.45,29.6,79.5,1.2,500,Hazardous,SW,1013.19,8.51,Medium,Peak,Maintenance,58.3,0.8,509.37,Increasing
24-08-2024 22:00,NODE_01,Sensor_Node_1_Industry_Zone,71.35,158.45,4.838,491.3,52.1,24.76,22.06,31.4,84,4.4,159,Unhealthy,SE,1010.69,9.58,High,High,Active,52.9,0.79,159.39,Increasing
24-08-2024 23:00,NODE_01,Sensor_Node_1_Industry_Zone,48.14,122.4,3.674,532.9,50.13,23.83,21.02,29,72.5,1.3,132,Unhealthy for Sensitive Groups,NE,1007.29,8.74,Medium,Low,Active,97.1,0.8,142.03,Decreasing
25-08-2024 00:00,NODE_01,Sensor_Node_1_Industry_Zone,45.91,89.38,3.335,503.7,45.75,19.37,15.87,30,85.9,2.4,127,Unhealthy for Sensitive Groups,SW,1016.06,8.01,Low,High,Active,62.8,0.98,132.66,Stable
25-08-2024 01:00,NODE_01,Sensor_Node_1_Industry_Zone,61.3,111.98,3.382,489.3,41.57,21.67,19.3,29.9,72.7,2.5,154,Unhealthy,S,1018.34,3.62,Medium,Peak,Active,53.6,0.8,155.73,Stable
25-08-2024 02:00,NODE_01,Sensor_Node_1_Industry_Zone,64.92,87.03,4.361,513.6,32.5,16.45,23.19,28.6,76.4,5.1,156,Unhealthy,N,1010.97,4.08,Medium,High,Active,25,0.79,146.91,Decreasing
25-08-2024 03:00,NODE_01,Sensor_Node_1_Industry_Zone,28.44,40.64,1.725,434,3.4,12.12,29.88,34.9,63,0.6,85,Moderate,SE,1019.26,2.41,High,High,Active,42.8,0.92,93.29,Stable
25-08-2024 04:00,NODE_01,Sensor_Node_1_Industry_Zone,31.03,15.66,2.334,455.3,12.45,11.31,22.23,32.5,76.2,2.7,91,Moderate,E,1012.38,5.62,Low,Peak,Active,25.4,0.78,92.66,Stable
25-08-2024 05:00,NODE_01,Sensor_Node_1_Industry_Zone,114.83,170.99,3.85,421.1,14.24,31,26.79,34.5,72.3,3,182,Unhealthy,S,1005.62,8.45,Low,Normal,Active,68.3,0.85,188.3,Increasing
25-08-2024 06:00,NODE_01,Sensor_Node_1_Industry_Zone,114.81,166.48,6,505.6,72.19,35.06,15.04,34.7,77.6,4.1,182,Unhealthy,SW,1011.52,5.47,Medium,Peak,Active,79.9,0.74,188.57,Stable
25-08-2024 07:00,NODE_01,Sensor_Node_1_Industry_Zone,104.58,164.95,5.362,565.4,81.99,29.6,16.32,32.9,67.6,0.5,176,Unhealthy,E,1008.84,8.41,Medium,High,Active,65.8,0.91,192.62,Decreasing
25-08-2024 08:00,NODE_01,Sensor_Node_1_Industry_Zone,104.39,176.54,5.882,525.1,68.83,36.56,24.47,36.8,68,4.1,176,Unhealthy,N,1014.76,5.32,High,Low,Active,93.5,0.71,191.56,Increasing
25-08-2024 09:00,NODE_01,Sensor_Node_1_Industry_Zone,109.9,164.55,5.55,535,75.73,36.42,9.48,35.9,69,2,179,Unhealthy,NE,1009.6,4.14,Low,High,Active,67.4,0.89,189.98,Decreasing
25-08-2024 10:00,NODE_01,Sensor_Node_1_Industry_Zone,93.78,148.42,5.474,533.1,79.96,23.6,19.27,36.7,64.8,2.4,171,Unhealthy,S,1011.55,2.14,Low,Low,Active,54.2,0.79,156.19,Increasing
25-08-2024 11:00,NODE_01,Sensor_Node_1_Industry_Zone,107.87,163.63,5.647,529,66.39,32.63,12.7,38,76.5,1,178,Unhealthy,N,1005.49,1.12,Medium,High,Active,43.2,0.97,171.34,Increasing
25-08-2024 12:00,NODE_01,Sensor_Node_1_Industry_Zone,97.92,174.7,5.741,530.9,64.84,35.29,11.53,40.2,63.8,3.6,173,Unhealthy,N,1018.42,4.18,Medium,High,Fault,46.3,0.98,160.49,Decreasing
25-08-2024 13:00,NODE_01,Sensor_Node_1_Industry_Zone,95.97,160.77,5.486,552.2,69.32,34.95,20.14,38.9,67.6,0.9,172,Unhealthy,NE,1009.87,8.4,Medium,Low,Maintenance,38.8,1,167.5,Decreasing
25-08-2024 14:00,NODE_01,Sensor_Node_1_Industry_Zone,85.67,155.95,5.146,534.2,76.66,28,15.14,38.5,60.8,2.2,167,Unhealthy,NE,1005.58,4.11,High,Low,Active,81,0.98,153.79,Increasing
25-08-2024 15:00,NODE_01,Sensor_Node_1_Industry_Zone,73.53,143.11,5.279,494.5,53.41,25.28,18.74,35.9,79.6,6.6,160,Unhealthy,N,1027.79,8.37,High,Low,Active,34.2,0.93,155.93,Decreasing
25-08-2024 16:00,NODE_01,Sensor_Node_1_Industry_Zone,84.39,127.06,3.976,514.7,64.22,33.57,18.78,35.6,63.1,2.3,166,Unhealthy,NE,1003.52,7.21,Medium,Normal,Active,33.8,0.89,179.28,Decreasing
25-08-2024 17:00,NODE_01,Sensor_Node_1_Industry_Zone,266.3,446.91,10.644,491.4,73.01,57.25,15.37,34.8,68.5,0.7,325,Hazardous,S,1015.04,4.95,Low,Low,Active,26.5,0.79,325.55,Decreasing
25-08-2024 18:00,NODE_01,Sensor_Node_1_Industry_Zone,75.09,126.81,4.465,522.4,65.93,30.58,21.02,31.1,65.7,5.4,500,Hazardous,NW,999.02,1.38,High,Low,Active,45.3,0.77,466.01,Increasing
25-08-2024 19:00,NODE_01,Sensor_Node_1_Industry_Zone,78.82,138.92,4.685,520.1,59.37,26.56,24.03,32.8,73.4,4.6,163,Unhealthy,W,1013.85,7.39,Medium,Normal,Active,48.1,0.88,161.79,Increasing
25-08-2024 20:00,NODE_01,Sensor_Node_1_Industry_Zone,71.22,163.18,4.071,504,66.37,30.33,11.38,30.4,76.7,2.6,159,Unhealthy,NE,1013.13,6.11,High,Peak,Active,66.5,0.74,145.12,Decreasing
25-08-2024 21:00,NODE_01,Sensor_Node_1_Industry_Zone,98.84,104.45,4.7,522.3,58.47,22.81,19.2,29.8,87.5,4.5,173,Unhealthy,S,1010.49,5.19,High,Peak,Active,79.6,0.99,159.38,Decreasing
25-08-2024 22:00,NODE_01,Sensor_Node_1_Industry_Zone,92.21,147.53,4.704,503.9,61.01,32.77,22.74,30.8,82.7,4.8,170,Unhealthy,N,1003.82,9.79,High,Low,Maintenance,65.9,0.98,159.7,Stable
25-08-2024 23:00,NODE_01,Sensor_Node_1_Industry_Zone,64.42,110.98,3.924,493.5,44.09,17.46,17.46,27.7,72.3,2.2,156,Unhealthy,SE,1006.85,7.74,Low,Peak,Active,66,0.93,163.47,Increasing
26-08-2024 00:00,NODE_01,Sensor_Node_1_Industry_Zone,104.9,157.39,5.497,495.5,81.67,27.94,19.69,29.8,84.8,4.5,177,Unhealthy,N,1007.16,4.11,Low,Low,Active,91.7,0.82,168.03,Decreasing
26-08-2024 01:00,NODE_01,Sensor_Node_1_Industry_Zone,103.15,162.09,5.29,511.8,73.97,27.3,25.79,29.8,75.8,2.7,176,Unhealthy,W,1004.96,4.07,Low,Low,Active,49.4,0.83,185.41,Increasing
26-08-2024 02:00,NODE_01,Sensor_Node_1_Industry_Zone,95.51,168.87,4.985,497.5,80.01,26.41,23.05,29.3,83.3,3.5,172,Unhealthy,SW,1006.31,6.53,Medium,Low,Maintenance,95.3,0.76,185.75,Decreasing
26-08-2024 03:00,NODE_01,Sensor_Node_1_Industry_Zone,46.6,81.99,2.593,458.2,36.29,8.62,25.97,31.7,73.8,4.5,128,Unhealthy for Sensitive Groups,NW,1020.61,2.39,Low,Normal,Active,33.3,0.89,122.66,Decreasing
26-08-2024 04:00,NODE_01,Sensor_Node_1_Industry_Zone,35.13,65.74,1.83,414.3,34.85,12.5,25.24,30.5,73.9,10,99,Moderate,N,1014.35,5.87,Medium,Peak,Active,23.2,0.77,97.91,Decreasing
26-08-2024 05:00,NODE_01,Sensor_Node_1_Industry_Zone,47.27,69.41,1.622,457.7,20.61,8.84,19.75,32.7,71.4,1.1,130,Unhealthy for Sensitive Groups,N,1019.98,6.02,Medium,Low,Active,74,0.82,119.09,Increasing
26-08-2024 06:00,NODE_01,Sensor_Node_1_Industry_Zone,162.04,277.68,8.873,532.4,113.54,49.16,9,32.6,77.2,2.7,212,Very Unhealthy,S,1006.07,6.93,High,Peak,Active,32,0.85,210.48,Decreasing
26-08-2024 07:00,NODE_01,Sensor_Node_1_Industry_Zone,156.41,260.94,8.756,535.3,112.98,51.48,16.15,34.3,78,3.2,207,Very Unhealthy,SE,1009.41,8.66,Low,Peak,Active,75.8,0.78,222.59,Stable
26-08-2024 08:00,NODE_01,Sensor_Node_1_Industry_Zone,158.46,276.66,9.888,554.7,113.5,51.97,19.13,34.5,67.3,6.9,209,Very Unhealthy,NE,1001.58,6.94,High,Peak,Active,65.6,0.93,229.7,Stable
26-08-2024 09:00,NODE_01,Sensor_Node_1_Industry_Zone,162.8,240.47,8.335,537.8,120.08,44.97,15.37,38.6,68.2,2.1,213,Very Unhealthy,E,1004.86,9.13,Medium,Low,Active,37.2,0.79,223.86,Increasing
26-08-2024 10:00,NODE_01,Sensor_Node_1_Industry_Zone,147.52,277.88,9.145,519.7,111.99,56.66,11.38,38.9,63.9,2.3,199,Unhealthy,W,1010.25,1.19,Medium,Normal,Maintenance,51.4,0.71,188.56,Decreasing
26-08-2024 11:00,NODE_01,Sensor_Node_1_Industry_Zone,153.97,245.52,9.003,528,124.58,43.98,18.83,35.8,64.1,3.5,204,Very Unhealthy,S,1009.48,6.45,High,High,Active,60.5,0.96,187.27,Decreasing
26-08-2024 12:00,NODE_01,Sensor_Node_1_Industry_Zone,143.28,264.29,8.097,569.8,120.41,50.95,23.37,38.2,67.3,1.7,196,Unhealthy,N,1022.66,1.28,Medium,Normal,Active,52.4,0.89,181.87,Decreasing
26-08-2024 13:00,NODE_01,Sensor_Node_1_Industry_Zone,155.05,263,9.365,546,116.8,44.8,23.49,36.9,72.1,1.5,206,Very Unhealthy,SW,1012.65,8.57,High,Peak,Active,95.1,0.89,189.31,Increasing
26-08-2024 14:00,NODE_01,Sensor_Node_1_Industry_Zone,164.02,269.56,9.628,537.7,122.53,43.35,13.5,35.6,64.6,4.5,214,Very Unhealthy,N,1010.41,2.14,Medium,Normal,Maintenance,90.4,0.97,193.94,Stable
26-08-2024 15:00,NODE_01,Sensor_Node_1_Industry_Zone,126.97,200.81,7.611,539.4,101.17,38.94,7.77,37.7,67,2.2,188,Unhealthy,E,1014.76,5.43,Medium,High,Active,74.4,0.77,205.19,Increasing
26-08-2024 16:00,NODE_01,Sensor_Node_1_Industry_Zone,134.68,196.88,7.402,519.7,91.58,42.9,26.56,35.6,67.5,2.7,192,Unhealthy,NE,1012.16,1.97,Medium,High,Active,42.1,0.79,192.16,Stable
26-08-2024 17:00,NODE_01,Sensor_Node_1_Industry_Zone,128.18,208.52,6.059,501.8,86.1,43.06,17.18,34.6,70.4,3.8,189,Unhealthy,NW,1005.49,6.79,Medium,High,Active,20.6,0.78,177.48,Decreasing
26-08-2024 18:00,NODE_01,Sensor_Node_1_Industry_Zone,133.59,235.45,7.51,515.3,105.38,37.6,14.04,33.1,75.1,1.8,191,Unhealthy,SE,1008.24,5.94,High,Low,Active,98.3,0.92,179.39,Increasing
26-08-2024 19:00,NODE_01,Sensor_Node_1_Industry_Zone,117.1,219.54,6.409,499,102.6,45.04,20.27,33.4,70.4,2.2,183,Unhealthy,SW,1020.39,1.36,Low,Peak,Active,98.7,0.92,191.32,Decreasing
26-08-2024 20:00,NODE_01,Sensor_Node_1_Industry_Zone,111.09,216.33,7.192,499,105.06,42.75,21.86,31.3,75,4.2,180,Unhealthy,N,1019.82,7.76,Medium,Low,Active,46.3,0.86,163.97,Increasing
26-08-2024 21:00,NODE_01,Sensor_Node_1_Industry_Zone,128.22,209.95,6.916,527.2,85.23,44.02,11.9,32.1,72.4,1.2,189,Unhealthy,E,1013.54,5.79,High,Normal,Active,90.5,0.83,183.43,Stable
26-08-2024 22:00,NODE_01,Sensor_Node_1_Industry_Zone,127.01,225.5,7.245,494.2,87.8,37.41,8.92,32.2,77.9,2.4,188,Unhealthy,SW,1018.12,5.08,Low,Low,Active,63.5,0.96,173.74,Increasing
26-08-2024 23:00,NODE_01,Sensor_Node_1_Industry_Zone,83.32,163.11,4.963,454.3,61.01,28.45,25.29,30.7,78.6,3.2,165,Unhealthy,SW,1021.86,9.04,High,Low,Active,85.7,0.91,164.24,Decreasing
27-08-2024 00:00,NODE_01,Sensor_Node_1_Industry_Zone,94.19,157.93,5.942,513.1,78.64,29.25,15.78,31.5,69.8,0.3,171,Unhealthy,N,1009.35,8.06,High,High,Fault,95.2,0.97,186.68,Stable
27-08-2024 01:00,NODE_01,Sensor_Node_1_Industry_Zone,107.98,159.99,4.846,468.4,61.62,30.8,20.77,28.3,75.7,3.4,178,Unhealthy,W,1013.11,8.84,Low,Peak,Active,46,0.78,164.38,Increasing
27-08-2024 02:00,NODE_01,Sensor_Node_1_Industry_Zone,91.96,154.3,4.732,485.2,67.66,31.51,21.64,31.7,74.3,2,500,Hazardous,E,1013.33,2.84,High,High,Active,84.5,0.77,522.25,Stable
27-08-2024 03:00,NODE_01,Sensor_Node_1_Industry_Zone,23.62,51,2.218,451.9,25.68,10.45,23.04,33.3,76.2,2,75,Moderate,NW,1007.04,5.42,Low,Low,Active,77.5,0.77,79.36,Increasing
27-08-2024 04:00,NODE_01,Sensor_Node_1_Industry_Zone,121.3,232.11,6.6,448.7,23.51,21.75,28.67,30.3,72.2,1.6,185,Unhealthy,NW,1014.68,4.32,Medium,High,Active,72.7,0.9,193.18,Increasing
27-08-2024 05:00,NODE_01,Sensor_Node_1_Industry_Zone,43.28,62.59,2.064,471.3,26.24,13.8,37.11,31.7,74.7,2.8,120,Unhealthy for Sensitive Groups,NE,1005.14,3.87,Medium,Peak,Active,32.9,0.86,128.89,Stable
27-08-2024 06:00,NODE_01,Sensor_Node_1_Industry_Zone,154.33,253.69,9.139,507.9,130.18,57.25,14.35,35.6,70.2,4.4,205,Very Unhealthy,E,1012.61,3.72,High,Low,Active,99.3,0.89,198.35,Stable
27-08-2024 07:00,NODE_01,Sensor_Node_1_Industry_Zone,154.08,257.86,9.353,540.2,117.48,44.43,16.3,33.3,70.8,2.6,205,Very Unhealthy,N,1010.39,3.54,High,Low,Fault,45.5,0.72,209.73,Stable
27-08-2024 08:00,NODE_01,Sensor_Node_1_Industry_Zone,152.82,257.1,8.44,526.8,127.9,57.35,10.77,36.6,63.5,3.1,203,Very Unhealthy,S,1014.58,6.47,Medium,High,Active,88.3,0.87,200.91,Increasing
27-08-2024 09:00,NODE_01,Sensor_Node_1_Industry_Zone,148.57,281.38,8.634,546.1,114.8,54.18,14.29,36.5,63.8,2.2,199,Unhealthy,SW,1003.87,5.95,Low,Peak,Active,65.8,0.81,202.87,Increasing
27-08-2024 10:00,NODE_01,Sensor_Node_1_Industry_Zone,158.83,296.93,8.818,535.7,117.42,51.44,14.51,36.9,67.3,2.2,209,Very Unhealthy,NE,1008.87,1.55,High,Peak,Active,33.4,0.96,205.9,Increasing
27-08-2024 11:00,NODE_01,Sensor_Node_1_Industry_Zone,139.99,259.1,8.486,552.3,112.45,48.94,5.26,39.4,59.7,4.8,195,Unhealthy,E,1023.3,3.81,High,High,Active,52.3,0.79,212.94,Stable
27-08-2024 12:00,NODE_01,Sensor_Node_1_Industry_Zone,160.25,250.45,9.223,520.3,119.23,47.26,10.92,38.1,61.7,1.7,211,Very Unhealthy,S,1011.19,4.16,High,High,Maintenance,22.4,0.98,192.38,Stable
27-08-2024 13:00,NODE_01,Sensor_Node_1_Industry_Zone,170.15,253.42,8.951,543,119.77,54.05,7.65,39.3,60.7,4,220,Very Unhealthy,SE,1012.41,2.02,Medium,Peak,Active,88.7,0.92,232.51,Stable
27-08-2024 14:00,NODE_01,Sensor_Node_1_Industry_Zone,147.61,254.24,8.448,534.9,126.46,45.94,13.53,38.9,70.5,5.2,500,Hazardous,NW,1007.98,6.02,Medium,Peak,Active,29.5,0.92,539.65,Decreasing
27-08-2024 15:00,NODE_01,Sensor_Node_1_Industry_Zone,119.2,234.94,8.019,540.6,89.39,47.59,14.71,34.4,68.4,3.4,184,Unhealthy,SE,1012.27,7.44,Low,Peak,Active,20.6,0.91,182.45,Decreasing
27-08-2024 16:00,NODE_01,Sensor_Node_1_Industry_Zone,122.61,216.88,7.434,518.5,92.01,37.36,18.96,35.8,69,1.6,186,Unhealthy,W,1014.28,2.22,High,Low,Active,81.8,0.77,184.78,Increasing
27-08-2024 17:00,NODE_01,Sensor_Node_1_Industry_Zone,131.57,215.46,8.481,496.1,101.72,39.12,18.1,33.1,81.7,5.6,190,Unhealthy,E,1009.15,3.19,Medium,Normal,Active,40.9,0.79,192.75,Stable
27-08-2024 18:00,NODE_01,Sensor_Node_1_Industry_Zone,111.21,203.81,7.374,512.9,97.21,48.73,20.92,33.3,68.1,1.6,180,Unhealthy,NE,1010.5,5.39,Medium,Peak,Active,64.9,0.97,184.39,Decreasing
27-08-2024 19:00,NODE_01,Sensor_Node_1_Industry_Zone,117.08,214.46,7.432,523.6,95,41.12,31.08,31.9,73.3,2.7,183,Unhealthy,N,1011,2.58,High,Low,Active,31.3,0.95,174.46,Stable
27-08-2024 20:00,NODE_01,Sensor_Node_1_Industry_Zone,116.01,202.58,6.575,491.5,94.94,43.16,14.54,29,75.7,1.7,182,Unhealthy,SE,1013.77,9.01,Low,Normal,Active,96.8,0.98,177.07,Increasing
27-08-2024 21:00,NODE_01,Sensor_Node_1_Industry_Zone,126.96,204.32,6.613,502.5,88.55,38.28,17.14,31.3,71.2,7.8,188,Unhealthy,S,1018.78,3.68,Low,Peak,Active,54.3,0.8,170.99,Stable
27-08-2024 22:00,NODE_01,Sensor_Node_1_Industry_Zone,122.08,200.1,6.29,525.5,89.44,33.39,21.2,30.2,79.9,1.2,185,Unhealthy,W,1007.98,7.82,High,Low,Active,48.4,0.81,188.7,Stable
27-08-2024 23:00,NODE_01,Sensor_Node_1_Industry_Zone,95.75,144.28,5.841,457.6,67.78,28.39,16.92,32,79.6,2.4,172,Unhealthy,S,1016.84,5.66,Low,Normal,Active,58,0.99,163.72,Decreasing
28-08-2024 00:00,NODE_01,Sensor_Node_1_Industry_Zone,109.63,152.92,4.978,511.4,58.12,35.79,16.81,30.8,75.1,5.2,179,Unhealthy,NW,1016.83,6.39,Low,High,Active,60.6,0.96,171.87,Stable
28-08-2024 01:00,NODE_01,Sensor_Node_1_Industry_Zone,79.81,126.72,4.798,512.9,73.34,32.1,25.45,30.8,78.7,2.4,164,Unhealthy,S,1013.53,7.34,High,Normal,Active,87.6,0.95,149.44,Stable
28-08-2024 02:00,NODE_01,Sensor_Node_1_Industry_Zone,92.27,171.16,4.994,516.2,72.6,25.64,19.83,28.5,77.7,2.2,170,Unhealthy,SE,1018.49,2.62,Medium,Peak,Active,82.1,0.78,157.51,Increasing
28-08-2024 03:00,NODE_01,Sensor_Node_1_Industry_Zone,35.47,55.42,2.15,439.8,19.46,12.69,20.07,32.6,82.7,4.2,500,Hazardous,E,1012.59,5.78,High,High,Active,94,0.89,460.66,Decreasing
28-08-2024 04:00,NODE_01,Sensor_Node_1_Industry_Zone,37.37,48.29,2.833,475.6,36.36,9.54,18.82,31.5,89.9,2.7,106,Unhealthy for Sensitive Groups,SW,1012.65,3.28,Medium,Low,Active,49.5,0.86,112.32,Stable
28-08-2024 05:00,NODE_01,Sensor_Node_1_Industry_Zone,29.08,79.72,1.61,442,23.11,9.24,28.68,31.3,75.3,1.2,87,Moderate,SE,1010.96,1.98,High,Low,Active,90.4,0.89,80.5,Decreasing
28-08-2024 06:00,NODE_01,Sensor_Node_1_Industry_Zone,148.1,270.68,8.947,541.7,115.97,49.21,15.89,36.2,75.2,2.4,199,Unhealthy,NE,1010.38,8.64,High,High,Active,79.7,0.98,207.76,Increasing
28-08-2024 07:00,NODE_01,Sensor_Node_1_Industry_Zone,152.95,253.12,8.562,507.3,117.52,58.67,16.98,36.1,76.2,1.7,203,Very Unhealthy,NW,1010.74,3.97,Low,Normal,Active,64.8,0.77,222.31,Decreasing
28-08-2024 08:00,NODE_01,Sensor_Node_1_Industry_Zone,142.83,268.76,8.988,525.6,125.64,47.29,30.24,36.6,68.9,2.8,196,Unhealthy,NE,1000.84,7.91,Medium,Low,Active,76.3,0.79,208.17,Decreasing
28-08-2024 09:00,NODE_01,Sensor_Node_1_Industry_Zone,169.51,259.93,8.869,545.1,116.13,56,18.18,37.6,70.5,3.1,220,Very Unhealthy,E,1015.6,7.51,Medium,Normal,Active,52.7,0.98,231.49,Stable
28-08-2024 10:00,NODE_01,Sensor_Node_1_Industry_Zone,155.89,250.26,9.403,504.3,135.24,50.25,11.72,38.4,70.6,7,500,Hazardous,S,1010.07,6.36,Low,High,Active,91,0.86,493.1,Stable
28-08-2024 11:00,NODE_01,Sensor_Node_1_Industry_Zone,170.37,290.95,8.295,536.1,111.23,53.37,23.08,35.9,65.8,4.5,221,Very Unhealthy,NW,1003.19,6.5,Medium,Low,Active,34.3,0.91,200.32,Decreasing
28-08-2024 12:00,NODE_01,Sensor_Node_1_Industry_Zone,157.28,282.46,8.749,538.9,120.36,49.32,17.5,39.9,78.8,2.8,208,Very Unhealthy,SE,1017.82,5.64,Medium,Normal,Active,68,0.9,197.89,Decreasing
28-08-2024 13:00,NODE_01,Sensor_Node_1_Industry_Zone,150.09,278.16,8.713,522.5,126.16,50.2,22.42,39,68.7,4.5,200,Unhealthy,NW,1006.15,4.62,Medium,Low,Active,86.6,0.71,204.91,Decreasing
28-08-2024 14:00,NODE_01,Sensor_Node_1_Industry_Zone,161.41,260.34,9.171,568,117.92,48.42,12.89,38.7,65.4,1,212,Very Unhealthy,E,1017.16,1.21,Low,Normal,Active,66.5,0.71,197.94,Stable
28-08-2024 15:00,NODE_01,Sensor_Node_1_Industry_Zone,126.1,208.77,7.755,518.5,104.08,45.89,17.96,38.8,65.7,1.1,187,Unhealthy,NW,1007.55,6.35,Medium,High,Active,42.1,0.74,186.55,Increasing
28-08-2024 16:00,NODE_01,Sensor_Node_1_Industry_Zone,127.95,217.02,7.425,491.3,80.15,35.79,20.9,37,75.8,1,188,Unhealthy,W,1017.75,5.92,High,Normal,Active,88.1,0.8,178.4,Stable
28-08-2024 17:00,NODE_01,Sensor_Node_1_Industry_Zone,119.96,231.94,6.813,537,92.32,46.62,19.31,35.3,65.9,3.1,184,Unhealthy,SW,1023.39,7.48,High,Low,Active,57.5,0.97,185.81,Decreasing
28-08-2024 18:00,NODE_01,Sensor_Node_1_Industry_Zone,127.3,216.15,6.838,527.9,93.61,40.55,22.85,34.4,72.1,2.1,188,Unhealthy,N,1002.43,3.21,High,Peak,Active,27.4,0.87,185.65,Decreasing
28-08-2024 19:00,NODE_01,Sensor_Node_1_Industry_Zone,134.69,201.66,7.244,528.3,88.87,55.07,19.31,33.2,65.8,2.5,192,Unhealthy,NE,1010.47,5.11,High,Normal,Active,67.6,0.77,188.08,Increasing
28-08-2024 20:00,NODE_01,Sensor_Node_1_Industry_Zone,134.17,229.77,7.167,493.9,92.14,46.01,15.88,30.6,72.7,2.4,192,Unhealthy,N,1017.74,7.57,Medium,Low,Active,59.4,0.95,177.99,Stable
28-08-2024 21:00,NODE_01,Sensor_Node_1_Industry_Zone,120.86,215.17,6.82,506.2,99.36,35.11,19.3,31.9,79.7,4.2,185,Unhealthy,N,1013.68,8.65,Medium,Normal,Active,75.7,0.74,181.65,Decreasing
28-08-2024 22:00,NODE_01,Sensor_Node_1_Industry_Zone,128.95,200.47,7.851,494.5,96.67,37.6,9.81,29.7,76.5,2.8,189,Unhealthy,SW,1013.69,5.71,Medium,High,Active,22.7,0.82,172.9,Increasing
28-08-2024 23:00,NODE_01,Sensor_Node_1_Industry_Zone,103.5,140.15,4.723,504.5,75.52,27.81,14.93,31.6,70.4,4.6,176,Unhealthy,NW,1017.49,6.52,Low,Normal,Active,82.2,0.89,167.28,Stable
29-08-2024 00:00,NODE_01,Sensor_Node_1_Industry_Zone,76.39,172.95,6.566,492.6,70.32,30.42,21.92,28.9,71.3,1.2,162,Unhealthy,SE,1007.27,3.5,Low,Low,Active,63.4,0.82,160.25,Stable
29-08-2024 01:00,NODE_01,Sensor_Node_1_Industry_Zone,89.58,140.75,5.156,466.6,75.26,16.47,14.96,32.3,76.5,1.7,169,Unhealthy,SW,1004.3,5.08,Low,Low,Active,36.3,0.96,177.92,Stable
29-08-2024 02:00,NODE_01,Sensor_Node_1_Industry_Zone,87.38,174.93,5.09,475.7,75.16,22.52,19.37,29.8,75.4,4.7,167,Unhealthy,E,1007.72,5.47,High,High,Active,21.2,0.88,169.22,Decreasing
29-08-2024 03:00,NODE_01,Sensor_Node_1_Industry_Zone,34.59,72.93,2.072,457.9,34.64,14.04,30.24,27.7,76.4,1.8,98,Moderate,N,1020,2.29,Low,Peak,Active,97.2,0.91,91.57,Increasing
29-08-2024 04:00,NODE_01,Sensor_Node_1_Industry_Zone,40.27,79.31,2.128,458.3,36.56,17.97,30.81,34,72,6.9,113,Unhealthy for Sensitive Groups,N,1007.42,1.62,Medium,Low,Active,68.7,0.86,105.65,Decreasing
29-08-2024 05:00,NODE_01,Sensor_Node_1_Industry_Zone,35.38,31.87,1.707,468.4,25.17,14.19,26.2,34.8,61.4,5.2,100,Moderate,S,1002.79,2.67,High,Low,Active,24.8,0.72,96.66,Increasing
29-08-2024 06:00,NODE_01,Sensor_Node_1_Industry_Zone,156.82,270.71,8.531,558.3,107.81,54.66,5.22,32.6,71.2,3.2,207,Very Unhealthy,S,1018.94,8.51,Low,Peak,Active,45,0.87,220.39,Stable
29-08-2024 07:00,NODE_01,Sensor_Node_1_Industry_Zone,155.74,276.55,9.912,553.6,112.45,46.11,13.9,38.3,70.7,0.7,206,Very Unhealthy,N,1008.93,5.32,Medium,Peak,Active,92.7,0.79,212.42,Decreasing
29-08-2024 08:00,NODE_01,Sensor_Node_1_Industry_Zone,154.72,285.31,8.378,550.7,121.21,54.23,20.26,35.9,60.7,3.6,205,Very Unhealthy,SE,1009.31,2.07,High,Peak,Active,61.7,0.73,224.19,Increasing
29-08-2024 09:00,NODE_01,Sensor_Node_1_Industry_Zone,149.48,248.88,8.316,512.7,112.23,54.19,22.58,33.7,60.5,2.4,200,Unhealthy,W,1003.64,9.62,Low,Peak,Active,47,0.97,193.72,Increasing
29-08-2024 10:00,NODE_01,Sensor_Node_1_Industry_Zone,152.22,260.44,9.217,506.3,113.96,55.87,23.02,40,69.2,3.4,203,Very Unhealthy,N,1015.18,2.23,High,High,Active,26.4,0.98,218.54,Increasing
29-08-2024 11:00,NODE_01,Sensor_Node_1_Industry_Zone,148.76,258.57,9.876,497.1,121.6,52.99,17.87,38.5,69.3,0.4,199,Unhealthy,W,1015.41,6.23,Medium,Normal,Active,38.6,0.92,208.09,Decreasing
29-08-2024 12:00,NODE_01,Sensor_Node_1_Industry_Zone,158.56,261.37,8.824,516.5,122.73,55.61,24.72,36.8,55.7,3.6,209,Very Unhealthy,NE,1008.7,5.85,Medium,Low,Active,65.7,0.84,205.65,Increasing
29-08-2024 13:00,NODE_01,Sensor_Node_1_Industry_Zone,157.01,235.13,9.504,543.8,104.15,51.62,16.47,38.6,71,2.8,207,Very Unhealthy,E,1004.84,2.89,Medium,High,Active,41.3,0.87,201.34,Stable
29-08-2024 14:00,NODE_01,Sensor_Node_1_Industry_Zone,153.29,261.86,8.784,560,105.48,49.23,14.94,37.3,60.9,3.4,204,Very Unhealthy,SE,1000.65,2.2,Low,Normal,Active,93,0.97,201.57,Decreasing
29-08-2024 15:00,NODE_01,Sensor_Node_1_Industry_Zone,140.33,221.76,7.549,515.7,105.02,42.58,17.45,39.6,59.9,0.3,195,Unhealthy,W,1015.41,9.29,Low,Low,Active,56.8,0.82,195.04,Increasing
29-08-2024 16:00,NODE_01,Sensor_Node_1_Industry_Zone,117.34,252.15,7.503,468.4,101.21,36.23,15.53,39.8,78.9,2.1,183,Unhealthy,W,1027.58,2.11,Low,Peak,Active,72.4,0.95,180.57,Stable
29-08-2024 17:00,NODE_01,Sensor_Node_1_Industry_Zone,139.18,215.86,7.602,509.6,107.23,42.28,25.85,33.9,67.9,1.1,194,Unhealthy,SW,1014.43,3.65,Low,High,Active,53.6,0.9,186.26,Decreasing
29-08-2024 18:00,NODE_01,Sensor_Node_1_Industry_Zone,131.58,227.75,7.048,527.6,108.37,44.5,21.66,35.9,82.1,5.4,190,Unhealthy,S,1015.65,6,Medium,Peak,Active,60.8,0.74,208,Decreasing
29-08-2024 19:00,NODE_01,Sensor_Node_1_Industry_Zone,135.34,208.63,7.141,524.4,83.94,41.79,14.94,31.2,78.3,4.5,192,Unhealthy,W,1012.88,7.31,Medium,High,Active,57.9,0.9,187.05,Stable
29-08-2024 20:00,NODE_01,Sensor_Node_1_Industry_Zone,121.31,204.17,7.227,491.3,93.41,48.24,12.4,34.1,87.5,1.6,185,Unhealthy,NW,1014.1,3.58,High,Normal,Maintenance,79.1,0.89,166.75,Stable
29-08-2024 21:00,NODE_01,Sensor_Node_1_Industry_Zone,116.92,192.51,7.252,523.2,90.11,35.8,14.48,32.5,81.6,2,183,Unhealthy,SW,1010.6,1.33,High,High,Active,56.5,0.78,182.28,Increasing
29-08-2024 22:00,NODE_01,Sensor_Node_1_Industry_Zone,114.6,231.18,7.989,506.4,92.97,34.45,21.07,33.6,82.9,1.6,182,Unhealthy,W,1013.77,6.62,Medium,High,Maintenance,35,0.91,178.01,Increasing
29-08-2024 23:00,NODE_01,Sensor_Node_1_Industry_Zone,110.1,180.66,5.462,474.5,83.67,27.82,15.2,31,70,0.7,179,Unhealthy,E,1007.19,5.88,High,Peak,Active,69.1,0.74,165.39,Decreasing
01-06-2024 00:00,NODE_02,Sensor_Node_2_Factory_Area,51.08,57.97,2.622,474.7,34.61,8.89,19.83,32.1,76.8,1.6,139,Unhealthy for Sensitive Groups,NE,1004.56,1.52,Medium,High,Active,87.6,0.73,130.69,Decreasing
01-06-2024 01:00,NODE_02,Sensor_Node_2_Factory_Area,33.69,43.56,2.408,470.8,37.65,15.91,23.87,30.1,90.6,0.3,96,Moderate,SE,1012.67,5.99,Low,Normal,Active,94.2,0.83,95.96,Increasing
01-06-2024 02:00,NODE_02,Sensor_Node_2_Factory_Area,36.17,69.66,3.325,462,31.99,15.66,26.64,30.7,71.9,2,103,Unhealthy for Sensitive Groups,NW,1012.59,3.94,Low,Normal,Active,72.9,0.94,101.19,Increasing
01-06-2024 03:00,NODE_02,Sensor_Node_2_Factory_Area,14.59,24.33,0.574,459,12.8,5.39,28.4,29.1,76.5,2.9,56,Moderate,SE,1004.95,8.29,Low,High,Active,44.7,0.89,54.82,Increasing
01-06-2024 04:00,NODE_02,Sensor_Node_2_Factory_Area,19.63,33.64,1.571,441.1,30.93,6.78,22.82,34.3,73.7,3.5,67,Moderate,W,1008.69,4.19,Low,Peak,Maintenance,70.1,0.87,66.82,Decreasing
01-06-2024 05:00,NODE_02,Sensor_Node_2_Factory_Area,13.08,24.47,0.651,427.3,11.11,9.18,27.42,32.7,76.9,5.8,53,Moderate,W,1009.9,6.06,High,Peak,Active,36.8,0.84,48.9,Increasing
01-06-2024 06:00,NODE_02,Sensor_Node_2_Factory_Area,66.16,114.29,4.236,507.8,61.68,25.4,13.54,32.1,77.3,3.6,157,Unhealthy,SE,1016.29,5.68,High,Normal,Active,58.9,0.78,158.29,Increasing
01-06-2024 07:00,NODE_02,Sensor_Node_2_Factory_Area,259.04,519.7,11.323,505.7,60.13,56.28,17.64,32.6,59.8,3,406,Hazardous,S,1012.95,9.48,Low,High,Active,52.1,0.89,435.89,Decreasing
01-06-2024 08:00,NODE_02,Sensor_Node_2_Factory_Area,74.67,120.79,4.117,489.5,59.74,30.02,11.76,33.9,69.1,2.2,161,Unhealthy,NW,1010.99,6.34,Medium,Normal,Active,68.7,0.98,164.78,Decreasing
01-06-2024 09:00,NODE_02,Sensor_Node_2_Factory_Area,71.27,115.97,3.086,529.7,56.35,21.55,9.39,35,70.2,0.9,159,Unhealthy,SW,1002.45,6.86,Low,High,Fault,41.9,0.82,169.06,Increasing
01-06-2024 10:00,NODE_02,Sensor_Node_2_Factory_Area,62.64,124.96,5.181,498.7,47.87,24.93,9.87,40,75.2,2.2,155,Unhealthy,E,1013.62,4.83,Low,Low,Active,60.5,0.79,146.24,Stable
01-06-2024 11:00,NODE_02,Sensor_Node_2_Factory_Area,70.19,119.36,4.352,523.7,47.34,27.44,19.09,37.1,59.7,1.3,159,Unhealthy,NE,1015.18,2.22,Medium,Peak,Active,72.9,0.8,149.37,Decreasing
01-06-2024 12:00,NODE_02,Sensor_Node_2_Factory_Area,79.69,107.77,4.434,503.5,50.68,22.99,21.4,36.2,63.5,0.8,500,Hazardous,SW,1025.19,5.23,Low,Normal,Active,66.7,0.76,517.02,Stable
01-06-2024 13:00,NODE_02,Sensor_Node_2_Factory_Area,65.49,98.75,3.632,534.5,56.33,24.25,14.59,37.8,63.6,3.3,156,Unhealthy,N,1014.68,7.51,Medium,Low,Active,77.6,0.76,166.68,Stable
01-06-2024 14:00,NODE_02,Sensor_Node_2_Factory_Area,62.13,127.05,2.931,512.4,44.73,23.02,10.03,37.5,70.3,1,154,Unhealthy,N,1017.54,5.59,Low,High,Active,94.8,0.7,155.96,Decreasing
01-06-2024 15:00,NODE_02,Sensor_Node_2_Factory_Area,69.22,77.22,3.816,489.4,40.53,21.76,17.22,37.9,61.8,5,158,Unhealthy,NW,1017.6,6.44,Medium,Low,Active,38.3,0.92,161.52,Increasing
01-06-2024 16:00,NODE_02,Sensor_Node_2_Factory_Area,52.14,112.01,4.071,486.4,24.17,17.92,18.56,35.7,71,1.9,142,Unhealthy for Sensitive Groups,N,1001.12,8.18,Low,High,Active,28,0.71,153.61,Increasing
01-06-2024 17:00,NODE_02,Sensor_Node_2_Factory_Area,53.38,116.12,4.103,470.6,37.28,20.36,12.46,34.3,77.1,3.6,145,Unhealthy for Sensitive Groups,W,1011.25,1.07,High,High,Active,34.7,0.75,131.31,Stable
01-06-2024 18:00,NODE_02,Sensor_Node_2_Factory_Area,58.57,90.25,3.354,484.3,42.72,18.62,13.74,34.4,63.5,2.3,153,Unhealthy,W,1010.98,5.98,Medium,Low,Active,83.5,0.81,153.31,Stable
01-06-2024 19:00,NODE_02,Sensor_Node_2_Factory_Area,51.47,109.57,2.301,499.1,34.63,17.1,21,36.3,74.3,3.2,140,Unhealthy for Sensitive Groups,E,1009.24,7.46,High,Low,Active,49.4,0.78,142.55,Stable
01-06-2024 20:00,NODE_02,Sensor_Node_2_Factory_Area,55.34,99.78,3.607,446.9,43.73,17.08,24.51,33.1,65.2,1.9,150,Unhealthy for Sensitive Groups,W,1017.14,9.73,Medium,Low,Active,44.8,0.83,151.29,Increasing
01-06-2024 21:00,NODE_02,Sensor_Node_2_Factory_Area,67.3,99.58,3.845,465.1,53.32,12.67,14.44,29.8,84.5,1.6,157,Unhealthy,W,1021.76,8.62,Low,Low,Active,87.2,0.89,147.47,Increasing
01-06-2024 22:00,NODE_02,Sensor_Node_2_Factory_Area,60.76,108.06,3.662,482.1,45.46,16.12,26.77,32.3,83.7,1.7,154,Unhealthy,NW,1006.45,7.99,Medium,Low,Active,71.2,0.89,159.43,Decreasing
01-06-2024 23:00,NODE_02,Sensor_Node_2_Factory_Area,49.25,82.97,2.553,491.7,38.41,16.24,12.38,30,74.4,1.1,135,Unhealthy for Sensitive Groups,W,1011.06,3.97,Medium,Normal,Active,62.9,0.84,140.59,Stable
02-06-2024 00:00,NODE_02,Sensor_Node_2_Factory_Area,40.69,80.53,2.28,471.2,22.12,10.71,24.08,28.2,85.5,5.8,114,Unhealthy for Sensitive Groups,SE,1014.55,5.44,High,Normal,Active,54.3,0.83,106.57,Increasing
02-06-2024 01:00,NODE_02,Sensor_Node_2_Factory_Area,50.7,70.34,3.995,491.4,26.12,17.02,21.13,29,71.4,2.2,138,Unhealthy for Sensitive Groups,NE,1007.32,6.75,Medium,Peak,Active,57.5,0.82,126.45,Increasing
02-06-2024 02:00,NODE_02,Sensor_Node_2_Factory_Area,42.08,61.21,2.122,466.7,35.48,3.69,20.88,29.4,85.6,2,117,Unhealthy for Sensitive Groups,SW,999.3,9.55,High,Normal,Active,73.3,0.85,124.78,Increasing
02-06-2024 03:00,NODE_02,Sensor_Node_2_Factory_Area,41.42,25.85,0.2,439.6,12.21,13.74,33.33,32.5,72.7,0.3,116,Unhealthy for Sensitive Groups,S,1010.71,9.95,Medium,Low,Active,50.7,0.7,109.21,Decreasing
02-06-2024 04:00,NODE_02,Sensor_Node_2_Factory_Area,23.3,34.59,1.161,409.5,21.08,6.28,24.5,31.1,70.2,3.3,75,Moderate,W,1005.38,8.13,Low,Peak,Active,68.2,0.87,69.57,Decreasing
02-06-2024 05:00,NODE_02,Sensor_Node_2_Factory_Area,20.41,16.12,0.2,470.3,7.64,2.96,30.67,35.7,64.4,2,68,Moderate,SW,1000.37,6.44,Low,Low,Active,88.3,1,63.11,Stable
02-06-2024 06:00,NODE_02,Sensor_Node_2_Factory_Area,78.98,146.45,3.62,530.5,49.64,24.74,9.64,33.8,71.3,1.4,163,Unhealthy,SE,1017.41,9.96,Low,Peak,Active,92.1,0.7,164.58,Increasing
02-06-2024 07:00,NODE_02,Sensor_Node_2_Factory_Area,68.98,111.13,4.379,529.2,54.44,25.41,19.79,36.3,64.7,1.9,158,Unhealthy,NW,1021.81,8.53,Low,Peak,Active,36.1,0.93,165.77,Increasing
02-06-2024 08:00,NODE_02,Sensor_Node_2_Factory_Area,86.93,130.61,4.392,511.6,45.35,31.15,18.4,37.1,58.4,1.6,167,Unhealthy,NW,1015.17,5.64,High,High,Active,31.8,0.8,169.24,Stable
02-06-2024 09:00,NODE_02,Sensor_Node_2_Factory_Area,77.74,110.15,3.528,481.9,55.02,21.85,17.67,39.3,67,2.9,162,Unhealthy,S,1014.5,5.77,Medium,Normal,Active,65.8,0.73,150.47,Increasing
02-06-2024 10:00,NODE_02,Sensor_Node_2_Factory_Area,81.05,122.3,4.925,513.2,41.73,23.84,17.49,39.1,77.7,4.9,164,Unhealthy,SE,1014.6,3.88,Low,Peak,Fault,26.8,0.76,149.83,Increasing
02-06-2024 11:00,NODE_02,Sensor_Node_2_Factory_Area,78.76,121.15,3.429,505.7,57.16,18.59,22.63,39.4,58,2.6,163,Unhealthy,N,1011.53,4.01,High,Normal,Maintenance,30.3,1,174.53,Stable
02-06-2024 12:00,NODE_02,Sensor_Node_2_Factory_Area,65.27,138.61,4.134,539.2,48.63,16.47,14.6,39.2,60.4,1.7,156,Unhealthy,SE,1014.7,8.17,High,Low,Active,57.6,0.94,149.22,Decreasing
02-06-2024 13:00,NODE_02,Sensor_Node_2_Factory_Area,60.86,127.79,3.99,513.9,44.91,28.59,15.08,39,72,4.6,154,Unhealthy,N,1011.21,2.8,High,High,Active,32.9,0.9,162.82,Decreasing
02-06-2024 14:00,NODE_02,Sensor_Node_2_Factory_Area,62.24,135.85,3.447,480.3,68.35,27.85,26.37,36.9,67.4,0.9,154,Unhealthy,N,1007.49,5.47,High,Peak,Active,43.8,0.81,158.53,Stable
02-06-2024 15:00,NODE_02,Sensor_Node_2_Factory_Area,61.42,86.25,3.435,467.8,36.02,20.29,17.92,38.2,65.2,7.7,154,Unhealthy,NE,1019.67,6.95,Low,Low,Active,55.6,0.92,148.1,Stable
02-06-2024 16:00,NODE_02,Sensor_Node_2_Factory_Area,52.55,104.73,2.922,475.2,39.35,17.88,27.26,33.9,76.8,3,143,Unhealthy for Sensitive Groups,NE,1016.49,8.8,Low,Peak,Active,59.5,0.72,142.39,Decreasing
02-06-2024 17:00,NODE_02,Sensor_Node_2_Factory_Area,63.1,118.84,3.791,463.4,35.38,20.16,9.91,36,57.6,2.5,155,Unhealthy,NW,1027.94,7.18,Medium,Low,Active,58.8,0.94,164.98,Decreasing
02-06-2024 18:00,NODE_02,Sensor_Node_2_Factory_Area,58.21,88.32,2.379,509.2,53.03,17.31,21.71,33.4,73.7,4.3,152,Unhealthy,SW,1007.09,3.03,Medium,Low,Active,34.9,0.82,165.1,Increasing
02-06-2024 19:00,NODE_02,Sensor_Node_2_Factory_Area,63.27,106.06,3.342,473.3,40.33,21.96,10.89,34.6,71.9,1.9,155,Unhealthy,S,1003.33,4.3,High,High,Active,67.9,0.7,147.36,Increasing
02-06-2024 20:00,NODE_02,Sensor_Node_2_Factory_Area,62.59,98.6,4.122,464.3,39.63,18.35,14.64,32,76.9,2.4,155,Unhealthy,S,1020.05,3.14,Low,Peak,Active,78.3,0.88,164.45,Decreasing
02-06-2024 21:00,NODE_02,Sensor_Node_2_Factory_Area,61.08,103.53,3.005,494.7,46.7,14.77,13.89,31.9,76.4,5.6,154,Unhealthy,E,1011.37,5.14,High,High,Active,71,0.8,147.28,Decreasing
02-06-2024 22:00,NODE_02,Sensor_Node_2_Factory_Area,63.05,91.39,2.902,464.3,43.91,13.03,18.9,32.4,75.1,3.2,155,Unhealthy,E,1020.14,1.31,High,Peak,Active,45.7,0.88,146.69,Decreasing
02-06-2024 23:00,NODE_02,Sensor_Node_2_Factory_Area,38.61,63.4,2.566,474.9,34.19,21.3,21.24,30.5,81.9,3.7,109,Unhealthy for Sensitive Groups,S,1024.08,5.07,Medium,Low,Active,94.6,0.76,109.56,Decreasing
03-06-2024 00:00,NODE_02,Sensor_Node_2_Factory_Area,70.3,92.18,3.596,483.7,52.15,24.9,30.24,28.2,84.8,2.8,159,Unhealthy,NE,1003.76,1.98,High,Normal,Active,74.6,0.7,151.52,Decreasing
03-06-2024 01:00,NODE_02,Sensor_Node_2_Factory_Area,63.36,143.78,3.905,457.5,53.34,22.9,26.49,30.8,92.6,1.5,155,Unhealthy,N,1006.86,6.46,Low,Low,Active,72.5,0.93,166.45,Decreasing
03-06-2024 02:00,NODE_02,Sensor_Node_2_Factory_Area,61.17,115.2,3.956,474.1,50.87,19.16,16.39,30,84,1.1,154,Unhealthy,NW,1001.91,8.34,High,Normal,Maintenance,45.5,0.96,139.21,Decreasing
03-06-2024 03:00,NODE_02,Sensor_Node_2_Factory_Area,38.35,46.36,2.646,455.5,24.86,12.85,32.7,29.4,73.9,4.6,108,Unhealthy for Sensitive Groups,W,1011.1,8.78,High,Peak,Active,25.5,0.92,101.46,Increasing
03-06-2024 04:00,NODE_02,Sensor_Node_2_Factory_Area,28.78,58.09,1.347,462.2,20.51,11.78,30.98,33.7,77.2,3.2,86,Moderate,E,1007.67,9.42,Low,Low,Active,24.9,0.85,87.57,Increasing
03-06-2024 05:00,NODE_02,Sensor_Node_2_Factory_Area,34.05,37.28,1.892,436.8,4.56,10.85,25.58,34.7,69.1,3,97,Moderate,NE,1000.35,9.77,High,Peak,Active,99,0.97,98.47,Stable
03-06-2024 06:00,NODE_02,Sensor_Node_2_Factory_Area,113.04,191.31,6.41,485.8,83.03,34.61,21.36,34.6,70.3,5.4,181,Unhealthy,N,1012.6,1.41,Low,Normal,Active,95.4,0.72,171.22,Increasing
03-06-2024 07:00,NODE_02,Sensor_Node_2_Factory_Area,123.79,187.66,7.216,506.6,84.81,35.44,16.98,36.8,75.5,4.1,186,Unhealthy,W,1019.69,9.12,Medium,Low,Active,46.4,0.87,196.24,Stable
03-06-2024 08:00,NODE_02,Sensor_Node_2_Factory_Area,116.98,183.87,5.71,497.5,86.89,38.39,22.8,34.4,66.4,2.4,183,Unhealthy,SW,1006.18,5.87,High,Low,Active,50.7,0.87,168.86,Stable
03-06-2024 09:00,NODE_02,Sensor_Node_2_Factory_Area,100.58,195.13,6.786,487.9,78.34,28.88,17.07,35.7,77.7,2.2,174,Unhealthy,E,1019.47,8.3,Medium,High,Active,93.9,0.74,175.38,Increasing
03-06-2024 10:00,NODE_02,Sensor_Node_2_Factory_Area,104.87,169.07,5.716,493.8,79.11,32,17.89,38.2,64.1,2.9,176,Unhealthy,NE,1016.18,4.84,Medium,Low,Active,46.6,0.88,179.64,Stable
03-06-2024 11:00,NODE_02,Sensor_Node_2_Factory_Area,125.48,186.94,6.125,492.4,83.95,35.1,14.04,35.9,56.5,1.2,187,Unhealthy,W,1011.61,2.02,High,Low,Active,62.5,0.94,181.07,Stable
03-06-2024 12:00,NODE_02,Sensor_Node_2_Factory_Area,108.42,188.48,6.139,501.2,78.03,42.1,12,37.4,61.7,7.2,178,Unhealthy,NW,1005.65,5.61,Low,Low,Active,42.8,0.72,184.94,Increasing
03-06-2024 13:00,NODE_02,Sensor_Node_2_Factory_Area,104.08,190.34,6.349,496.7,82.02,33.12,18.01,40.9,61,3.1,176,Unhealthy,W,1009.18,5.72,Low,High,Active,50.5,0.79,162.27,Stable
03-06-2024 14:00,NODE_02,Sensor_Node_2_Factory_Area,115.35,199.76,6.503,504.3,80.96,32.94,15.52,35.5,63.2,5.4,182,Unhealthy,S,1024.77,4.92,Low,Low,Active,65.3,1,198.89,Increasing
03-06-2024 15:00,NODE_02,Sensor_Node_2_Factory_Area,96.85,172.58,5.031,490.7,65.09,25.55,13.64,38.1,69,3.3,172,Unhealthy,NE,1009.66,2.09,Low,Normal,Active,22.9,0.88,160.62,Increasing
03-06-2024 16:00,NODE_02,Sensor_Node_2_Factory_Area,82.15,163.76,4.967,508.9,63.8,24.59,14.42,34.9,64,3.7,165,Unhealthy,SW,1015.42,1.32,Medium,Peak,Active,33.4,0.78,157.93,Decreasing
03-06-2024 17:00,NODE_02,Sensor_Node_2_Factory_Area,83.42,133.38,5.752,478.4,69.64,22.18,21.02,32,72.3,4.4,165,Unhealthy,E,1010.35,1.33,High,Low,Active,92.9,0.91,177.97,Stable
03-06-2024 18:00,NODE_02,Sensor_Node_2_Factory_Area,82.12,159.69,5.316,483.2,71.9,28.42,21.04,33.8,73.3,0.3,165,Unhealthy,N,1005.41,2.01,High,Low,Active,26.4,0.8,178.58,Decreasing
03-06-2024 19:00,NODE_02,Sensor_Node_2_Factory_Area,92.6,146.43,4.503,492,75.53,30,19.99,32.9,78,0.9,170,Unhealthy,E,1016.14,1.25,Medium,High,Active,72.3,0.99,178.42,Stable
03-06-2024 20:00,NODE_02,Sensor_Node_2_Factory_Area,96.84,144.57,5.565,506.9,71.17,23.8,18.54,31.7,72,2.1,172,Unhealthy,W,1021.9,7.19,Low,Low,Active,43.1,0.86,161.48,Increasing
03-06-2024 21:00,NODE_02,Sensor_Node_2_Factory_Area,89.14,149.6,4.999,507.9,65.4,23.86,10.53,31.7,71.7,1.8,168,Unhealthy,W,1018.39,9.44,High,Low,Active,28.6,0.8,163.47,Increasing
03-06-2024 22:00,NODE_02,Sensor_Node_2_Factory_Area,83.69,133.37,5.337,498.7,69.57,24.46,14.67,30.9,67.1,2.8,166,Unhealthy,SE,1021.65,2.9,High,Normal,Active,35.7,0.77,171.03,Stable
03-06-2024 23:00,NODE_02,Sensor_Node_2_Factory_Area,64.07,93.16,3.536,457.6,65.38,28.26,24.45,29.6,85,3.8,155,Unhealthy,SW,1012.86,8.91,High,Low,Active,47.6,0.95,161.77,Decreasing
04-06-2024 00:00,NODE_02,Sensor_Node_2_Factory_Area,73.42,111.88,4.41,461,41.54,25.51,20.37,30.9,88.9,4.2,500,Hazardous,S,1011.98,5.72,Low,Normal,Active,91.1,0.75,516.12,Decreasing
04-06-2024 01:00,NODE_02,Sensor_Node_2_Factory_Area,60.22,123.36,3.49,451.8,46.7,18.65,21.99,30.3,79.5,7.2,153,Unhealthy,NW,1015.17,1.68,Medium,Peak,Active,57.8,0.8,153.25,Stable
04-06-2024 02:00,NODE_02,Sensor_Node_2_Factory_Area,59.27,113.01,2.812,471.6,58.63,15.9,23.22,29.6,82,2.4,153,Unhealthy,SE,1010.66,8.86,Low,Low,Active,41.1,0.87,156.06,Decreasing
04-06-2024 03:00,NODE_02,Sensor_Node_2_Factory_Area,28.77,53.17,1.632,461.4,23.43,6.18,25.49,30.6,77.2,4.6,86,Moderate,E,1009.05,5.25,Medium,Normal,Active,81.3,0.81,91.97,Decreasing
04-06-2024 04:00,NODE_02,Sensor_Node_2_Factory_Area,24.14,38.02,1.7,438.5,28.45,7.34,15.1,31.5,65.2,2.5,76,Moderate,E,1002.44,9.64,High,Low,Active,56.2,0.81,78.14,Decreasing
04-06-2024 05:00,NODE_02,Sensor_Node_2_Factory_Area,30.83,42.43,2.372,418.2,21.09,11.32,32.42,34.1,80.1,1.9,90,Moderate,W,1018.11,1.06,High,Normal,Active,80.4,0.98,81.4,Increasing
04-06-2024 06:00,NODE_02,Sensor_Node_2_Factory_Area,112.88,201.88,5.922,494.6,78.38,39.09,15.65,33.5,64.3,0.7,181,Unhealthy,NE,1012.3,4.04,High,Normal,Active,25.5,0.93,167.9,Stable
04-06-2024 07:00,NODE_02,Sensor_Node_2_Factory_Area,109.46,182.05,6.522,484.4,85.25,34.24,9.75,33,63.4,4.1,179,Unhealthy,W,1002.39,2.84,High,Low,Active,70.5,0.84,179.37,Increasing
04-06-2024 08:00,NODE_02,Sensor_Node_2_Factory_Area,112.16,194.31,6.021,524.1,80.9,37.8,15.18,36.6,67.7,5.4,180,Unhealthy,NW,1001.09,1.15,Medium,High,Maintenance,52.2,0.9,179.09,Stable
04-06-2024 09:00,NODE_02,Sensor_Node_2_Factory_Area,113.15,189.9,6.807,490.3,71.61,32.11,21.34,36.6,68.3,3,181,Unhealthy,NE,1022.63,4.04,High,Low,Active,71.7,0.94,196.65,Stable
04-06-2024 10:00,NODE_02,Sensor_Node_2_Factory_Area,101.82,177.74,6.199,513,87.86,38.32,8.06,37.5,65.6,0.3,175,Unhealthy,SE,1018.45,5.47,Medium,Normal,Active,61.2,0.93,187.61,Decreasing
04-06-2024 11:00,NODE_02,Sensor_Node_2_Factory_Area,97.74,197.16,6.441,495.1,90.48,27.12,15.68,35.2,60.7,1.7,173,Unhealthy,SW,1014.3,5.71,High,Low,Maintenance,67.3,0.92,171.03,Increasing
04-06-2024 12:00,NODE_02,Sensor_Node_2_Factory_Area,98.61,223.35,5.72,534.7,82.79,33.9,18.83,40,59.1,3.5,173,Unhealthy,NE,1003.2,8.02,Low,Normal,Active,79.9,0.91,186.46,Stable
04-06-2024 13:00,NODE_02,Sensor_Node_2_Factory_Area,105.92,205.43,6.658,537.5,85.25,36.89,17.61,37.6,71.3,5.4,177,Unhealthy,NE,1010.41,3.89,Low,Low,Active,71.1,0.9,193.76,Decreasing
04-06-2024 14:00,NODE_02,Sensor_Node_2_Factory_Area,117.56,196,6.651,486.8,80.15,39.37,23.12,34.6,63.4,1.1,183,Unhealthy,SE,1005.81,1.44,Low,High,Active,70.2,0.93,196.84,Stable
04-06-2024 15:00,NODE_02,Sensor_Node_2_Factory_Area,88.19,139.69,4.709,495.5,78.27,20.67,17.55,37.5,72.4,5,168,Unhealthy,NE,1009.81,6.74,High,Peak,Active,31.4,0.79,157.05,Increasing
04-06-2024 16:00,NODE_02,Sensor_Node_2_Factory_Area,90.55,176.66,5.134,510.6,62.68,29.03,12.34,37.4,68.3,5,169,Unhealthy,SE,1010.7,9.18,Medium,Low,Active,96.8,0.83,176.36,Increasing
04-06-2024 17:00,NODE_02,Sensor_Node_2_Factory_Area,90.86,147.61,5.413,494.2,60.24,25.05,18.26,36,81.6,4.9,169,Unhealthy,N,1007.65,6.29,Medium,Low,Active,61,0.77,157.52,Decreasing
04-06-2024 18:00,NODE_02,Sensor_Node_2_Factory_Area,75.1,180.18,5.423,486.1,66.05,24.37,14.29,36.9,66.1,1.8,161,Unhealthy,NW,1003.64,3.13,High,High,Active,44.4,0.89,164.08,Stable
04-06-2024 19:00,NODE_02,Sensor_Node_2_Factory_Area,79.93,152.21,5.664,476,57.59,29.97,18.12,34.5,70.8,1.9,164,Unhealthy,SE,1016.43,3.39,Medium,Normal,Active,48,0.93,175.61,Stable
04-06-2024 20:00,NODE_02,Sensor_Node_2_Factory_Area,88.71,146.5,4.843,453.7,63.24,31.66,22.65,31.3,82.8,2.4,168,Unhealthy,NE,1013.5,4.23,High,Peak,Active,31.7,0.82,164.65,Decreasing
04-06-2024 21:00,NODE_02,Sensor_Node_2_Factory_Area,87.77,169.06,4.933,465.1,51.39,27.22,20.42,30.1,69.9,4.4,168,Unhealthy,SW,1015.29,8.84,Medium,High,Active,58.7,0.77,174.47,Stable
04-06-2024 22:00,NODE_02,Sensor_Node_2_Factory_Area,76.86,143.02,5.725,495.9,68.45,26.21,18.55,29.7,72,2.8,162,Unhealthy,W,1018.81,8.45,High,Peak,Active,94.6,0.75,168.85,Stable
04-06-2024 23:00,NODE_02,Sensor_Node_2_Factory_Area,57.36,118.4,3.916,476.9,48.62,19.67,16.72,28,71.1,1.9,152,Unhealthy,S,1018.62,1.75,High,Normal,Active,85,0.83,155.88,Increasing
05-06-2024 00:00,NODE_02,Sensor_Node_2_Factory_Area,54.94,128.59,3.952,460.9,66.3,15.01,25.68,29.8,82.7,3,149,Unhealthy for Sensitive Groups,S,1021.98,2.3,Medium,High,Active,85,0.93,134.47,Decreasing
05-06-2024 01:00,NODE_02,Sensor_Node_2_Factory_Area,66.87,118.7,2.744,504,52.58,24.29,14.97,31.2,84.3,2.8,157,Unhealthy,W,1017.56,7.21,Medium,High,Maintenance,72.3,0.88,164.42,Decreasing
05-06-2024 02:00,NODE_02,Sensor_Node_2_Factory_Area,58.85,110.97,3.584,479.3,44.45,23.86,16.61,30.1,80.9,4.2,153,Unhealthy,SE,1014.75,7.06,Low,Low,Active,93.8,0.81,142.32,Stable
05-06-2024 03:00,NODE_02,Sensor_Node_2_Factory_Area,21.87,43.71,2.181,438.9,28.72,16.17,23.79,32.1,72.4,2.6,72,Moderate,NW,1009.53,8.92,High,Peak,Active,26.3,0.93,69.26,Stable
05-06-2024 04:00,NODE_02,Sensor_Node_2_Factory_Area,16.6,34.37,1.896,428.3,25.97,10.2,34.26,32.8,81.7,4.7,60,Moderate,SW,1004.26,5.15,Medium,Low,Active,90.5,0.77,59.24,Increasing
05-06-2024 05:00,NODE_02,Sensor_Node_2_Factory_Area,30.72,56.86,1.705,441.2,24.77,6.31,21.43,35.1,84.7,2,90,Moderate,S,1015.54,6.09,Low,Normal,Active,24.5,0.99,89.6,Increasing
05-06-2024 06:00,NODE_02,Sensor_Node_2_Factory_Area,119.14,197.47,6.738,521.1,82.31,37.32,17.26,32.7,73.9,6.4,184,Unhealthy,SW,1010.25,8.87,Medium,Low,Active,89,0.9,187.78,Stable
05-06-2024 07:00,NODE_02,Sensor_Node_2_Factory_Area,119.9,185.32,6.476,508.7,82.01,38.71,12.6,37,74.2,0.4,184,Unhealthy,W,1023.99,3.56,Medium,Normal,Active,59.4,0.94,189.73,Increasing
05-06-2024 08:00,NODE_02,Sensor_Node_2_Factory_Area,102.51,213.77,6.484,492,91.73,37.98,7.14,35.2,70.7,5.8,175,Unhealthy,S,1008.97,7.7,High,High,Active,65.1,0.8,157.65,Increasing
05-06-2024 09:00,NODE_02,Sensor_Node_2_Factory_Area,92.72,173.43,6.535,505.1,75.66,39.68,20.19,36.4,66.6,2.4,170,Unhealthy,NE,1013.68,3.19,Medium,Peak,Active,99.8,0.89,156.23,Stable
05-06-2024 10:00,NODE_02,Sensor_Node_2_Factory_Area,94.55,196.82,5.993,498,94.21,35.46,16.01,38.2,69.8,4.2,171,Unhealthy,N,1013.71,1.65,Low,Low,Active,92.9,0.85,182.96,Stable
05-06-2024 11:00,NODE_02,Sensor_Node_2_Factory_Area,102.65,193.81,6.545,551.6,75.77,39.92,21.92,38.6,62.3,2.7,175,Unhealthy,N,1003.16,5.05,Low,High,Active,36,0.98,159.49,Increasing
05-06-2024 12:00,NODE_02,Sensor_Node_2_Factory_Area,104.53,206.4,6.215,533.7,73.42,31.55,13.34,38.6,64.7,3.5,176,Unhealthy,NE,1007.41,1.17,Low,High,Maintenance,67.1,0.88,170.68,Increasing
05-06-2024 13:00,NODE_02,Sensor_Node_2_Factory_Area,106.08,184.2,5.545,466.2,85.68,38.62,16.31,37.8,61.4,3.9,177,Unhealthy,SW,1000.08,7.62,Low,High,Active,69.1,0.95,190.08,Stable
05-06-2024 14:00,NODE_02,Sensor_Node_2_Factory_Area,267.48,547.67,13.718,478.2,76.09,65.26,18.02,39.7,66.9,6.3,437,Hazardous,N,1013.65,3.23,High,Normal,Active,51.2,0.86,458.96,Stable
05-06-2024 15:00,NODE_02,Sensor_Node_2_Factory_Area,73.93,180.97,4.734,502.6,69.49,32.69,15.88,34.8,63.7,5.5,161,Unhealthy,W,1013.12,9.09,Medium,Normal,Active,40.4,0.96,146.51,Stable
05-06-2024 16:00,NODE_02,Sensor_Node_2_Factory_Area,87.49,161.53,5.129,490.9,79.28,28.7,15.74,36.7,58.7,1.2,168,Unhealthy,SE,1016.46,1.22,Low,Peak,Active,92,0.85,171.52,Increasing
05-06-2024 17:00,NODE_02,Sensor_Node_2_Factory_Area,74.26,143.48,5.587,496.5,66.66,29.13,16.28,36.3,75.2,3.9,161,Unhealthy,N,1007.65,4.49,High,Low,Active,58.4,0.77,171.02,Decreasing
05-06-2024 18:00,NODE_02,Sensor_Node_2_Factory_Area,88.43,142.23,5.036,489.1,62.48,35.32,26.57,33.8,78.2,4.4,168,Unhealthy,W,1005.64,4.71,Medium,Peak,Maintenance,24.6,0.74,165.42,Increasing
05-06-2024 19:00,NODE_02,Sensor_Node_2_Factory_Area,92.48,141.16,4.68,495.6,70.62,39.58,17.62,32.2,79.1,0.8,170,Unhealthy,S,1010.07,9.9,High,Peak,Active,86.5,0.89,166.63,Decreasing
05-06-2024 20:00,NODE_02,Sensor_Node_2_Factory_Area,240.24,431.06,13.027,494.8,61.37,62.53,13.86,30.9,82,2.2,308,Hazardous,NE,1014.48,4.57,High,Peak,Active,58.6,0.9,280.76,Stable
05-06-2024 21:00,NODE_02,Sensor_Node_2_Factory_Area,99.98,136.32,5.256,484.6,68.34,35.4,33.59,28.7,82.1,5,174,Unhealthy,E,1005.5,7.2,Medium,Low,Active,87.3,0.94,188.08,Stable
05-06-2024 22:00,NODE_02,Sensor_Node_2_Factory_Area,95.66,171.74,5.262,471,73.69,29.27,17.23,29.8,83.2,3.6,172,Unhealthy,W,1014.29,1.12,High,Normal,Active,34.2,0.72,166.56,Increasing
05-06-2024 23:00,NODE_02,Sensor_Node_2_Factory_Area,78.83,108.79,3.106,471.7,44.57,15.29,16.89,28.6,73.9,2.5,163,Unhealthy,S,1014.94,5.85,Low,Normal,Active,54.8,0.81,169.94,Decreasing
06-06-2024 00:00,NODE_02,Sensor_Node_2_Factory_Area,60.29,119.26,4.137,473.7,48.75,20.55,16.61,28.8,82.2,0.6,153,Unhealthy,NW,1016.92,4.74,High,High,Active,53.4,0.98,148.29,Increasing
06-06-2024 01:00,NODE_02,Sensor_Node_2_Factory_Area,51.92,122.39,3.127,469.2,52.8,13.98,15.43,30,80.9,2.1,141,Unhealthy for Sensitive Groups,S,1009.86,3.23,Low,Peak,Active,30.9,0.97,148.05,Stable
06-06-2024 02:00,NODE_02,Sensor_Node_2_Factory_Area,67.46,121.85,3.3,440.4,50.99,16.68,16.47,31.9,78.3,4.8,157,Unhealthy,SE,1012.52,5.44,High,Low,Active,68.7,0.98,165.31,Stable
06-06-2024 03:00,NODE_02,Sensor_Node_2_Factory_Area,22.95,37.73,1.91,441.3,12.5,1.21,34.41,29.3,79.4,3,74,Moderate,E,1019.37,8.97,High,Normal,Active,72,0.97,76.6,Increasing
06-06-2024 04:00,NODE_02,Sensor_Node_2_Factory_Area,22.7,27.54,0.88,444.3,31.16,7.42,22.22,33,70.9,0.5,73,Moderate,SE,1007.8,8.88,Medium,Low,Active,98.1,0.79,74.62,Increasing
06-06-2024 05:00,NODE_02,Sensor_Node_2_Factory_Area,29.7,47.28,2.482,448.4,28.65,5.33,30.48,33.9,64.6,1.7,88,Moderate,NE,1011.77,7.03,High,High,Active,80.2,0.91,87.37,Stable
06-06-2024 06:00,NODE_02,Sensor_Node_2_Factory_Area,97.63,191.82,6.67,507.7,83.24,34.68,28.33,32.2,77.2,4.2,173,Unhealthy,NW,1024.04,4.17,Medium,Low,Active,98.5,0.77,161.77,Increasing
06-06-2024 07:00,NODE_02,Sensor_Node_2_Factory_Area,110.12,178.04,6.376,479.9,79.83,35.81,8.24,35.8,64.7,2.4,179,Unhealthy,NW,1013.82,7.97,Low,Normal,Active,53.4,0.95,185.79,Increasing
06-06-2024 08:00,NODE_02,Sensor_Node_2_Factory_Area,127.41,162.31,6.618,491.5,81.55,38.42,18.77,35,60.9,1.5,188,Unhealthy,W,1017.66,7.96,High,Normal,Active,72.6,0.75,190.66,Stable
06-06-2024 09:00,NODE_02,Sensor_Node_2_Factory_Area,114.98,197.73,6.258,513,80.88,32.69,16.02,37.6,69.6,1.5,182,Unhealthy,NW,1013.8,9.02,High,Peak,Active,82.1,0.9,187.73,Decreasing
06-06-2024 10:00,NODE_02,Sensor_Node_2_Factory_Area,122.66,185.21,6.341,481.3,82.64,38.13,19.81,39.8,69.9,1.4,186,Unhealthy,E,1018.04,9.16,High,Peak,Active,22.1,0.86,170.2,Stable
06-06-2024 11:00,NODE_02,Sensor_Node_2_Factory_Area,112.22,203.58,6.876,485.6,89.06,38.6,10.43,38.7,59.9,2.9,180,Unhealthy,SW,1014.91,3.76,High,Peak,Active,72.3,0.87,187.26,Increasing
06-06-2024 12:00,NODE_02,Sensor_Node_2_Factory_Area,112.06,188.39,7.834,511.8,85.03,37.72,13.79,39.4,68.2,2,180,Unhealthy,NE,1010.68,5.89,Medium,High,Active,58.9,0.93,169.14,Decreasing
06-06-2024 13:00,NODE_02,Sensor_Node_2_Factory_Area,112.52,182.98,6.541,497,86.04,35.07,18.15,36.4,67.4,2,180,Unhealthy,N,1010.56,6.2,High,Low,Active,42.5,0.95,183.75,Decreasing
06-06-2024 14:00,NODE_02,Sensor_Node_2_Factory_Area,108.68,211.51,5.671,507.1,89.58,45.2,13.54,36.5,59.8,2.3,178,Unhealthy,S,1010.63,2.81,Low,Peak,Fault,43.3,0.74,180.91,Stable
06-06-2024 15:00,NODE_02,Sensor_Node_2_Factory_Area,97.12,126.11,5.562,507.8,73.12,22.38,21.44,34.3,68.1,5.3,172,Unhealthy,N,1015.95,9.52,Low,Normal,Active,52.2,0.72,160.25,Stable
06-06-2024 16:00,NODE_02,Sensor_Node_2_Factory_Area,92.28,151.89,4.139,496.6,67.88,25.19,10.55,38.3,76.4,2.5,170,Unhealthy,NE,1012.15,7.27,Medium,Low,Active,98.1,0.96,176.58,Increasing
06-06-2024 17:00,NODE_02,Sensor_Node_2_Factory_Area,93.65,162.71,5.303,480.3,75.07,32.19,19.28,35.1,70.8,1.7,171,Unhealthy,SE,1011.9,7.87,Low,Normal,Active,36,0.83,180.54,Decreasing
06-06-2024 18:00,NODE_02,Sensor_Node_2_Factory_Area,91.41,139.11,5.788,496.6,62.38,29.12,14.13,36.3,81.7,3,170,Unhealthy,W,1012.48,5.18,High,High,Active,34.7,0.71,179.32,Decreasing
06-06-2024 19:00,NODE_02,Sensor_Node_2_Factory_Area,296.67,515.82,14.54,486.9,67.7,61.89,21.63,31.8,60.4,6.5,402,Hazardous,SW,1013.65,8.8,High,High,Active,57.3,0.94,384.09,Stable
06-06-2024 20:00,NODE_02,Sensor_Node_2_Factory_Area,87.19,151.96,4.971,497,72.43,26.54,22.91,30.1,78,4.3,167,Unhealthy,NW,1021.38,8.79,High,Peak,Active,72.1,0.83,157.68,Stable
06-06-2024 21:00,NODE_02,Sensor_Node_2_Factory_Area,92.43,148.73,4.866,487,63.38,33.36,7.89,31,64.8,2.2,170,Unhealthy,S,1006.44,1.62,Low,High,Active,41.7,0.76,177.84,Increasing
06-06-2024 22:00,NODE_02,Sensor_Node_2_Factory_Area,98.72,168.15,5.156,488.1,74.46,33.33,15.53,31.5,71.5,1.6,173,Unhealthy,W,1018.47,8.59,High,Normal,Active,78.5,0.99,183.24,Increasing
06-06-2024 23:00,NODE_02,Sensor_Node_2_Factory_Area,62.88,109.03,3.011,477.1,44.22,18.32,27.58,29.1,82.3,3.8,155,Unhealthy,S,1009.44,8.65,Low,Peak,Active,20.4,0.87,139.83,Increasing
07-06-2024 00:00,NODE_02,Sensor_Node_2_Factory_Area,64.01,108.02,3.383,437.3,55.81,24.31,23.18,25.7,76.9,0.7,155,Unhealthy,E,1009.99,8.43,Low,High,Active,90.2,0.91,142.27,Stable
07-06-2024 01:00,NODE_02,Sensor_Node_2_Factory_Area,71.04,132.01,3.989,472.5,45.65,23.11,19.62,29,70.9,3.5,159,Unhealthy,NW,1011.11,4.5,Low,Low,Maintenance,26.3,0.81,163.59,Stable
07-06-2024 02:00,NODE_02,Sensor_Node_2_Factory_Area,54.9,109.88,4.494,443.2,53.54,23.79,19.34,31.5,76.1,3.5,500,Hazardous,SW,1003.87,6.24,Medium,Normal,Active,83.9,0.9,480.09,Increasing
07-06-2024 03:00,NODE_02,Sensor_Node_2_Factory_Area,33.86,67.62,0.485,458.6,16.96,14.73,30.04,29.5,79.7,4.1,97,Moderate,N,1008.19,5.99,Medium,Low,Active,51.3,0.8,93.25,Increasing
07-06-2024 04:00,NODE_02,Sensor_Node_2_Factory_Area,27.87,37.29,0.932,441.6,24.25,8.37,21.13,31.3,68.4,3.1,84,Moderate,SW,1011.18,7.75,High,Normal,Active,43.7,0.96,86.25,Increasing
07-06-2024 05:00,NODE_02,Sensor_Node_2_Factory_Area,33.39,46.44,1.861,448.7,21.82,7.44,30.53,30.4,81.4,2.5,96,Moderate,NW,1008.42,9.84,Low,Low,Active,21.7,0.85,89.15,Decreasing
07-06-2024 06:00,NODE_02,Sensor_Node_2_Factory_Area,121.45,221.21,6.491,480.6,89.98,35.84,10.69,34.3,64.1,4.2,185,Unhealthy,NW,1019.78,1.55,High,Normal,Active,79.1,0.8,200.77,Stable
07-06-2024 07:00,NODE_02,Sensor_Node_2_Factory_Area,111.56,177.12,5.416,475.1,79.75,38.01,22.27,37.2,61.4,1,180,Unhealthy,NW,1007.06,8.11,Medium,Normal,Active,90.9,0.73,194.7,Increasing
07-06-2024 08:00,NODE_02,Sensor_Node_2_Factory_Area,109.15,209.75,6.481,520.6,99.48,29.74,13.63,36.9,70.6,4,179,Unhealthy,NE,1011,4.76,Low,Normal,Active,38.4,0.95,173.44,Increasing
07-06-2024 09:00,NODE_02,Sensor_Node_2_Factory_Area,118.39,179.41,6.932,505.8,93.83,41.64,9.59,39.2,73.3,0.7,183,Unhealthy,NE,1008.38,4.38,Low,Normal,Active,82.2,0.98,172.42,Stable
07-06-2024 10:00,NODE_02,Sensor_Node_2_Factory_Area,108.75,201.78,6.146,529.5,84.69,39.55,12.85,37.9,72.1,1.6,178,Unhealthy,W,1019.51,6.34,Low,High,Active,21.8,0.73,185.02,Increasing
07-06-2024 11:00,NODE_02,Sensor_Node_2_Factory_Area,112.46,194.26,6.023,504.7,80.55,35.18,7.24,37.9,65.6,3.2,180,Unhealthy,NE,1003.94,2.85,Low,Normal,Active,58.4,0.93,196.02,Stable
07-06-2024 12:00,NODE_02,Sensor_Node_2_Factory_Area,116.61,194.41,6.793,495.5,82.51,36.3,16.73,34.5,60.5,7.1,183,Unhealthy,NE,1014.49,8.82,Low,High,Active,52.4,0.73,195.91,Decreasing
07-06-2024 13:00,NODE_02,Sensor_Node_2_Factory_Area,389.12,590.34,16.555,504.1,74.62,83.72,15.84,36.6,70.1,3.3,485,Hazardous,SE,1019.18,1.47,Medium,Low,Active,53.1,0.96,458.42,Increasing
07-06-2024 14:00,NODE_02,Sensor_Node_2_Factory_Area,105.7,209.77,5.877,510.7,92.36,37.53,22.21,38.3,69.4,1.9,177,Unhealthy,W,1020.45,1.93,High,Low,Active,67.9,0.87,190.99,Stable
07-06-2024 15:00,NODE_02,Sensor_Node_2_Factory_Area,90.93,133.77,5.597,507.9,68.96,26.61,10.61,37,59.7,2.9,169,Unhealthy,SW,1013.06,8.32,High,High,Active,77.7,0.7,163.86,Decreasing
07-06-2024 16:00,NODE_02,Sensor_Node_2_Factory_Area,81.89,156.83,5.04,476.1,55.27,25.39,14.32,34.2,67,5.4,165,Unhealthy,NE,1022.37,7.22,High,Normal,Active,22.5,0.75,157.84,Stable
07-06-2024 17:00,NODE_02,Sensor_Node_2_Factory_Area,78.82,140.43,5.333,462.5,59.41,28.35,21.84,36.3,80.1,1.4,163,Unhealthy,SE,1006.29,7.58,Medium,Peak,Active,59.1,0.93,178.76,Stable
07-06-2024 18:00,NODE_02,Sensor_Node_2_Factory_Area,84.99,150.21,4.604,464.4,68.8,25.7,24.56,31.8,74.9,3.9,166,Unhealthy,SW,1008.69,4.42,Medium,Low,Active,66,0.75,164.67,Increasing
07-06-2024 19:00,NODE_02,Sensor_Node_2_Factory_Area,79.95,142.54,4.862,472.4,79.7,26.33,18.66,32.7,74.9,2.3,164,Unhealthy,SE,1008.77,7.42,Medium,High,Active,95.1,0.77,166.39,Increasing
07-06-2024 20:00,NODE_02,Sensor_Node_2_Factory_Area,91.15,139.92,5.665,508.3,71.45,29.08,5,32.6,72.7,3.1,169,Unhealthy,E,1013.54,3.76,High,Low,Active,88.8,0.85,172.45,Stable
07-06-2024 21:00,NODE_02,Sensor_Node_2_Factory_Area,86.03,131.72,5.179,503.3,63.91,33.66,14.67,32.1,68.4,3.9,167,Unhealthy,NW,999.32,8.04,Low,Peak,Active,88.6,0.77,169.42,Stable
07-06-2024 22:00,NODE_02,Sensor_Node_2_Factory_Area,91.75,146.49,4.419,480,74.97,29.32,10.63,28.8,84.7,2.4,500,Hazardous,NW,1017.69,2.22,Low,Peak,Active,31.7,0.79,450.59,Decreasing
07-06-2024 23:00,NODE_02,Sensor_Node_2_Factory_Area,69.9,105.25,2.914,466.2,67.56,15.21,19.87,32.1,82.3,1,158,Unhealthy,E,1019.39,9.35,Medium,High,Active,67.3,0.81,172.44,Stable
08-06-2024 00:00,NODE_02,Sensor_Node_2_Factory_Area,41.71,72.05,1.918,464.2,34.46,18.46,17.7,29.7,72.3,4.1,116,Unhealthy for Sensitive Groups,N,1010.27,8.74,Low,Peak,Active,57.5,0.7,123.13,Increasing
08-06-2024 01:00,NODE_02,Sensor_Node_2_Factory_Area,44.7,57.72,2.569,456.8,39.84,13.39,13.2,29.8,80.5,5.4,124,Unhealthy for Sensitive Groups,NW,1019.55,1.01,Low,Normal,Maintenance,36.6,0.7,119.96,Decreasing
08-06-2024 02:00,NODE_02,Sensor_Node_2_Factory_Area,44.85,66.93,2.203,451.2,30,10.62,25.65,29.2,77.9,4,124,Unhealthy for Sensitive Groups,NE,1015.44,4.49,High,Low,Active,65,0.9,114.46,Increasing
08-06-2024 03:00,NODE_02,Sensor_Node_2_Factory_Area,18.31,40.62,1.216,418.6,6.17,2.47,28.76,31.3,81.5,2.1,64,Moderate,SE,1006.14,3.47,High,Normal,Fault,24.4,0.96,59.76,Stable
08-06-2024 04:00,NODE_02,Sensor_Node_2_Factory_Area,18.13,30.69,0.876,427.9,21.94,6.06,25.07,30.8,79.1,4.6,64,Moderate,E,1007.85,7.99,High,Low,Active,88.4,0.75,70.22,Increasing
08-06-2024 05:00,NODE_02,Sensor_Node_2_Factory_Area,9.83,25.1,1.199,440.8,13.37,5.9,25.31,33.2,73.9,2.7,41,Good,NE,1008.96,2.63,Low,Low,Active,43.3,0.9,43.22,Decreasing
08-06-2024 06:00,NODE_02,Sensor_Node_2_Factory_Area,73.62,124.86,4.637,516.2,48.51,22.73,14.44,34,72,4.7,160,Unhealthy,W,1013.97,3.5,Medium,Normal,Active,83.6,0.73,146.08,Increasing
08-06-2024 07:00,NODE_02,Sensor_Node_2_Factory_Area,76.39,126.87,3.745,496.6,58.83,16.94,9.27,35.1,76.2,2.7,162,Unhealthy,NW,1017.64,1.59,High,High,Active,78.4,0.98,151.23,Increasing
08-06-2024 08:00,NODE_02,Sensor_Node_2_Factory_Area,79.99,124.51,3.394,504.9,50.27,27.07,15.87,34.1,60,0.3,164,Unhealthy,E,1016.03,3.35,High,Normal,Active,88,0.72,156.37,Decreasing
08-06-2024 09:00,NODE_02,Sensor_Node_2_Factory_Area,71.33,89.62,3.901,509.2,47.2,27.38,21.96,35.3,66,2.9,159,Unhealthy,E,1008.28,2.74,High,Normal,Maintenance,35.9,0.72,157.31,Decreasing
08-06-2024 10:00,NODE_02,Sensor_Node_2_Factory_Area,60.34,121.49,3.734,524.9,58.84,22.14,16.71,35.5,62.3,0.7,154,Unhealthy,N,1012.68,9.37,Medium,Normal,Active,22.2,0.81,149.34,Stable
08-06-2024 11:00,NODE_02,Sensor_Node_2_Factory_Area,83.93,124.25,4.625,509.2,63.8,15.4,15.06,40.3,71.9,2.9,166,Unhealthy,NW,1008.32,8.26,Medium,Normal,Maintenance,35,0.92,164.71,Increasing
08-06-2024 12:00,NODE_02,Sensor_Node_2_Factory_Area,67.2,109.12,3.612,519.5,58.19,23.13,18.54,38.2,71.8,3.3,157,Unhealthy,NW,1021.49,9.45,Medium,Peak,Active,22.3,0.87,168.56,Increasing
08-06-2024 13:00,NODE_02,Sensor_Node_2_Factory_Area,79.12,100.14,4.227,515.9,45.4,21.73,16.05,38.2,64.5,2.8,163,Unhealthy,SE,1009.69,3.39,Low,Normal,Active,50.6,0.9,149.22,Decreasing
08-06-2024 14:00,NODE_02,Sensor_Node_2_Factory_Area,58.28,120.24,3.939,502.6,50.68,17.37,14.17,38.9,74.4,2.5,152,Unhealthy,SE,1011.6,2.89,High,Peak,Active,84.7,0.77,138.81,Decreasing
08-06-2024 15:00,NODE_02,Sensor_Node_2_Factory_Area,76.71,93.08,3.317,485.5,44.17,28.35,12.99,35.8,77.6,4,162,Unhealthy,SW,1010.3,6.13,Medium,Normal,Active,77.4,0.84,153.25,Decreasing
08-06-2024 16:00,NODE_02,Sensor_Node_2_Factory_Area,65.48,105.61,3.424,503.9,37.43,16.73,21.08,32.9,77.5,1.9,156,Unhealthy,W,1004.8,6.73,Medium,Low,Active,69.3,0.82,163.31,Decreasing
08-06-2024 17:00,NODE_02,Sensor_Node_2_Factory_Area,59.63,80.79,3.129,501.5,29.14,21.87,16.6,34.7,72,5.3,153,Unhealthy,NW,1011.53,9.41,High,High,Active,33.8,0.94,166.18,Decreasing
08-06-2024 18:00,NODE_02,Sensor_Node_2_Factory_Area,59.35,88.83,3.64,445.3,40.53,19.33,16.68,31.3,76.5,6.1,153,Unhealthy,SW,1016.93,6.59,Low,High,Active,86,0.91,155.66,Stable
08-06-2024 19:00,NODE_02,Sensor_Node_2_Factory_Area,47.21,99.08,3.913,486,46.67,18.5,21.46,35.1,74.4,4,130,Unhealthy for Sensitive Groups,NW,1010.98,3.22,Medium,High,Active,58.5,0.97,131.1,Decreasing
08-06-2024 20:00,NODE_02,Sensor_Node_2_Factory_Area,68.06,93.41,3.846,491.5,51.5,20.99,19.78,32.7,76.5,1.1,157,Unhealthy,E,1002.09,5.17,High,Normal,Active,77,0.89,169.61,Stable
08-06-2024 21:00,NODE_02,Sensor_Node_2_Factory_Area,59.55,123.48,3.567,476.7,41.74,22.95,14.72,28.9,67.8,2.5,153,Unhealthy,NW,1010.75,4.44,Low,Peak,Active,97,0.98,140.65,Decreasing
08-06-2024 22:00,NODE_02,Sensor_Node_2_Factory_Area,47.75,118.19,3.305,480.5,33.58,18.15,9.71,30,89.6,5.6,131,Unhealthy for Sensitive Groups,NE,1007.73,1.97,Low,Low,Active,67.9,0.92,141.76,Increasing
08-06-2024 23:00,NODE_02,Sensor_Node_2_Factory_Area,48.21,66.8,2.096,499.7,24.76,12.62,22.33,28.7,81.7,5.3,132,Unhealthy for Sensitive Groups,SW,1012.31,4.13,Medium,Low,Active,41.2,0.72,139.07,Stable
09-06-2024 00:00,NODE_02,Sensor_Node_2_Factory_Area,47.59,70.7,3.351,457,42.2,18.74,29.65,30.3,73.3,0.5,131,Unhealthy for Sensitive Groups,W,1017.79,6.08,Medium,Normal,Active,41,0.93,128.03,Increasing
09-06-2024 01:00,NODE_02,Sensor_Node_2_Factory_Area,59.51,69.41,2.089,465.6,25.89,16.14,17.77,29.7,83.6,3,153,Unhealthy,SE,1007.8,5.35,Medium,Peak,Maintenance,83.3,0.92,160.69,Increasing
09-06-2024 02:00,NODE_02,Sensor_Node_2_Factory_Area,44.27,74.27,2.28,469,36.2,13.54,22.9,29.3,73.6,4.3,123,Unhealthy for Sensitive Groups,SW,1011.07,2.43,Medium,Normal,Active,67.5,0.93,131.12,Decreasing
09-06-2024 03:00,NODE_02,Sensor_Node_2_Factory_Area,12,41.04,0.502,445.4,10.92,3.12,17.57,32.6,68.1,1.1,500,Hazardous,N,1012.28,2.96,Low,High,Maintenance,55.3,0.74,490.6,Stable
09-06-2024 04:00,NODE_02,Sensor_Node_2_Factory_Area,24.08,26.19,0.973,435.7,15.77,5.9,24.78,31.2,65.6,2.2,76,Moderate,SE,1003.43,9.48,High,Low,Active,73.2,0.9,79.8,Decreasing
09-06-2024 05:00,NODE_02,Sensor_Node_2_Factory_Area,8.93,21.58,0.337,406.5,8.73,9.4,22.21,33.6,69.9,2,37,Good,N,1014.12,2.71,Low,Low,Active,89.3,0.89,40.03,Decreasing
09-06-2024 06:00,NODE_02,Sensor_Node_2_Factory_Area,61.64,119.73,5.077,537.2,58.01,22.85,17.52,34.5,71.8,1.1,154,Unhealthy,NE,1010.24,5.76,Low,Low,Active,89.7,0.77,144.4,Stable
09-06-2024 07:00,NODE_02,Sensor_Node_2_Factory_Area,75.03,106.77,3.93,519.4,54.38,24.6,14.58,33.4,69,4.8,161,Unhealthy,SW,1006.26,9.71,High,Normal,Active,37.5,0.82,149.58,Decreasing
09-06-2024 08:00,NODE_02,Sensor_Node_2_Factory_Area,63.32,108.29,4.763,497.4,49.41,29.87,20.07,35.4,71.6,4,155,Unhealthy,W,1003.93,7.85,Medium,High,Active,91,0.91,147.71,Decreasing
09-06-2024 09:00,NODE_02,Sensor_Node_2_Factory_Area,69.61,118.96,4.198,523.4,60.98,21.2,18.43,35.1,70.5,6,158,Unhealthy,E,1011.75,7.74,Medium,High,Active,24.4,0.95,146.41,Increasing
09-06-2024 10:00,NODE_02,Sensor_Node_2_Factory_Area,69.12,152.68,3.709,522.5,47.38,25.42,18.88,37.5,63.8,7.4,158,Unhealthy,NW,1016.92,7.56,Low,Low,Active,85.7,0.83,147.82,Decreasing
09-06-2024 11:00,NODE_02,Sensor_Node_2_Factory_Area,72.63,127.24,5.055,489.3,50.71,24.54,14.72,37.7,72.6,1.2,160,Unhealthy,NE,1014.95,9.6,High,High,Active,89.2,0.88,156.32,Stable
09-06-2024 12:00,NODE_02,Sensor_Node_2_Factory_Area,48.94,115.13,3.289,483.5,71.43,25.79,20.76,37.9,70.6,2.1,134,Unhealthy for Sensitive Groups,SW,1004.93,9.23,Low,Normal,Active,25.3,0.72,126.21,Increasing
09-06-2024 13:00,NODE_02,Sensor_Node_2_Factory_Area,57.37,116.06,4.413,510.7,55.19,17.95,16.5,39.3,63,2.3,500,Hazardous,SW,1009.95,4.96,High,Peak,Active,75.5,0.81,548.89,Increasing
09-06-2024 14:00,NODE_02,Sensor_Node_2_Factory_Area,71.55,144.99,3.819,524,68.42,24.08,13.36,36.3,74.6,2.9,159,Unhealthy,NE,1014.75,2.67,High,Peak,Active,74.8,0.72,164.11,Decreasing
09-06-2024 15:00,NODE_02,Sensor_Node_2_Factory_Area,67.41,113.33,3.304,471.1,51.55,25.26,13.3,35.3,68,2,157,Unhealthy,N,1019.16,2.99,High,High,Active,66,0.87,170.97,Decreasing
09-06-2024 16:00,NODE_02,Sensor_Node_2_Factory_Area,59.02,90.53,3.678,472.6,49.08,18.09,13.71,36.1,57.4,2,153,Unhealthy,NE,1021.05,9.35,Low,Peak,Active,38.9,0.71,158.41,Decreasing
09-06-2024 17:00,NODE_02,Sensor_Node_2_Factory_Area,134.75,160.5,4.412,510.9,43.14,25.44,23.13,34.4,72.1,3.8,500,Hazardous,E,1013.3,9.92,Medium,High,Maintenance,89.3,0.89,465.31,Increasing
09-06-2024 18:00,NODE_02,Sensor_Node_2_Factory_Area,49.86,99.62,3.06,490.3,36.13,12.82,12,33.9,62.3,6,136,Unhealthy for Sensitive Groups,NW,1018.46,9.87,Low,Peak,Fault,40.8,0.93,148.69,Increasing
09-06-2024 19:00,NODE_02,Sensor_Node_2_Factory_Area,72.8,126.13,3.771,480.4,40.29,19.91,21.38,33.4,65.7,5.8,160,Unhealthy,NW,1003.6,3.67,Low,Low,Active,54,0.77,174.69,Stable
09-06-2024 20:00,NODE_02,Sensor_Node_2_Factory_Area,38.31,83.33,3.591,481.4,41.5,23.15,18.13,31.3,73.1,2.5,108,Unhealthy for Sensitive Groups,SE,1015.05,1.47,High,Normal,Active,99.2,0.84,110.82,Increasing
09-06-2024 21:00,NODE_02,Sensor_Node_2_Factory_Area,54.99,82.84,3.161,477.7,45.3,24.78,19.7,31.3,77.6,1.1,149,Unhealthy for Sensitive Groups,N,1021.55,6.31,High,Low,Active,21.1,0.79,144.44,Decreasing
09-06-2024 22:00,NODE_02,Sensor_Node_2_Factory_Area,50.3,108.63,3.531,486.2,46.16,20.03,20.05,32,72.6,8.9,137,Unhealthy for Sensitive Groups,SW,1011.75,8.93,Low,Low,Active,34,0.74,136.15,Decreasing
09-06-2024 23:00,NODE_02,Sensor_Node_2_Factory_Area,53.39,51.66,2.827,472,26.02,18.16,11.73,32.6,91.3,1.3,145,Unhealthy for Sensitive Groups,NW,1020.26,7.51,Low,Normal,Active,82.3,0.91,157.63,Decreasing
10-06-2024 00:00,NODE_02,Sensor_Node_2_Factory_Area,61.38,127.65,3.679,416.2,53.08,25.18,23.37,31,87.6,2.8,154,Unhealthy,W,1020.13,5.88,Low,Low,Active,39.5,0.94,142.73,Decreasing
10-06-2024 01:00,NODE_02,Sensor_Node_2_Factory_Area,64.31,129.77,3.769,505.7,54.94,21.22,14.8,30.4,72.9,4.9,156,Unhealthy,N,1015.75,3.38,Low,Low,Active,50.8,0.77,170.08,Increasing
10-06-2024 02:00,NODE_02,Sensor_Node_2_Factory_Area,74.32,121.53,3.88,492.8,60.48,17.39,29.61,32.4,72.1,3.2,161,Unhealthy,NE,1022.05,1.1,High,High,Active,22.3,0.97,163.84,Decreasing
10-06-2024 03:00,NODE_02,Sensor_Node_2_Factory_Area,12.47,41.13,1.757,458.9,6.78,9.5,25.29,33.4,81.2,2.1,52,Moderate,NE,1010.26,6.9,Low,Low,Active,62,0.76,49.04,Increasing
10-06-2024 04:00,NODE_02,Sensor_Node_2_Factory_Area,32.86,40.71,1.546,447.8,21.6,10.26,31.57,31.5,68.8,3.6,95,Moderate,SW,1010.63,7.4,Medium,Peak,Maintenance,98.5,0.96,92.91,Increasing
10-06-2024 05:00,NODE_02,Sensor_Node_2_Factory_Area,20.25,56.66,2.135,453.5,19.61,15.52,21.55,36,74.3,2.6,68,Moderate,NE,1021.15,2.91,High,Low,Active,98.9,0.73,72.91,Decreasing
10-06-2024 06:00,NODE_02,Sensor_Node_2_Factory_Area,106.55,167.56,6.921,509.6,98.12,34.06,22.69,34.1,71.4,3.7,177,Unhealthy,S,1014.34,7.95,Low,Low,Active,80.4,0.9,172.28,Decreasing
10-06-2024 07:00,NODE_02,Sensor_Node_2_Factory_Area,107.68,192.96,5.614,459.8,81.81,40.65,17.11,33.1,59.8,2.3,178,Unhealthy,E,1004.54,4.6,High,High,Active,80.6,0.83,162.57,Stable
10-06-2024 08:00,NODE_02,Sensor_Node_2_Factory_Area,116.07,197.97,7.217,493.7,90.58,41.6,9.31,36.2,68.8,1.5,182,Unhealthy,NE,1012.16,9.02,Medium,Normal,Active,74.6,0.71,165.8,Stable
10-06-2024 09:00,NODE_02,Sensor_Node_2_Factory_Area,101.49,195.35,7.487,501.3,83.34,41.67,22.3,35.9,71.9,2.9,175,Unhealthy,S,1029.88,7.81,Medium,Peak,Active,30.8,0.98,160.48,Stable
10-06-2024 10:00,NODE_02,Sensor_Node_2_Factory_Area,118.56,182.86,6.3,488.4,76.41,26.02,14.18,38.2,68.3,1.5,184,Unhealthy,N,997.79,1.87,High,Peak,Active,58.7,0.76,172.65,Decreasing
10-06-2024 11:00,NODE_02,Sensor_Node_2_Factory_Area,103.34,169.99,6.213,481.1,78.63,36.52,11.64,39.8,59.9,4.5,176,Unhealthy,E,1019.93,6,Medium,High,Active,64.8,0.95,187.22,Stable
10-06-2024 12:00,NODE_02,Sensor_Node_2_Factory_Area,115.52,197.23,6.081,515.5,89.54,37.77,15.84,38.9,65.5,1.7,182,Unhealthy,S,1008.95,2.47,Medium,Low,Active,66.8,0.93,170.25,Stable
10-06-2024 13:00,NODE_02,Sensor_Node_2_Factory_Area,113.23,181.83,7.44,470.1,94.87,38.5,16.17,35.3,66.2,4.2,181,Unhealthy,N,1015.17,6.09,High,Peak,Active,54.3,0.97,186.18,Increasing
10-06-2024 14:00,NODE_02,Sensor_Node_2_Factory_Area,104.67,186.14,6.523,493.4,90.71,34.82,6.6,37.7,71.6,4.4,176,Unhealthy,SE,1016.95,6.14,High,High,Active,82.9,0.99,177.61,Decreasing
10-06-2024 15:00,NODE_02,Sensor_Node_2_Factory_Area,99.5,158.87,4.64,472.9,51.11,27.93,21.66,34.5,75.5,1.1,174,Unhealthy,SE,1003.91,3.64,Low,High,Active,46.8,0.76,169.74,Increasing
10-06-2024 16:00,NODE_02,Sensor_Node_2_Factory_Area,75.34,175.25,5.711,479.7,73.7,27.96,15.38,35,67.6,4.2,161,Unhealthy,E,1002.65,6.41,High,High,Active,87.5,0.89,155.57,Decreasing
10-06-2024 17:00,NODE_02,Sensor_Node_2_Factory_Area,84.81,183.9,4.519,495.3,68.67,30.92,16.15,35.9,62.2,2.9,166,Unhealthy,NW,1006.78,2.14,High,High,Active,20.7,0.8,168.4,Decreasing
10-06-2024 18:00,NODE_02,Sensor_Node_2_Factory_Area,93.84,136.34,4.772,460.6,77.39,24.36,17.46,33.8,74.8,4,171,Unhealthy,S,1011.41,8.34,High,Peak,Active,56.1,0.93,167.73,Decreasing
10-06-2024 19:00,NODE_02,Sensor_Node_2_Factory_Area,321.18,590.41,16.879,498.3,68.99,61.54,21.91,35.2,82.6,4,485,Hazardous,S,1001.9,8.22,Medium,Normal,Active,34.4,0.74,449.52,Stable
10-06-2024 20:00,NODE_02,Sensor_Node_2_Factory_Area,82.87,157.96,5.754,461.9,60.04,28.76,18.58,31.9,73.1,4.7,165,Unhealthy,W,1015.94,7.03,High,Peak,Active,37.7,0.8,160.84,Decreasing
10-06-2024 21:00,NODE_02,Sensor_Node_2_Factory_Area,85.39,145.27,6.339,522.3,76.5,31.29,28.44,30.7,71.2,1.6,166,Unhealthy,N,1015.55,2.21,Medium,Normal,Active,59.1,0.75,177.03,Increasing
10-06-2024 22:00,NODE_02,Sensor_Node_2_Factory_Area,88.97,156.2,5.22,486.8,68.13,35.75,21.5,31.9,78.3,3.2,168,Unhealthy,W,1013.79,6.94,Low,Low,Active,81.6,0.98,171.09,Increasing
10-06-2024 23:00,NODE_02,Sensor_Node_2_Factory_Area,53.08,106.55,3.532,473.4,54.25,24.31,29.67,32.4,72.9,2.3,144,Unhealthy for Sensitive Groups,SE,1013.35,4.38,Low,Low,Fault,20.1,0.73,133.03,Increasing
11-06-2024 00:00,NODE_02,Sensor_Node_2_Factory_Area,64.9,98.68,2.993,468.4,43.71,25.31,19.39,30.5,86.2,3.4,156,Unhealthy,SE,1004.09,5.89,Low,High,Active,74.5,0.78,142.3,Stable
11-06-2024 01:00,NODE_02,Sensor_Node_2_Factory_Area,54.12,118.38,4.392,484.6,51.08,22.81,22.46,27.9,76.9,5.4,147,Unhealthy for Sensitive Groups,NE,1010.1,4.77,Low,Low,Active,46.4,0.73,141.79,Decreasing
11-06-2024 02:00,NODE_02,Sensor_Node_2_Factory_Area,58.61,96.24,3.723,504.4,44.67,26.3,28.72,30.6,73.1,1.1,153,Unhealthy,NW,1012.25,7.62,Low,Low,Active,24.2,0.76,152.1,Increasing
11-06-2024 03:00,NODE_02,Sensor_Node_2_Factory_Area,31.6,38.28,1.827,454.3,18.74,8.72,28.34,30.9,74.4,1.8,92,Moderate,SW,1016.64,1.36,Low,Low,Active,42.6,0.84,91.68,Increasing
11-06-2024 04:00,NODE_02,Sensor_Node_2_Factory_Area,189.6,173.7,7.087,467.8,19.71,24.39,25.51,29.6,65.7,3.8,240,Very Unhealthy,SW,1012.79,2.48,High,High,Active,32.1,0.78,216.35,Decreasing
11-06-2024 05:00,NODE_02,Sensor_Node_2_Factory_Area,27.89,74.09,1.385,445.1,20.86,9.74,22.8,34.9,72.4,4.4,84,Moderate,SW,1022,4.89,Low,Peak,Active,66.4,0.79,84.92,Decreasing
11-06-2024 06:00,NODE_02,Sensor_Node_2_Factory_Area,109.12,168.93,5.986,517.8,86.15,32.74,16.22,34.3,75.5,4.3,179,Unhealthy,S,1015.75,6.41,Medium,Peak,Active,32.9,0.72,196.45,Decreasing
11-06-2024 07:00,NODE_02,Sensor_Node_2_Factory_Area,124.56,158.04,7.005,508.9,76.79,36.66,23.23,37.7,64.3,2,187,Unhealthy,SW,1012.33,1.19,Medium,Normal,Active,55,0.83,173.21,Increasing
11-06-2024 08:00,NODE_02,Sensor_Node_2_Factory_Area,111.86,193.95,6.894,512.9,90.25,30.45,24.76,37.9,65.8,2,180,Unhealthy,NW,1014.71,7.95,Low,Normal,Active,78.7,0.97,187.33,Decreasing
11-06-2024 09:00,NODE_02,Sensor_Node_2_Factory_Area,103.7,179.71,5.886,503.3,80.89,32.86,11.58,35.9,60.6,4.5,176,Unhealthy,E,1021.69,2.83,High,Peak,Maintenance,81.6,0.98,163.14,Decreasing
11-06-2024 10:00,NODE_02,Sensor_Node_2_Factory_Area,113.21,209.36,5.98,491.5,87.1,38.29,16.08,37.4,60.4,4.6,181,Unhealthy,NW,1005.24,1.67,Low,Peak,Active,86.4,0.75,179.48,Stable
11-06-2024 11:00,NODE_02,Sensor_Node_2_Factory_Area,88.72,183.89,6.124,493.1,81.37,40.02,11.33,38.8,63.2,2.8,168,Unhealthy,W,1009.84,7.27,Low,Low,Active,97.8,0.85,171.67,Increasing
11-06-2024 12:00,NODE_02,Sensor_Node_2_Factory_Area,123.12,180.4,6.281,505.1,85.38,42.17,12.04,38,70.6,5.2,186,Unhealthy,NW,1009.9,2.49,High,Normal,Active,95.8,0.92,189.12,Increasing
11-06-2024 13:00,NODE_02,Sensor_Node_2_Factory_Area,104.29,182.72,6.313,484.3,90.63,36.63,13.87,37.4,66.2,1.2,176,Unhealthy,W,1007.98,1.61,Low,Peak,Active,96.1,0.85,161.44,Stable
11-06-2024 14:00,NODE_02,Sensor_Node_2_Factory_Area,105.41,186.31,6.476,533.9,78.38,29.39,23,36.1,75.6,4.4,177,Unhealthy,SE,1006.26,1.54,Low,Normal,Active,95.3,0.75,178.35,Decreasing
11-06-2024 15:00,NODE_02,Sensor_Node_2_Factory_Area,319.85,412.62,11.609,492.1,64.49,50.27,22.44,37.2,74.1,2.8,356,Hazardous,E,1015.59,6.03,High,Low,Active,58.6,1,338.38,Decreasing
11-06-2024 16:00,NODE_02,Sensor_Node_2_Factory_Area,82.29,155.43,5.219,486.7,69.87,35.85,15.42,36.1,65.1,1.7,165,Unhealthy,SW,1009.26,5.65,High,Normal,Active,99.5,0.91,155.26,Increasing
11-06-2024 17:00,NODE_02,Sensor_Node_2_Factory_Area,90.36,131.57,5.169,494.7,80.22,30.68,16.15,33,63.1,0.4,169,Unhealthy,E,1015.67,5.67,Medium,Peak,Active,70.5,0.99,179.12,Stable
11-06-2024 18:00,NODE_02,Sensor_Node_2_Factory_Area,77.63,178.29,5.264,476.5,60.48,25.38,15.35,36,71.8,2.7,162,Unhealthy,NE,1009.24,6.3,Medium,Normal,Active,70.6,0.91,157.37,Stable
11-06-2024 19:00,NODE_02,Sensor_Node_2_Factory_Area,76.42,143.73,5.775,494.5,63.91,23.87,13.57,31.6,73.6,6.3,162,Unhealthy,SE,1004.43,7.36,Medium,Low,Active,55.4,0.89,152.7,Stable
11-06-2024 20:00,NODE_02,Sensor_Node_2_Factory_Area,89.53,149.92,5.1,468.1,69.25,33.92,17.59,31.7,75.5,3.9,169,Unhealthy,E,1019.19,4.67,High,Normal,Active,32.1,0.9,169.32,Increasing
11-06-2024 21:00,NODE_02,Sensor_Node_2_Factory_Area,96.95,157.9,5.134,508.8,58.93,30.89,20.55,29.8,79,1.8,172,Unhealthy,W,1022.79,4.64,High,High,Active,54.6,0.92,170.15,Decreasing
11-06-2024 22:00,NODE_02,Sensor_Node_2_Factory_Area,94.9,144,5.255,484.6,62.9,30.81,17.36,28.3,66.4,3.2,171,Unhealthy,SE,1013.35,5.02,Low,Peak,Active,93.7,0.92,163.63,Decreasing
11-06-2024 23:00,NODE_02,Sensor_Node_2_Factory_Area,72.31,114.77,3.656,504.2,51.66,24.62,22.22,29.8,77.7,3.5,160,Unhealthy,NE,1015.14,8.9,Low,Normal,Active,58.2,0.78,153.46,Decreasing
12-06-2024 00:00,NODE_02,Sensor_Node_2_Factory_Area,81.62,117.1,3.402,461.1,42.09,24.67,17.87,25.4,92.8,0.6,164,Unhealthy,SW,1022.42,8.02,Medium,Peak,Active,95,0.84,179.71,Stable
12-06-2024 01:00,NODE_02,Sensor_Node_2_Factory_Area,61.44,105.93,4.676,447.3,58.36,19.25,14.18,32.7,83.3,3.6,154,Unhealthy,N,1015.05,7.8,Medium,Low,Active,62.2,0.95,153.75,Decreasing
12-06-2024 02:00,NODE_02,Sensor_Node_2_Factory_Area,70.79,96.75,3.896,452.3,40.68,23.24,26.59,30,75.9,5.8,159,Unhealthy,N,1018.99,3.27,Low,Peak,Active,60.6,0.99,144.46,Decreasing
12-06-2024 03:00,NODE_02,Sensor_Node_2_Factory_Area,18.39,58.58,1.873,426.4,16.45,12.18,29.06,30.9,73.7,2.5,64,Moderate,N,1016.28,1.45,High,Peak,Active,86.2,0.92,67.83,Decreasing
12-06-2024 04:00,NODE_02,Sensor_Node_2_Factory_Area,33.47,45.58,1.076,466.5,21.84,6.16,18.05,30.1,72.8,4.1,96,Moderate,E,1019.92,1.2,Medium,Normal,Maintenance,56.8,0.95,100.59,Decreasing
12-06-2024 05:00,NODE_02,Sensor_Node_2_Factory_Area,42.9,45.67,1.009,429,12.03,5.58,20.57,30.1,82.6,1,119,Unhealthy for Sensitive Groups,E,1013.87,7.03,Medium,Normal,Active,65.6,0.98,117.46,Stable
12-06-2024 06:00,NODE_02,Sensor_Node_2_Factory_Area,111.77,178.3,5.064,558.2,85.33,33.64,6.33,31.8,81.9,0.4,180,Unhealthy,E,1013.79,9.91,Medium,High,Maintenance,20.8,0.9,181.28,Decreasing
12-06-2024 07:00,NODE_02,Sensor_Node_2_Factory_Area,122.02,200.55,5.842,532.2,87.15,38.62,18.23,32.8,63.3,4.7,185,Unhealthy,SE,1015.65,7.71,Low,Peak,Active,70,0.95,199.04,Increasing
12-06-2024 08:00,NODE_02,Sensor_Node_2_Factory_Area,98.96,187.55,6.312,519.3,88.72,31.96,23.23,34.3,75.6,5.3,173,Unhealthy,S,1003.9,4.12,Medium,Low,Active,84.1,0.8,158.91,Decreasing
12-06-2024 09:00,NODE_02,Sensor_Node_2_Factory_Area,105.6,192.77,6.737,512,89.49,37.86,9.68,37.2,64.4,2.5,177,Unhealthy,SE,1006.76,1.61,Low,Peak,Active,23.4,0.74,178.82,Decreasing
12-06-2024 10:00,NODE_02,Sensor_Node_2_Factory_Area,111.47,193.5,6.928,528.5,86.35,38.07,16.48,38.6,69.7,2.8,180,Unhealthy,N,1020.17,5.29,Low,Low,Active,55.1,0.93,172.31,Increasing
12-06-2024 11:00,NODE_02,Sensor_Node_2_Factory_Area,109.56,210.36,5.723,519.6,94.06,28.37,16.69,38.9,67.7,0.3,179,Unhealthy,S,1020.52,6.77,Medium,High,Fault,62.2,0.78,189.48,Stable
12-06-2024 12:00,NODE_02,Sensor_Node_2_Factory_Area,113.03,191.91,5.853,547.6,80.48,37.74,12.77,34.6,60.5,1,181,Unhealthy,W,1014.58,5.13,High,Normal,Active,52.9,0.87,185.47,Decreasing
12-06-2024 13:00,NODE_02,Sensor_Node_2_Factory_Area,98.42,205.28,6.097,495.7,76.55,36.38,12.42,39.4,68,4.6,173,Unhealthy,NE,1006.29,8.3,Low,High,Maintenance,66.1,0.92,178.9,Decreasing
12-06-2024 14:00,NODE_02,Sensor_Node_2_Factory_Area,110.06,190.3,5.669,503.7,86.25,41.33,12.24,40.9,70.1,3.9,179,Unhealthy,S,1019.22,2.71,Low,Peak,Active,66.5,0.9,167.28,Increasing
12-06-2024 15:00,NODE_02,Sensor_Node_2_Factory_Area,75.84,169.41,5.129,489.7,59.05,34.09,13.46,38.1,75.9,5.3,162,Unhealthy,NE,1012.48,8.99,High,High,Active,67.7,0.84,173.18,Increasing
12-06-2024 16:00,NODE_02,Sensor_Node_2_Factory_Area,102.78,155.75,5.032,485.8,62,25.74,20.61,35.8,71,5.1,175,Unhealthy,NW,1004.98,7.15,Medium,High,Active,32.4,0.75,181.64,Stable
12-06-2024 17:00,NODE_02,Sensor_Node_2_Factory_Area,76.08,136.34,5.128,453.6,58.06,32.03,16.85,37.8,73,1.6,162,Unhealthy,E,1015.72,9.79,Low,Peak,Active,80.8,0.89,168.23,Increasing
12-06-2024 18:00,NODE_02,Sensor_Node_2_Factory_Area,84.92,141.74,4.587,499,73.25,30.4,14.26,34.5,60.5,2.3,166,Unhealthy,N,1017.35,3.75,Low,Normal,Active,52.3,0.83,149.79,Stable
12-06-2024 19:00,NODE_02,Sensor_Node_2_Factory_Area,98.58,153.61,5.222,485.7,59.43,33.33,9.97,30.7,72.9,3.6,173,Unhealthy,E,1017.26,8.05,Medium,High,Active,94.4,0.73,186.6,Increasing
12-06-2024 20:00,NODE_02,Sensor_Node_2_Factory_Area,78.57,173.8,5.638,509.2,80.41,29.12,13.34,31.8,71.6,0.9,163,Unhealthy,SE,1010.14,3.98,Low,Low,Active,80.6,0.98,173.42,Increasing
12-06-2024 21:00,NODE_02,Sensor_Node_2_Factory_Area,82.33,141.47,4.997,496.9,73.89,22.39,16.88,31,69.1,5.1,165,Unhealthy,SW,1008.88,5.71,Medium,Normal,Active,31.4,0.77,149.54,Stable
12-06-2024 22:00,NODE_02,Sensor_Node_2_Factory_Area,92.15,153.08,4.68,523.2,73,31.01,23.42,30.9,84.9,6.1,170,Unhealthy,E,1004.16,3.58,Low,Low,Active,62.3,0.71,182.01,Increasing
12-06-2024 23:00,NODE_02,Sensor_Node_2_Factory_Area,66.45,136.07,4.596,479.7,54.02,24.38,25.73,32.1,76.4,5.8,157,Unhealthy,E,1021.12,1.93,Medium,Low,Active,20.7,0.97,167.04,Increasing
13-06-2024 00:00,NODE_02,Sensor_Node_2_Factory_Area,76.54,118.8,4.165,493.9,55.63,25.26,18.85,32.2,82.2,5.4,162,Unhealthy,S,1013.28,2.11,Low,Normal,Active,93.8,0.76,167.78,Increasing
13-06-2024 01:00,NODE_02,Sensor_Node_2_Factory_Area,67.01,129.42,5.134,448,44.77,32.34,22.93,30.4,77.1,3.2,157,Unhealthy,NE,1021.4,4.3,Low,Normal,Active,67.3,0.73,163.49,Increasing
13-06-2024 02:00,NODE_02,Sensor_Node_2_Factory_Area,60.68,112.64,3.665,482.2,58.96,28.08,24.63,34.3,73.7,3,154,Unhealthy,NW,1010.45,1.13,High,Normal,Active,71,0.85,147.97,Increasing
13-06-2024 03:00,NODE_02,Sensor_Node_2_Factory_Area,20.82,28.24,1.442,442.1,16.48,4.94,23.96,29.6,80.1,3,69,Moderate,N,1022.27,9.43,Medium,Low,Active,35.3,0.7,64.89,Stable
13-06-2024 04:00,NODE_02,Sensor_Node_2_Factory_Area,31.66,46.23,2.147,412.8,16.09,7.68,28.56,32.3,87.9,3.4,92,Moderate,E,1001.08,5.72,High,Normal,Active,44.7,0.96,85.07,Decreasing
13-06-2024 05:00,NODE_02,Sensor_Node_2_Factory_Area,21.05,27.47,1.942,419.9,6.51,7.5,29.5,31.1,77,1.9,70,Moderate,E,1012.98,4.42,Low,High,Active,63.1,0.88,76.83,Increasing
13-06-2024 06:00,NODE_02,Sensor_Node_2_Factory_Area,108.18,212.08,6.725,500.3,86.91,33.26,21.57,35.7,72.7,2.1,178,Unhealthy,NE,1007.12,9.47,High,Normal,Active,44.4,0.96,177.59,Decreasing
13-06-2024 07:00,NODE_02,Sensor_Node_2_Factory_Area,111.85,184.73,6.356,524.1,90.46,36.74,21.95,33.6,76.9,4.1,180,Unhealthy,NW,1008.37,7.6,Medium,Normal,Active,51.8,0.91,181.94,Decreasing
13-06-2024 08:00,NODE_02,Sensor_Node_2_Factory_Area,109.89,162.02,6.765,519.6,80.8,34.51,15.2,33.1,54.8,3.7,179,Unhealthy,SE,1004.03,3.81,Medium,High,Active,99.7,0.83,194.45,Stable
13-06-2024 09:00,NODE_02,Sensor_Node_2_Factory_Area,120.41,209.19,7.184,493.3,72.74,31.65,13.77,33.3,64.9,1.6,185,Unhealthy,W,1008.13,6.35,Medium,Normal,Active,20.5,0.86,173.93,Stable
13-06-2024 10:00,NODE_02,Sensor_Node_2_Factory_Area,101.68,186.91,6.578,489,86.05,36.55,16.23,36.5,58.8,4.4,175,Unhealthy,SE,1023.45,6,Medium,Low,Active,70.9,0.88,160.95,Increasing
13-06-2024 11:00,NODE_02,Sensor_Node_2_Factory_Area,123.57,188.83,6.318,513.8,71.16,31.54,12.01,37.2,60.9,3.4,186,Unhealthy,S,1008.62,4.68,High,High,Maintenance,82.6,0.8,188.88,Stable
13-06-2024 12:00,NODE_02,Sensor_Node_2_Factory_Area,121.14,224.63,5.769,507.7,85.02,35.94,10.58,36.6,67.4,1.1,185,Unhealthy,NE,1018.49,1.05,Medium,Low,Active,78.6,0.8,194.31,Increasing
13-06-2024 13:00,NODE_02,Sensor_Node_2_Factory_Area,102.44,191.98,5.923,507.8,77.83,36.64,22.7,38.3,68.1,2,175,Unhealthy,E,1000.29,8.75,High,High,Active,21.8,0.93,166.02,Decreasing
13-06-2024 14:00,NODE_02,Sensor_Node_2_Factory_Area,123.75,175.22,6.84,518.4,77.68,40.04,18.49,40.3,68,2,186,Unhealthy,SE,1026.65,6.01,High,Normal,Active,66,0.86,191.45,Decreasing
13-06-2024 15:00,NODE_02,Sensor_Node_2_Factory_Area,87.13,147.54,4.982,491.7,57.24,27.84,21.28,37.8,56.6,2.3,167,Unhealthy,SE,1011.9,2.01,Low,Low,Active,23.3,0.86,159.25,Decreasing
13-06-2024 16:00,NODE_02,Sensor_Node_2_Factory_Area,86.52,118.9,5.867,490.2,56.48,30.3,20.12,37.8,67.1,4.3,167,Unhealthy,N,1017.47,3.07,Low,High,Active,64.9,0.81,157.73,Stable
13-06-2024 17:00,NODE_02,Sensor_Node_2_Factory_Area,88.1,141.03,4.674,485.8,58.62,35.21,28.04,34.4,62.1,1.3,168,Unhealthy,NW,1019.44,4,High,Normal,Active,86.5,0.84,153.54,Decreasing
13-06-2024 18:00,NODE_02,Sensor_Node_2_Factory_Area,97.4,140.98,5.392,489.1,62.47,29.76,22.79,34.1,72.6,3.8,173,Unhealthy,N,1008.56,3.92,High,Normal,Active,57.9,0.87,175.14,Stable
13-06-2024 19:00,NODE_02,Sensor_Node_2_Factory_Area,81.02,146.25,5.058,512.5,59.27,31.22,15.61,35.6,73.9,2.3,164,Unhealthy,SW,1014.55,3.24,Medium,Low,Active,23.3,0.97,164.64,Stable
13-06-2024 20:00,NODE_02,Sensor_Node_2_Factory_Area,78.01,148.72,5.251,477.8,72.51,27.96,7.99,32.8,69.7,3.3,163,Unhealthy,W,1010.37,1.01,High,High,Maintenance,73.7,0.8,152.99,Stable
13-06-2024 21:00,NODE_02,Sensor_Node_2_Factory_Area,85.11,143.94,5.409,477.1,65.19,26.38,9.78,31.3,78,4.3,166,Unhealthy,S,1007.9,1.53,Medium,High,Fault,58.5,0.96,157.72,Stable
13-06-2024 22:00,NODE_02,Sensor_Node_2_Factory_Area,84.51,143.08,5.383,459.2,73.55,27.19,23.35,32.5,81,2.3,166,Unhealthy,SE,1002.78,6.13,Low,Low,Active,94.7,0.72,169.6,Stable
13-06-2024 23:00,NODE_02,Sensor_Node_2_Factory_Area,59.5,129.44,3.773,458.2,49.48,25.92,24.69,30.8,81.6,5.5,153,Unhealthy,SE,1011.39,5.94,High,Normal,Active,57.9,0.86,148.52,Stable
14-06-2024 00:00,NODE_02,Sensor_Node_2_Factory_Area,67.77,114,4.217,475.5,44.23,23.72,22.04,30.9,77.4,5.8,157,Unhealthy,NE,1016.48,7.4,Low,High,Active,53.1,0.83,168.52,Decreasing
14-06-2024 01:00,NODE_02,Sensor_Node_2_Factory_Area,72.49,107.61,3.646,479.8,48.08,30.42,23.63,30.2,82.7,4.7,160,Unhealthy,N,1017.58,6.43,Medium,Peak,Active,52.8,0.94,149.04,Decreasing
14-06-2024 02:00,NODE_02,Sensor_Node_2_Factory_Area,73.16,131.55,3.62,447,46.13,20.47,29.14,33.8,79.3,5.1,160,Unhealthy,W,1013.38,2.69,Low,High,Active,67.8,1,144.99,Stable
14-06-2024 03:00,NODE_02,Sensor_Node_2_Factory_Area,27.58,78.14,2.493,458,28.86,12.33,24.76,30.1,76.1,1.8,84,Moderate,NW,1014.49,5.87,High,Low,Active,68.8,0.72,87.34,Increasing
14-06-2024 04:00,NODE_02,Sensor_Node_2_Factory_Area,26.28,35.94,2.107,427.6,23.3,6.2,32.99,29.4,77.9,3.7,81,Moderate,N,1013.86,7.85,Low,Normal,Maintenance,61.1,0.74,88.4,Increasing
14-06-2024 05:00,NODE_02,Sensor_Node_2_Factory_Area,17.28,51.07,1.715,440.2,16.51,8.34,25.16,33.3,73.2,3.2,62,Moderate,SE,1007.58,1.16,Medium,Normal,Active,99.1,0.71,60.11,Decreasing
14-06-2024 06:00,NODE_02,Sensor_Node_2_Factory_Area,111.61,184.64,5.874,507.8,92.45,37.78,11.91,35.2,70,4.6,180,Unhealthy,W,1002.78,6.16,Low,Peak,Active,69.1,0.86,195.04,Decreasing
14-06-2024 07:00,NODE_02,Sensor_Node_2_Factory_Area,115.72,182.74,6.153,476.8,87.58,37.48,18.13,35.4,65.9,4,182,Unhealthy,S,1008.63,7.15,High,Peak,Active,72.9,0.98,179.66,Increasing
14-06-2024 08:00,NODE_02,Sensor_Node_2_Factory_Area,103.69,197.45,6.837,496.5,81.93,38.14,8.45,34.4,63.1,2.4,176,Unhealthy,SE,1002.4,1.61,Low,High,Active,66.9,0.9,180.5,Decreasing
14-06-2024 09:00,NODE_02,Sensor_Node_2_Factory_Area,95.63,194.8,6.806,499.7,79.32,36.93,16.01,38.3,52,3.8,172,Unhealthy,E,1016.95,3.83,High,Normal,Active,53,0.85,188.14,Stable
14-06-2024 10:00,NODE_02,Sensor_Node_2_Factory_Area,110.4,200.53,6.531,502.6,81.88,45.3,23.67,38.2,67.3,3.7,179,Unhealthy,N,1026.95,2.61,Low,Peak,Maintenance,47,0.83,165.99,Decreasing
14-06-2024 11:00,NODE_02,Sensor_Node_2_Factory_Area,114.31,179.48,7.292,509.4,98.1,36.75,14.77,39.9,68,1.4,181,Unhealthy,N,1018.07,6.15,Low,Normal,Active,90.5,0.9,165.05,Stable
14-06-2024 12:00,NODE_02,Sensor_Node_2_Factory_Area,115.28,183.09,6.176,496.2,87.07,29.86,14.95,39.5,58.5,1.9,182,Unhealthy,NE,1010.31,8.43,Medium,Peak,Active,46.3,0.91,189.88,Decreasing
14-06-2024 13:00,NODE_02,Sensor_Node_2_Factory_Area,111.38,213.17,5.575,518.8,80.65,33.89,10.44,39,65.1,3.6,180,Unhealthy,W,1012.1,8.54,Medium,Peak,Active,51.9,0.97,169.23,Decreasing
14-06-2024 14:00,NODE_02,Sensor_Node_2_Factory_Area,108.64,161.99,6.155,521.1,73.45,31.64,13.87,36.4,66.6,5.7,178,Unhealthy,S,1018.92,2.46,Low,Low,Active,25.5,0.95,178.4,Stable
14-06-2024 15:00,NODE_02,Sensor_Node_2_Factory_Area,79.26,146.57,5.096,498.7,75.91,27.75,27.84,36.6,72.7,3,163,Unhealthy,NE,1008.39,7.2,Medium,Low,Active,80.7,0.89,176.22,Increasing
14-06-2024 16:00,NODE_02,Sensor_Node_2_Factory_Area,77.01,153.27,4.814,482.1,81.09,23.91,19.9,34.7,67.2,1.8,162,Unhealthy,N,1012.8,6.68,Low,Normal,Active,37.6,0.7,167.75,Increasing
14-06-2024 17:00,NODE_02,Sensor_Node_2_Factory_Area,93.96,142.9,5.278,517.7,60.89,36.45,24.4,37.1,72.3,2.2,171,Unhealthy,NW,998.98,3.08,High,Normal,Active,72.6,0.72,182.6,Stable
14-06-2024 18:00,NODE_02,Sensor_Node_2_Factory_Area,82.66,162.72,5.268,484.3,49.68,27.06,12.53,34.7,70.9,3,165,Unhealthy,SW,1005.3,3.16,High,Normal,Active,95.6,0.88,169.79,Increasing
14-06-2024 19:00,NODE_02,Sensor_Node_2_Factory_Area,82.97,166.78,6.221,501.4,61.8,25.25,23.22,29.9,73.1,2.9,165,Unhealthy,S,1008.58,6.36,Low,Normal,Active,75.4,0.72,159.38,Decreasing
14-06-2024 20:00,NODE_02,Sensor_Node_2_Factory_Area,94.83,155.91,5.589,522.4,66.2,40.03,19.46,33.4,71.3,3.7,171,Unhealthy,NW,1015.82,1.87,High,Peak,Active,56.8,0.76,157.89,Stable
14-06-2024 21:00,NODE_02,Sensor_Node_2_Factory_Area,100.95,152.76,4.492,495.3,55.32,27.46,19.36,34.7,78.2,2.1,500,Hazardous,SE,1007.39,3.57,Low,Normal,Active,41.1,0.75,473.02,Stable
14-06-2024 22:00,NODE_02,Sensor_Node_2_Factory_Area,77.26,153.2,5.171,469.6,58.89,26.87,18.72,29.8,70.9,3.4,162,Unhealthy,SE,1015.71,6.99,High,Normal,Active,61.2,0.86,171.7,Increasing
14-06-2024 23:00,NODE_02,Sensor_Node_2_Factory_Area,68.31,106.12,4.137,465.6,42.08,25.74,22.57,30,68.4,3.6,158,Unhealthy,SW,1013.1,1.64,Medium,Peak,Active,60.7,0.85,154.14,Decreasing
15-06-2024 00:00,NODE_02,Sensor_Node_2_Factory_Area,30.83,70.58,2.488,474.8,22.28,14.74,12.37,30.1,74.1,0.3,90,Moderate,NW,1023.16,9.79,Medium,Low,Active,68,0.73,84.07,Increasing
15-06-2024 01:00,NODE_02,Sensor_Node_2_Factory_Area,35.97,85.79,2.378,477.5,36.31,19.12,14.76,31.5,77.9,0.8,102,Unhealthy for Sensitive Groups,W,1005.55,7.61,Low,Peak,Active,65.6,0.89,94.48,Increasing
15-06-2024 02:00,NODE_02,Sensor_Node_2_Factory_Area,39.88,58.01,2.799,452.4,36.38,21.75,25.7,32.6,72.9,2.6,112,Unhealthy for Sensitive Groups,S,999.88,6.39,Medium,Low,Active,46.6,0.96,121.16,Stable
15-06-2024 03:00,NODE_02,Sensor_Node_2_Factory_Area,23.98,55.25,0.736,457.5,20.76,10.15,18.66,32,75.3,2.3,76,Moderate,E,997.38,5.88,Low,Peak,Active,68.5,0.85,77.1,Stable
15-06-2024 04:00,NODE_02,Sensor_Node_2_Factory_Area,20.82,34.04,0.2,421.6,2,2.94,27.75,32.3,76,5.3,69,Moderate,SE,1011.11,6.71,Medium,High,Active,70.2,0.84,63.31,Stable
15-06-2024 05:00,NODE_02,Sensor_Node_2_Factory_Area,9.56,46.56,1.031,438.1,20.23,1.88,26.14,33.6,70.3,4.1,43,Good,NW,1018.91,8.11,High,High,Active,52.5,0.86,45.22,Increasing
15-06-2024 06:00,NODE_02,Sensor_Node_2_Factory_Area,70.69,121.65,4.422,519.2,55.04,27.88,19.29,31.3,63.6,4.2,500,Hazardous,W,1013.11,2.14,Low,High,Active,93.5,0.83,471.3,Decreasing
15-06-2024 07:00,NODE_02,Sensor_Node_2_Factory_Area,80.96,139.45,4.157,505.7,48.52,24.88,18.93,34.2,64.9,2.9,164,Unhealthy,NE,1015.95,5.61,High,Normal,Active,26.1,0.75,171.52,Stable
15-06-2024 08:00,NODE_02,Sensor_Node_2_Factory_Area,66.03,133.39,4.135,485.5,57.98,19.99,23.88,36.7,67.3,1,156,Unhealthy,SE,1011.7,1.57,Medium,Normal,Active,38.8,0.85,165.76,Increasing
15-06-2024 09:00,NODE_02,Sensor_Node_2_Factory_Area,72.37,136.15,4.253,543.2,62.55,25.35,11.32,36.6,70.6,4,160,Unhealthy,SE,1013.42,7.55,Medium,High,Active,39.6,0.98,164.66,Decreasing
15-06-2024 10:00,NODE_02,Sensor_Node_2_Factory_Area,63.71,114.58,3.879,518.4,48.97,16.2,21.44,36.8,60.4,2.6,155,Unhealthy,E,1002.93,6.28,High,Low,Active,65.6,0.95,164.99,Stable
15-06-2024 11:00,NODE_02,Sensor_Node_2_Factory_Area,65.46,121.77,3.937,482.8,49.4,18.2,20.78,38,81.1,1.7,156,Unhealthy,NW,1023.59,6.9,Low,Low,Active,87.9,0.73,164.53,Increasing
15-06-2024 12:00,NODE_02,Sensor_Node_2_Factory_Area,83.77,138.31,4.352,485,66.81,23.11,13.85,39.7,65.9,1,166,Unhealthy,SE,1014.89,9.49,High,Normal,Active,49.8,0.98,162.74,Decreasing
15-06-2024 13:00,NODE_02,Sensor_Node_2_Factory_Area,62.17,81.37,3.719,495.5,46.51,25.7,12.11,38.6,58.8,2,154,Unhealthy,NE,1004.11,5.04,Medium,Normal,Active,33.2,0.75,147.95,Decreasing
15-06-2024 14:00,NODE_02,Sensor_Node_2_Factory_Area,52.77,140.82,3.732,536.6,58.55,26.56,21.23,37.6,67.5,0.9,144,Unhealthy for Sensitive Groups,NE,1000.22,3.88,High,High,Active,97.9,0.79,147.47,Stable
15-06-2024 15:00,NODE_02,Sensor_Node_2_Factory_Area,67.45,107,2.271,510.8,53.06,23.51,24.2,36.7,67.1,3.5,157,Unhealthy,SW,1015.2,4.42,Low,Normal,Active,20.8,0.86,148.96,Increasing
15-06-2024 16:00,NODE_02,Sensor_Node_2_Factory_Area,208.87,405.66,10.827,462.9,31.47,44.05,16.13,35.9,75.4,1.9,274,Very Unhealthy,NE,1011.34,9.16,Low,High,Active,96.6,0.94,247.18,Increasing
15-06-2024 17:00,NODE_02,Sensor_Node_2_Factory_Area,59,83.57,3.146,492.3,38.23,18.56,19.86,34.9,71.4,1.2,153,Unhealthy,SW,1010.3,6.19,High,Normal,Active,81.2,0.71,146.38,Decreasing
15-06-2024 18:00,NODE_02,Sensor_Node_2_Factory_Area,45.45,84.3,2.729,509.2,31.53,21.23,14.98,35.6,69.5,4.4,126,Unhealthy for Sensitive Groups,NW,1020.6,9.83,Medium,Normal,Active,78.5,1,115.72,Decreasing
15-06-2024 19:00,NODE_02,Sensor_Node_2_Factory_Area,57.45,90.82,3.02,496.2,32.57,11.85,20.23,34,75.6,0.7,152,Unhealthy,N,1008.59,9.6,Low,High,Active,20.3,0.73,162.83,Increasing
15-06-2024 20:00,NODE_02,Sensor_Node_2_Factory_Area,69.9,122.85,3.382,474.7,36.62,20.44,12.26,30.2,72.1,3.1,158,Unhealthy,SE,1006.9,6.38,Low,Low,Active,71.3,1,163.7,Increasing
15-06-2024 21:00,NODE_02,Sensor_Node_2_Factory_Area,61.26,105.75,3.819,503,39.82,22.2,23.56,31.6,77.1,4.3,154,Unhealthy,SE,1016.35,4.27,Low,Low,Active,49.5,0.77,148.84,Stable
15-06-2024 22:00,NODE_02,Sensor_Node_2_Factory_Area,42.3,104.8,3.918,504.8,46.32,19.31,16.42,30.4,81.6,2.1,118,Unhealthy for Sensitive Groups,S,1015.64,9.12,Low,High,Active,32.5,0.79,120.09,Increasing
15-06-2024 23:00,NODE_02,Sensor_Node_2_Factory_Area,45.98,89.27,2.187,472.7,28.83,13.65,30.97,30.9,79.1,4,127,Unhealthy for Sensitive Groups,E,1004.26,5.02,High,Low,Active,62.7,0.8,130.37,Decreasing
16-06-2024 00:00,NODE_02,Sensor_Node_2_Factory_Area,54.2,38.19,2.417,460,26.76,7.93,19.7,31,77.1,4.9,147,Unhealthy for Sensitive Groups,N,1016.74,7.45,Medium,Peak,Active,65.6,0.84,142.87,Stable
16-06-2024 01:00,NODE_02,Sensor_Node_2_Factory_Area,49.29,67.06,1.56,440.6,29.28,10.52,17.85,31.8,68.8,2.4,135,Unhealthy for Sensitive Groups,SW,1023.77,5.25,Medium,Normal,Active,57.8,0.88,127.9,Stable
16-06-2024 02:00,NODE_02,Sensor_Node_2_Factory_Area,32.95,72.16,3.246,456.2,28.55,11.9,26.55,29.9,79.9,5.4,95,Moderate,SE,1009.99,1.81,High,Low,Active,52.4,0.87,104.5,Stable
16-06-2024 03:00,NODE_02,Sensor_Node_2_Factory_Area,18.84,29.34,0.791,472.9,33.19,2.32,19.64,31.2,62.6,3.7,65,Moderate,NE,1008.35,9.17,Low,Peak,Active,67.2,0.7,70.86,Stable
16-06-2024 04:00,NODE_02,Sensor_Node_2_Factory_Area,13.08,46,1.775,422,14.9,7.27,28.64,33.2,81.7,4.3,53,Moderate,N,1007.64,1.67,Low,Peak,Active,22.5,0.79,51.68,Decreasing
16-06-2024 05:00,NODE_02,Sensor_Node_2_Factory_Area,11.62,53.14,1.153,427.9,20.9,7.99,27.57,34.1,67.8,1.6,49,Good,W,1017.11,5.56,Low,Peak,Fault,54.3,0.85,46.52,Stable
16-06-2024 06:00,NODE_02,Sensor_Node_2_Factory_Area,78.28,125.66,4.731,505.4,58.68,25.23,13.27,32.6,76.8,1.4,163,Unhealthy,W,1017.33,6.65,Medium,Low,Active,24.7,0.72,157.14,Decreasing
16-06-2024 07:00,NODE_02,Sensor_Node_2_Factory_Area,64.65,128.64,4.498,477,49.52,20.31,14.86,32,77.2,0.8,500,Hazardous,NW,1005.33,9.61,Medium,Low,Active,84.5,0.98,454.73,Increasing
16-06-2024 08:00,NODE_02,Sensor_Node_2_Factory_Area,77.54,130.75,4.413,504.7,55.33,26.78,18.66,38.6,69.8,7.8,500,Hazardous,N,1018.83,2.53,Low,Normal,Active,32.9,0.71,477.49,Stable
16-06-2024 09:00,NODE_02,Sensor_Node_2_Factory_Area,76.71,121.78,4.322,511.8,51.49,20.81,19.21,37.5,76.6,1.2,162,Unhealthy,SW,1019.65,3.64,Low,Low,Active,84.7,0.81,155.24,Stable
16-06-2024 10:00,NODE_02,Sensor_Node_2_Factory_Area,71.59,134.27,3.099,504.9,59.26,24.34,14.21,35.7,66.7,3.1,159,Unhealthy,NE,1013.77,5.19,Low,Normal,Active,22.2,0.91,147.96,Increasing
16-06-2024 11:00,NODE_02,Sensor_Node_2_Factory_Area,61.71,144.43,3.183,498.9,59.73,27.97,19.87,36.4,63.3,2.9,154,Unhealthy,W,998.89,8.71,Low,Low,Active,82.3,0.82,140.4,Increasing
16-06-2024 12:00,NODE_02,Sensor_Node_2_Factory_Area,80.81,123.6,4.448,514.9,52.38,13.67,22.7,38.6,58.5,4.6,500,Hazardous,NW,1016.75,1.1,High,Peak,Active,96.7,0.73,516.04,Stable
16-06-2024 13:00,NODE_02,Sensor_Node_2_Factory_Area,74.47,130.11,4.398,508.6,49.21,26.09,15.87,36.4,62.3,5.3,161,Unhealthy,S,1002.25,7.94,Low,Peak,Active,40.5,0.9,151.38,Decreasing
16-06-2024 14:00,NODE_02,Sensor_Node_2_Factory_Area,62.41,138.34,5.149,525.8,57.23,23.14,14.55,36,78.5,2.5,155,Unhealthy,SW,1016.44,6.1,High,Peak,Active,48,0.96,169.93,Increasing
16-06-2024 15:00,NODE_02,Sensor_Node_2_Factory_Area,48.93,97.22,3.629,474.9,29.76,17.79,17.58,36.5,66.2,1.6,134,Unhealthy for Sensitive Groups,W,1018.09,8.89,High,High,Fault,68.4,0.75,136.93,Increasing
16-06-2024 16:00,NODE_02,Sensor_Node_2_Factory_Area,68.9,118.48,4.026,465.7,46.51,17.03,16.01,34.6,84.4,3.2,158,Unhealthy,SE,1017.75,2.33,High,Normal,Active,82.9,0.71,155.19,Decreasing
16-06-2024 17:00,NODE_02,Sensor_Node_2_Factory_Area,55.21,109.48,3.257,491.4,50.69,14.9,19.29,34.1,65.8,2.9,150,Unhealthy for Sensitive Groups,E,996.31,8.67,High,Low,Active,43.9,0.92,151.61,Stable
16-06-2024 18:00,NODE_02,Sensor_Node_2_Factory_Area,48.7,97.24,2.723,483.1,38.93,20.76,28.09,33.7,68.2,3.3,134,Unhealthy for Sensitive Groups,NW,1007.63,8.19,Medium,High,Fault,92.8,0.77,129.4,Increasing
16-06-2024 19:00,NODE_02,Sensor_Node_2_Factory_Area,57.93,96.83,2.295,486.1,49.12,22.55,24.95,32,71.1,5.8,152,Unhealthy,S,1016.45,8.02,Low,High,Active,38.2,0.92,161.44,Increasing
16-06-2024 20:00,NODE_02,Sensor_Node_2_Factory_Area,55.09,106.15,3.136,474.3,51.45,19.97,22.13,31.7,79.8,4,149,Unhealthy for Sensitive Groups,E,1011.51,9.55,High,Normal,Active,22.9,0.98,134.21,Increasing
16-06-2024 21:00,NODE_02,Sensor_Node_2_Factory_Area,48.7,97.82,3.205,470.4,49.31,26.18,21.44,30.5,84.6,1.4,133,Unhealthy for Sensitive Groups,SW,1002.85,5.26,High,Low,Active,95.6,0.92,135.07,Stable
16-06-2024 22:00,NODE_02,Sensor_Node_2_Factory_Area,67.41,96.27,2.607,481.3,47.4,15.85,9.04,32.7,95,1.8,157,Unhealthy,NW,1009.37,4.43,Medium,Low,Fault,25.9,0.88,168.19,Decreasing
16-06-2024 23:00,NODE_02,Sensor_Node_2_Factory_Area,39.1,62.6,1.732,445.5,32.78,7.72,13.46,30.4,74.1,1.5,110,Unhealthy for Sensitive Groups,E,1011.97,6.7,High,Low,Active,22.6,0.75,119.41,Increasing
17-06-2024 00:00,NODE_02,Sensor_Node_2_Factory_Area,64.52,124.92,3.566,481.8,47.46,18.32,15.43,27.5,70.6,3.9,156,Unhealthy,SE,1001.73,1.95,High,Peak,Active,43.8,0.95,161.06,Increasing
17-06-2024 01:00,NODE_02,Sensor_Node_2_Factory_Area,175.91,386.65,9.903,456.6,49.83,44.25,15.22,30.8,75.8,1.5,246,Very Unhealthy,W,1022.23,7.09,Low,High,Active,62.1,0.9,255.48,Stable
17-06-2024 02:00,NODE_02,Sensor_Node_2_Factory_Area,54.35,112.95,4.349,501.6,48.73,21.08,23.3,32.8,74.3,3.6,147,Unhealthy for Sensitive Groups,W,1016.87,4.05,Low,Normal,Active,46.6,0.78,153.75,Increasing
17-06-2024 03:00,NODE_02,Sensor_Node_2_Factory_Area,33.04,61.09,0.955,428,27.68,11.46,30.18,32.4,74.2,3,95,Moderate,N,1012.9,4.79,Low,Peak,Active,51.9,0.97,88.29,Stable
17-06-2024 04:00,NODE_02,Sensor_Node_2_Factory_Area,5,43.55,1.365,451.8,17.84,13.4,27.79,30.5,74.2,1,40,Good,NE,1007.59,2.96,High,Low,Active,21,1,40.58,Stable
17-06-2024 05:00,NODE_02,Sensor_Node_2_Factory_Area,21.3,48.54,1.464,434.8,35.36,7.56,15.33,34.5,79.6,2.7,70,Moderate,E,1010.12,8.9,High,Normal,Active,87.3,0.7,74.71,Increasing
17-06-2024 06:00,NODE_02,Sensor_Node_2_Factory_Area,113.49,197.34,6.398,505.3,77.43,26.4,26.25,32.5,73.1,3.1,181,Unhealthy,S,1008.08,1.98,Low,Low,Active,79.3,0.83,188.83,Decreasing
17-06-2024 07:00,NODE_02,Sensor_Node_2_Factory_Area,108.73,192.15,5.083,490,89.21,38.62,11.24,32.7,71.2,2.8,178,Unhealthy,SE,1006.05,1.09,Medium,Low,Active,37.3,0.78,163.17,Increasing
17-06-2024 08:00,NODE_02,Sensor_Node_2_Factory_Area,124.08,210.23,6.644,510.5,70.35,33.04,14.52,34.9,66.9,1.9,186,Unhealthy,SE,1012.89,9.68,High,Peak,Active,71.7,0.92,188.56,Increasing
17-06-2024 09:00,NODE_02,Sensor_Node_2_Factory_Area,120.39,200.35,5.69,489.9,78.84,36.22,14.28,36.4,63.8,3.7,185,Unhealthy,W,1018.62,4.9,Low,Normal,Active,57.7,0.74,168.41,Increasing
17-06-2024 10:00,NODE_02,Sensor_Node_2_Factory_Area,107.3,198.67,5.844,493,82.45,35.49,19.77,36.8,71.3,1.2,178,Unhealthy,SW,1010.86,6.47,High,High,Maintenance,97.8,0.87,167.42,Decreasing
17-06-2024 11:00,NODE_02,Sensor_Node_2_Factory_Area,113,200.6,5.937,504.6,83.62,35.17,14.05,36.6,56.5,2.5,181,Unhealthy,NW,1009.53,9.57,Low,Low,Active,30.3,0.89,194.44,Stable
17-06-2024 12:00,NODE_02,Sensor_Node_2_Factory_Area,108.98,188.12,6.948,539.8,85.12,35.37,10.38,35.8,55.4,3.2,179,Unhealthy,W,1013.07,5.31,Low,High,Maintenance,39.7,0.93,188.28,Increasing
17-06-2024 13:00,NODE_02,Sensor_Node_2_Factory_Area,271.56,513.4,13.153,525,76.5,51.44,6.33,39,61.3,4,399,Hazardous,NW,1016.69,6.66,Medium,Peak,Maintenance,81.3,0.77,364.14,Increasing
17-06-2024 14:00,NODE_02,Sensor_Node_2_Factory_Area,86.36,227.91,6.239,510,81.66,44.54,22.45,40.6,69.6,5.1,167,Unhealthy,S,1008.85,8.34,High,High,Active,82.6,0.84,168.21,Increasing
17-06-2024 15:00,NODE_02,Sensor_Node_2_Factory_Area,95.3,137.38,4.988,503.4,69.43,29.22,14.52,38.6,74.7,3.4,172,Unhealthy,E,1003.71,9.46,Medium,Peak,Active,71.7,0.72,181.13,Stable
17-06-2024 16:00,NODE_02,Sensor_Node_2_Factory_Area,88.08,167.74,5.588,470.9,69.41,31.43,15.03,37.4,73.3,3.4,168,Unhealthy,E,1017.67,7.78,Medium,High,Active,38.3,0.83,181.25,Decreasing
17-06-2024 17:00,NODE_02,Sensor_Node_2_Factory_Area,84.67,179.5,5.248,498.5,59.04,28.61,17.84,33.7,73.1,1.8,166,Unhealthy,E,1003.83,1.92,High,Normal,Active,62.5,0.96,151.17,Decreasing
17-06-2024 18:00,NODE_02,Sensor_Node_2_Factory_Area,87.9,180.74,4.81,466.6,59.11,29.8,5.68,33.2,66.2,1.2,168,Unhealthy,S,1015.21,3.89,Low,Peak,Active,27.2,0.97,167.9,Decreasing
17-06-2024 19:00,NODE_02,Sensor_Node_2_Factory_Area,87.54,151.26,5.292,498.1,75.19,27.39,15.07,34.2,63.6,3.3,168,Unhealthy,E,1011.42,3.25,Low,Normal,Active,84.1,0.74,175.56,Stable
17-06-2024 20:00,NODE_02,Sensor_Node_2_Factory_Area,91.59,157.11,5.188,490.2,59.43,26.19,27.29,33,81.4,6.3,170,Unhealthy,W,1006.62,1.28,High,Peak,Active,97,0.98,184.87,Increasing
17-06-2024 21:00,NODE_02,Sensor_Node_2_Factory_Area,85.24,168.88,5.044,495.6,72.17,32.54,17.39,33.1,67.7,3.5,166,Unhealthy,S,1020.32,8.69,Medium,Low,Active,28.4,0.75,181.46,Decreasing
17-06-2024 22:00,NODE_02,Sensor_Node_2_Factory_Area,91.63,148.71,4.899,479.3,60.91,28.62,10.62,32.2,79.5,2.5,170,Unhealthy,SE,1017.98,1.67,Low,Normal,Active,77.6,0.88,179.39,Stable
17-06-2024 23:00,NODE_02,Sensor_Node_2_Factory_Area,76.35,115.76,3.49,446.6,43.51,19.89,16.38,32.2,73.6,5,162,Unhealthy,S,1015.46,2.23,Low,Peak,Active,27,0.96,172.51,Stable
18-06-2024 00:00,NODE_02,Sensor_Node_2_Factory_Area,75.9,123.54,3.753,499.7,41.69,17.84,21.9,30.1,82.9,0.4,162,Unhealthy,NE,1014.64,9.28,Medium,Low,Active,85.6,0.91,170.15,Stable
18-06-2024 01:00,NODE_02,Sensor_Node_2_Factory_Area,67.28,119.17,4.338,471.5,55.16,18.58,17.35,31.5,78.5,1,157,Unhealthy,N,1014.85,5.15,Medium,High,Active,91.6,0.78,163.15,Decreasing
18-06-2024 02:00,NODE_02,Sensor_Node_2_Factory_Area,62.73,118.01,3.689,453.5,44.45,19.05,19.11,30.1,86.6,3.9,155,Unhealthy,NW,1006.1,8.65,Low,Normal,Maintenance,21.1,0.73,155.52,Stable
18-06-2024 03:00,NODE_02,Sensor_Node_2_Factory_Area,34.89,45.88,1.838,443.4,24.31,6.01,23.48,30,78.7,2.1,99,Moderate,W,1008.63,9.1,High,High,Maintenance,55.5,0.82,96.19,Increasing
18-06-2024 04:00,NODE_02,Sensor_Node_2_Factory_Area,31.61,50.53,2.452,454.2,28.79,4.48,30.59,31.7,70.8,2.6,92,Moderate,W,1002.15,1.82,Medium,Peak,Active,30.8,0.88,94.74,Decreasing
18-06-2024 05:00,NODE_02,Sensor_Node_2_Factory_Area,8.74,45.79,1.761,471,19.42,8.94,29.84,32.5,68.6,3.1,42,Good,N,1013.75,3.66,Medium,Peak,Active,84.1,0.98,38.46,Increasing
18-06-2024 06:00,NODE_02,Sensor_Node_2_Factory_Area,111.91,197.64,6.157,517.2,79.91,36.65,16.54,35.7,75.9,2,180,Unhealthy,NE,1020.6,8.12,Medium,High,Active,76.6,0.79,192.44,Stable
18-06-2024 07:00,NODE_02,Sensor_Node_2_Factory_Area,104.99,178.63,6.675,508.5,75.63,33.94,19.73,35.6,73,3.3,177,Unhealthy,S,1009.7,2.76,High,Low,Active,89.9,0.76,175.33,Stable
18-06-2024 08:00,NODE_02,Sensor_Node_2_Factory_Area,109.07,184.34,6.06,496.7,72.81,31.14,19.29,38.3,69.3,0.3,179,Unhealthy,SW,1013.42,4.84,Medium,Low,Active,85,0.88,189.32,Increasing
18-06-2024 09:00,NODE_02,Sensor_Node_2_Factory_Area,104.38,142.34,7.252,480.9,73.7,34.81,15.79,36.8,62.6,1.4,176,Unhealthy,N,1008.8,9.93,High,Peak,Active,64.1,0.9,159.92,Stable
18-06-2024 10:00,NODE_02,Sensor_Node_2_Factory_Area,106.02,186.1,6.062,482.4,75.68,31.58,18.28,38.1,65.2,3.5,177,Unhealthy,NE,1009.17,4.71,High,Peak,Active,28,0.95,159.34,Decreasing
18-06-2024 11:00,NODE_02,Sensor_Node_2_Factory_Area,108.25,211.91,6.111,484,90.98,35.92,11.99,38.6,62,4.1,178,Unhealthy,SW,1009.96,4.87,Medium,High,Active,86.4,0.81,184.77,Stable
18-06-2024 12:00,NODE_02,Sensor_Node_2_Factory_Area,108.19,166.39,5.938,532.3,96.22,46.37,18,36.4,74,3.8,178,Unhealthy,E,1003.22,4.69,High,Normal,Active,58.9,0.71,192.3,Stable
18-06-2024 13:00,NODE_02,Sensor_Node_2_Factory_Area,107.89,216.56,6.347,505.3,73.27,36.43,19.33,37.7,66.1,1.3,178,Unhealthy,NE,1018.83,8.88,High,Peak,Active,57.2,0.99,180.33,Stable
18-06-2024 14:00,NODE_02,Sensor_Node_2_Factory_Area,91.78,188.55,6.287,515.3,100.78,41.18,5.72,41.2,70.8,2.7,170,Unhealthy,W,1011.97,5.82,Low,High,Fault,55.5,0.93,154.51,Decreasing
18-06-2024 15:00,NODE_02,Sensor_Node_2_Factory_Area,85.88,144.38,5.219,488.2,77.8,33.52,21.81,36.4,73.5,4.5,167,Unhealthy,N,1017.83,8.36,Low,Peak,Active,72.1,0.73,181.51,Decreasing
18-06-2024 16:00,NODE_02,Sensor_Node_2_Factory_Area,82.17,156.12,4.392,505.6,64.09,23.32,13.58,35.5,63.5,5.1,165,Unhealthy,S,1013.81,9.28,High,High,Active,35.7,0.82,154.73,Stable
18-06-2024 17:00,NODE_02,Sensor_Node_2_Factory_Area,93.76,148.04,5.479,487.2,65.38,24.64,18.74,36.1,66.3,0.7,171,Unhealthy,S,1007.16,4.3,Medium,Normal,Active,77.2,0.98,188.1,Increasing
18-06-2024 18:00,NODE_02,Sensor_Node_2_Factory_Area,103.49,156.37,5.165,478.3,73.39,28.8,18.08,33.9,65.4,3.5,176,Unhealthy,S,1010.1,4.22,Medium,Normal,Active,51.5,0.99,171.05,Stable
18-06-2024 19:00,NODE_02,Sensor_Node_2_Factory_Area,99.97,164.87,5.124,485.1,61.03,22.9,14,34.7,71.2,2.9,174,Unhealthy,N,1002.48,1.84,High,High,Maintenance,73.4,0.92,184.27,Decreasing
18-06-2024 20:00,NODE_02,Sensor_Node_2_Factory_Area,81.05,141.72,5.243,457.8,61.83,26.99,22.5,32.4,76.1,3,164,Unhealthy,E,1016.73,4.7,High,Peak,Active,94.1,0.9,163.92,Stable
18-06-2024 21:00,NODE_02,Sensor_Node_2_Factory_Area,91.71,137.52,5.214,471.9,52.72,29.56,20.98,31.7,79.3,2.1,170,Unhealthy,S,1012.82,9.69,High,Peak,Active,71.4,0.78,162.19,Decreasing
18-06-2024 22:00,NODE_02,Sensor_Node_2_Factory_Area,84.9,133.98,5.345,509.1,63.39,31.69,14.55,31.5,63.8,3.2,166,Unhealthy,SW,1007.29,3.99,High,Low,Active,36.6,0.77,168.21,Stable
18-06-2024 23:00,NODE_02,Sensor_Node_2_Factory_Area,78.18,133.67,3.256,500.7,65.12,24.36,20.88,29.9,81.2,2.3,163,Unhealthy,SE,1002.96,3.88,High,Normal,Active,80.9,0.77,177.59,Decreasing
19-06-2024 00:00,NODE_02,Sensor_Node_2_Factory_Area,63.72,105.81,3.475,456.2,41.34,27.8,17.86,29.8,76.1,1.7,155,Unhealthy,E,1008.54,4.92,High,Normal,Active,80.3,0.77,153.77,Increasing
19-06-2024 01:00,NODE_02,Sensor_Node_2_Factory_Area,61.61,122.48,4.625,449.2,52.66,22.77,14.92,31.1,76.2,3.4,154,Unhealthy,SW,1005.36,8.98,Low,Normal,Active,28,0.77,150.62,Decreasing
19-06-2024 02:00,NODE_02,Sensor_Node_2_Factory_Area,66,110.97,4.706,458.6,52.25,21.34,26.77,32.4,80.5,1.5,156,Unhealthy,NW,1012.81,5.7,Low,High,Active,37,0.93,160.21,Decreasing
19-06-2024 03:00,NODE_02,Sensor_Node_2_Factory_Area,23.28,50.98,1.197,477.8,17.17,13.1,32.64,32.4,73.2,3.1,75,Moderate,NW,1005.68,4.98,Medium,Peak,Active,26.2,0.75,78.36,Stable
19-06-2024 04:00,NODE_02,Sensor_Node_2_Factory_Area,43.29,51.75,1.431,421.8,16.66,11.84,36.56,31.8,82.2,5,120,Unhealthy for Sensitive Groups,W,1024.31,1.24,Low,High,Active,26.9,0.92,111.09,Decreasing
19-06-2024 05:00,NODE_02,Sensor_Node_2_Factory_Area,34.69,61.92,2.058,430.1,26.02,13.76,29.78,34.6,72.3,3.8,99,Moderate,NE,1017.91,3.34,High,High,Active,70.8,0.73,90.93,Decreasing
19-06-2024 06:00,NODE_02,Sensor_Node_2_Factory_Area,106.34,170.62,7.218,496.7,78.8,36.85,14.65,31.1,77.4,2.9,177,Unhealthy,SE,1009.76,6.08,Medium,High,Active,95.5,0.96,172.09,Stable
19-06-2024 07:00,NODE_02,Sensor_Node_2_Factory_Area,116.93,175.76,5.971,494.2,87.7,44.04,13.93,36.3,75.2,4.9,183,Unhealthy,NW,1003.08,3.35,Medium,Normal,Active,64.8,0.75,177.91,Decreasing
19-06-2024 08:00,NODE_02,Sensor_Node_2_Factory_Area,92.96,170.61,7.423,495.9,87.17,37.35,5.36,35,73.4,1.6,170,Unhealthy,E,1011.33,1.48,Medium,Low,Active,43.4,0.9,162.24,Decreasing
19-06-2024 09:00,NODE_02,Sensor_Node_2_Factory_Area,102.5,178.23,6.137,471.5,92.2,30.45,15.14,35.7,74.2,2.3,175,Unhealthy,N,1000.24,1.96,High,High,Active,38.1,0.75,170.6,Stable
19-06-2024 10:00,NODE_02,Sensor_Node_2_Factory_Area,99.3,156.29,6.655,505.6,85.53,39.24,16.54,36.8,68.4,2.5,174,Unhealthy,SE,1018.36,4.2,High,High,Active,35.5,0.88,178.15,Decreasing
19-06-2024 11:00,NODE_02,Sensor_Node_2_Factory_Area,105.95,188.33,6.718,547.1,76.84,31.13,14.77,36.7,70.4,1.4,177,Unhealthy,E,1016.75,6.86,Low,High,Active,35.7,0.74,178.65,Stable
19-06-2024 12:00,NODE_02,Sensor_Node_2_Factory_Area,116,215.87,6,510.9,68.64,34.53,17.55,37.8,66.7,2.5,182,Unhealthy,E,1020.69,9.76,Medium,Peak,Active,20.7,0.91,198.11,Stable
19-06-2024 13:00,NODE_02,Sensor_Node_2_Factory_Area,103.78,172.79,6.381,521.6,87.88,33.93,24.87,37.8,55.9,0.9,176,Unhealthy,SW,1008.66,8.89,Low,Normal,Active,24.5,0.8,160.92,Stable
19-06-2024 14:00,NODE_02,Sensor_Node_2_Factory_Area,114.76,188.08,6.363,521,82.17,34.84,9.73,36.7,68.3,3.3,182,Unhealthy,E,1016.83,8.16,Low,Low,Active,29.3,0.86,170.15,Decreasing
19-06-2024 15:00,NODE_02,Sensor_Node_2_Factory_Area,83.3,161.69,5.47,470.3,67.06,29.76,21.37,37.8,59.3,2.5,165,Unhealthy,E,1020.3,1.23,Low,Normal,Active,54.9,0.95,158.59,Decreasing
19-06-2024 16:00,NODE_02,Sensor_Node_2_Factory_Area,74.95,110.93,5.469,513.1,62.77,21.73,22.77,34.1,72.7,4.3,161,Unhealthy,S,1009.39,1.97,High,Low,Active,66.9,0.86,160.42,Decreasing
19-06-2024 17:00,NODE_02,Sensor_Node_2_Factory_Area,80.6,156.57,5.173,513.5,79.2,35.97,17.52,35.2,78.7,1.9,164,Unhealthy,SE,1007.6,7.23,High,Normal,Active,66.5,0.81,157.95,Stable
19-06-2024 18:00,NODE_02,Sensor_Node_2_Factory_Area,88.17,151.73,4.977,470.2,73.18,27.25,19.18,34,76.1,1.1,168,Unhealthy,SW,1020.09,5.73,Low,Low,Active,48.2,0.84,181.72,Stable
19-06-2024 19:00,NODE_02,Sensor_Node_2_Factory_Area,91.65,150.45,4.565,472.5,70.91,30,13.57,32.8,64.2,0.8,170,Unhealthy,E,1012.87,7.77,High,Normal,Active,39.6,0.96,175.92,Stable
19-06-2024 20:00,NODE_02,Sensor_Node_2_Factory_Area,104.76,160.22,4.643,469.6,71.66,32.32,27.69,33.7,77.9,5.5,176,Unhealthy,NE,1014.55,3.56,Low,Normal,Active,31.3,0.78,183.75,Increasing
19-06-2024 21:00,NODE_02,Sensor_Node_2_Factory_Area,99.39,153.04,5.135,465.2,77.76,29.33,17.91,30,83.6,2,174,Unhealthy,NW,1011.47,5.49,Low,Peak,Active,96.4,0.99,179.92,Stable
19-06-2024 22:00,NODE_02,Sensor_Node_2_Factory_Area,92.08,163.14,4.497,498.5,70.29,31.29,28.33,35,84.6,4.1,500,Hazardous,E,1004.51,3.44,Medium,High,Active,88.9,0.94,499.16,Increasing
19-06-2024 23:00,NODE_02,Sensor_Node_2_Factory_Area,68.08,146.92,3.909,461.5,54.24,29.95,15.96,29.1,73.4,2.2,157,Unhealthy,W,1018.63,3.46,High,High,Active,59.5,0.81,147.83,Decreasing
20-06-2024 00:00,NODE_02,Sensor_Node_2_Factory_Area,73.52,117.08,3.193,481.3,52.82,25.41,17.78,28.2,82.1,3.2,160,Unhealthy,SW,999.82,7.38,High,Low,Active,44,0.89,173.64,Decreasing
20-06-2024 01:00,NODE_02,Sensor_Node_2_Factory_Area,72.6,105.37,4.326,480.9,58.93,18.24,17.35,29.6,74.6,1.5,160,Unhealthy,S,1017.99,2.83,High,Normal,Active,21.6,0.95,152.31,Decreasing
20-06-2024 02:00,NODE_02,Sensor_Node_2_Factory_Area,78.17,138.41,4.395,478,49.54,22.36,17.02,30.8,79.2,2.9,163,Unhealthy,NW,1010.32,2.23,High,Low,Active,58.3,0.84,153.98,Decreasing
20-06-2024 03:00,NODE_02,Sensor_Node_2_Factory_Area,20.9,33.1,1.497,426.7,15.12,15.29,25.05,32.7,78.7,2.9,70,Moderate,SE,1010.87,1.69,Low,Peak,Active,82.3,0.81,65.17,Decreasing
20-06-2024 04:00,NODE_02,Sensor_Node_2_Factory_Area,81.14,221.72,5.203,434.2,27.96,30.45,26.83,34.3,72.1,3.2,164,Unhealthy,SE,1008.8,8.95,High,High,Active,71.7,0.77,149.06,Increasing
20-06-2024 05:00,NODE_02,Sensor_Node_2_Factory_Area,20.3,38.33,1.849,416.8,23.92,11.24,30.42,31.3,64.5,1.4,68,Moderate,W,1015.16,8.65,High,High,Active,55.2,0.8,69.42,Increasing
20-06-2024 06:00,NODE_02,Sensor_Node_2_Factory_Area,133.22,196.42,6.429,501.9,75.47,38.26,15.6,33.9,72.6,3.3,191,Unhealthy,E,1014.45,8.57,Medium,Peak,Active,59.3,0.87,182.29,Stable
20-06-2024 07:00,NODE_02,Sensor_Node_2_Factory_Area,111.77,178.15,6.331,528.1,96.46,29.2,16.15,35.4,61.4,0.9,180,Unhealthy,E,1021.67,5.76,Medium,Normal,Active,73.9,0.83,193.41,Decreasing
20-06-2024 08:00,NODE_02,Sensor_Node_2_Factory_Area,116.42,191.63,6.497,488.5,86.89,39.35,16.64,35.2,66.4,5.4,182,Unhealthy,NE,1010.9,1.47,Medium,High,Active,44.7,0.97,165.83,Stable
20-06-2024 09:00,NODE_02,Sensor_Node_2_Factory_Area,111.76,183.28,5.791,511.5,80.66,39.13,16.04,37.8,61.7,7.5,180,Unhealthy,SE,1010.91,3.42,Low,Normal,Active,39.3,0.97,195.75,Increasing
20-06-2024 10:00,NODE_02,Sensor_Node_2_Factory_Area,111.15,180.21,5.79,489.5,80.19,40.98,13.15,35.6,67.6,2.3,180,Unhealthy,SE,1009.88,2.29,Medium,Peak,Active,81.3,0.95,179.11,Stable
20-06-2024 11:00,NODE_02,Sensor_Node_2_Factory_Area,110.23,203.67,6.735,515.5,75.71,47.55,21.26,38.6,59.2,0.7,179,Unhealthy,SE,1012.62,2.52,Low,High,Active,91.6,0.71,194.2,Increasing
20-06-2024 12:00,NODE_02,Sensor_Node_2_Factory_Area,117.58,182.98,6.303,474.7,75.31,37.75,21.03,39,69.9,4.3,183,Unhealthy,N,1009.31,9.48,High,Peak,Active,32.6,0.76,180.22,Decreasing
20-06-2024 13:00,NODE_02,Sensor_Node_2_Factory_Area,109.48,201.5,6.402,526.8,82.49,32.08,15.95,38,65.7,3.6,179,Unhealthy,W,1018.93,8.15,Medium,Low,Active,91.2,0.76,192.46,Increasing
20-06-2024 14:00,NODE_02,Sensor_Node_2_Factory_Area,98.55,211.48,5.029,543.7,81.99,35.24,15.7,38,66.8,3.4,173,Unhealthy,NW,1020.22,4.32,Medium,Peak,Active,77.2,0.73,179.19,Decreasing
20-06-2024 15:00,NODE_02,Sensor_Node_2_Factory_Area,86.93,138.58,5.49,496.4,63.38,31.97,17.61,36.5,66.3,2.8,167,Unhealthy,SE,1000.47,2.83,Low,High,Active,97.5,0.86,166.11,Stable
20-06-2024 16:00,NODE_02,Sensor_Node_2_Factory_Area,93.71,151.69,4.477,504.4,65.11,23.91,29.43,34.4,74.3,1.1,500,Hazardous,W,1004.27,9.34,High,Low,Maintenance,57.5,0.78,494.74,Stable
20-06-2024 17:00,NODE_02,Sensor_Node_2_Factory_Area,81.85,134.65,5.381,494.3,75.21,28.66,29.5,35.4,73.8,2.4,165,Unhealthy,W,1005.89,6.48,Low,Peak,Active,39.1,0.91,161.51,Stable
20-06-2024 18:00,NODE_02,Sensor_Node_2_Factory_Area,92.16,150.82,5.214,472.3,68.05,29.27,12.5,35,61.8,3.2,170,Unhealthy,SE,1015.97,9.25,High,Low,Active,48.7,0.74,159.22,Increasing
20-06-2024 19:00,NODE_02,Sensor_Node_2_Factory_Area,89.47,161.44,4.671,518.8,76.84,25.43,16.03,34.8,84.3,2.2,169,Unhealthy,NE,1006.65,7.41,High,Normal,Active,78.1,0.87,177.97,Decreasing
20-06-2024 20:00,NODE_02,Sensor_Node_2_Factory_Area,86.85,121.6,5.13,508.3,57.13,29.31,15.49,34.5,71.6,1.2,167,Unhealthy,SW,1015.31,2.7,High,Low,Active,75,0.87,179.61,Stable
20-06-2024 21:00,NODE_02,Sensor_Node_2_Factory_Area,100.15,143.64,5.506,491.5,66.23,25.64,20.02,30.5,72.1,3.3,174,Unhealthy,NE,1020.23,3.41,High,High,Active,44.9,0.88,173.28,Increasing
20-06-2024 22:00,NODE_02,Sensor_Node_2_Factory_Area,93.15,146.52,5.027,482.5,69.56,31.37,18.25,29.3,81.8,2.6,170,Unhealthy,SW,1016.63,3.79,High,High,Active,29.2,1,167.63,Decreasing
20-06-2024 23:00,NODE_02,Sensor_Node_2_Factory_Area,66.27,118.17,3.425,476.8,44.97,22.13,18.91,32.8,83.5,2.9,157,Unhealthy,S,1005.73,4.97,Low,High,Active,74.1,0.81,165.01,Increasing
21-06-2024 00:00,NODE_02,Sensor_Node_2_Factory_Area,72.58,115.28,4.575,467.7,40.62,13.61,29.14,30.7,81.3,2.7,160,Unhealthy,NE,1004.8,2.67,Low,Low,Active,85.2,0.84,146.93,Increasing
21-06-2024 01:00,NODE_02,Sensor_Node_2_Factory_Area,77.92,110.7,4.211,456.5,41.99,16.76,26.55,29,74.5,1.7,163,Unhealthy,SE,995.99,2.58,Low,Normal,Active,91.1,0.72,158.17,Decreasing
21-06-2024 02:00,NODE_02,Sensor_Node_2_Factory_Area,52.36,91.86,3.812,478,48.98,23.32,12.74,28.2,90.7,1.9,143,Unhealthy for Sensitive Groups,SE,1014.94,1.63,High,Normal,Fault,57.1,0.89,153.31,Stable
21-06-2024 03:00,NODE_02,Sensor_Node_2_Factory_Area,98.3,116.2,3.366,461.2,23.82,17.53,24.16,32.4,78.1,4.3,173,Unhealthy,SE,1004.47,2.79,Low,Peak,Active,88.2,0.83,182.37,Decreasing
21-06-2024 04:00,NODE_02,Sensor_Node_2_Factory_Area,18.79,48.56,1.901,436.6,20.29,1.47,32.67,29.9,71.3,4.9,65,Moderate,NE,1012.25,4.37,High,Low,Maintenance,61.4,0.74,71.12,Increasing
21-06-2024 05:00,NODE_02,Sensor_Node_2_Factory_Area,21.19,56.73,1.952,468.5,18.86,5.67,23.83,31.3,71.5,2.5,70,Moderate,E,1013.38,7.68,Medium,High,Active,41.8,0.76,64.59,Increasing
21-06-2024 06:00,NODE_02,Sensor_Node_2_Factory_Area,96.5,206.92,6.456,538.8,91.77,40.84,15.3,34.7,66.6,1.9,172,Unhealthy,NW,1004.14,6.62,Medium,Normal,Active,64.6,0.96,187.76,Stable
21-06-2024 07:00,NODE_02,Sensor_Node_2_Factory_Area,105.74,182.91,6.796,496.2,78.85,34.46,19.74,35.6,69.1,0.3,177,Unhealthy,SW,1017.66,4.63,Medium,Peak,Active,31.7,0.98,180.21,Stable
21-06-2024 08:00,NODE_02,Sensor_Node_2_Factory_Area,110.14,202,7.054,496.5,83.42,40.98,18.61,33.9,63.6,4.5,179,Unhealthy,N,1005.78,7.4,High,Low,Active,74.8,0.98,165.28,Increasing
21-06-2024 09:00,NODE_02,Sensor_Node_2_Factory_Area,103.1,216.39,6.359,516.9,91.94,41.95,21.67,35.7,59.1,3.4,176,Unhealthy,S,1008.44,3.03,High,High,Active,87.3,0.99,159.82,Stable
21-06-2024 10:00,NODE_02,Sensor_Node_2_Factory_Area,104.06,167.25,5.792,559.1,82.46,43.2,14.83,38.7,65.9,2.1,176,Unhealthy,NW,1004.91,4.05,Low,High,Active,28.3,0.73,166.62,Increasing
21-06-2024 11:00,NODE_02,Sensor_Node_2_Factory_Area,110.06,173.28,5.997,490.4,84.59,28.42,17.53,39.8,63.2,3.6,179,Unhealthy,E,1012.29,5.93,Medium,Peak,Active,58.7,0.85,192.61,Stable
21-06-2024 12:00,NODE_02,Sensor_Node_2_Factory_Area,121.78,195.99,6.026,515.5,76.94,30.71,18.26,37.3,53.9,3.4,185,Unhealthy,N,1008.01,5.43,Low,Low,Active,93.7,0.96,170.51,Decreasing
21-06-2024 13:00,NODE_02,Sensor_Node_2_Factory_Area,114.69,183.02,5.33,507.6,79.4,32.39,6.27,40.7,59.6,3.2,182,Unhealthy,NE,1025.62,8.05,Low,Normal,Active,38.9,0.96,170.93,Stable
21-06-2024 14:00,NODE_02,Sensor_Node_2_Factory_Area,110.25,188.26,6.555,512.8,85.49,29.97,8.08,36.4,63.7,1.3,179,Unhealthy,SW,1008.14,3.05,Medium,Peak,Active,22.7,0.71,171.65,Increasing
21-06-2024 15:00,NODE_02,Sensor_Node_2_Factory_Area,85.12,142.47,5.317,499.8,61.54,23.33,19.3,36.2,72.8,2,166,Unhealthy,S,1013.12,8.78,High,Normal,Active,69.7,0.95,176.44,Decreasing
21-06-2024 16:00,NODE_02,Sensor_Node_2_Factory_Area,82.93,159.28,4.944,485.4,63.73,32.86,20.82,33.7,74.4,2.3,165,Unhealthy,NW,1010.32,8.34,High,High,Active,26.6,0.97,178.43,Decreasing
21-06-2024 17:00,NODE_02,Sensor_Node_2_Factory_Area,92.72,138.85,5.079,489.9,75.5,31.35,19.15,34.8,70.5,5,170,Unhealthy,NW,1017.32,4.6,Low,Normal,Active,20.3,0.78,167.83,Increasing
21-06-2024 18:00,NODE_02,Sensor_Node_2_Factory_Area,76.38,152.12,5.642,466.6,80.81,24.49,15.88,35.5,80.7,3.9,162,Unhealthy,S,1012.02,8.86,High,Normal,Active,74.4,0.77,148.41,Decreasing
21-06-2024 19:00,NODE_02,Sensor_Node_2_Factory_Area,90.86,132.85,4.258,452.4,61.24,25.94,20.3,34.5,79,6.4,169,Unhealthy,NE,1003.23,6.72,Medium,Peak,Active,26.1,0.89,183.29,Decreasing
21-06-2024 20:00,NODE_02,Sensor_Node_2_Factory_Area,95.04,138.59,5.312,473.8,71.41,28.97,22.82,35.6,74.8,2.5,171,Unhealthy,W,1013.19,5.95,Medium,High,Active,71.4,0.76,162.3,Stable
21-06-2024 21:00,NODE_02,Sensor_Node_2_Factory_Area,79.17,166.94,5.362,491.1,69.87,31.68,10.61,32.7,78.6,0.9,163,Unhealthy,SW,1014.64,6.28,Low,Low,Active,75.7,0.8,149,Increasing
21-06-2024 22:00,NODE_02,Sensor_Node_2_Factory_Area,76.47,156.7,4.469,496.2,68.04,24.76,20.47,31.7,73.8,5.2,500,Hazardous,E,1004.33,5.63,Low,Low,Active,57.9,0.92,514.93,Stable
21-06-2024 23:00,NODE_02,Sensor_Node_2_Factory_Area,72.26,112.66,4.427,452.6,44.21,18.45,21.43,29.9,79.5,2.2,500,Hazardous,W,1005.74,6.83,Medium,High,Active,58.2,0.75,490.68,Decreasing
22-06-2024 00:00,NODE_02,Sensor_Node_2_Factory_Area,53.07,79.3,2.808,464.4,34.82,12.14,11.55,31.6,79.1,0.6,144,Unhealthy for Sensitive Groups,N,1008.07,4.91,Low,High,Active,57.2,0.88,137.34,Increasing
22-06-2024 01:00,NODE_02,Sensor_Node_2_Factory_Area,37.04,95.08,2.832,448.3,23.78,15.04,21.47,30.9,76.9,4.2,105,Unhealthy for Sensitive Groups,SE,1013.54,5.08,Low,Low,Active,22.8,0.96,95.28,Increasing
22-06-2024 02:00,NODE_02,Sensor_Node_2_Factory_Area,47.65,91.7,2.863,453.9,34.56,12.9,16.07,27.9,90.7,8,131,Unhealthy for Sensitive Groups,W,1009.86,3.05,High,Low,Active,73.7,0.96,118.89,Increasing
22-06-2024 03:00,NODE_02,Sensor_Node_2_Factory_Area,13.4,29.11,1.15,439.5,2,5.19,33.86,30.9,86.1,0.5,54,Moderate,SW,998.49,5.61,High,Low,Active,24.9,0.72,53.25,Increasing
22-06-2024 04:00,NODE_02,Sensor_Node_2_Factory_Area,19.03,31.4,1.048,427,4.1,8.1,25.47,34.5,74.8,0.3,66,Moderate,SE,1007.44,3.74,Low,Peak,Active,60.7,0.85,64.63,Decreasing
22-06-2024 05:00,NODE_02,Sensor_Node_2_Factory_Area,5.76,35.39,1.078,429.7,17.98,7.84,19.02,32.3,80.1,2.6,33,Good,NW,1018.81,4.21,Medium,Normal,Active,54.7,0.77,30.85,Decreasing
22-06-2024 06:00,NODE_02,Sensor_Node_2_Factory_Area,73.32,107.35,4.111,502.6,52.34,17.28,16,33.1,78.4,2.1,160,Unhealthy,SW,1015.8,1.93,Medium,Low,Active,37.7,0.7,175.82,Increasing
22-06-2024 07:00,NODE_02,Sensor_Node_2_Factory_Area,74.83,125.25,3.961,477.7,56.65,25.5,19.7,36.4,65.5,1.9,161,Unhealthy,N,1015.92,6.16,Medium,Normal,Active,77.1,0.96,157.37,Decreasing
22-06-2024 08:00,NODE_02,Sensor_Node_2_Factory_Area,74.36,113.58,4.369,477.9,58.4,20.25,18.41,36.6,71.3,3.6,161,Unhealthy,SE,1011.66,9.81,Medium,High,Active,67.5,0.83,148.46,Stable
22-06-2024 09:00,NODE_02,Sensor_Node_2_Factory_Area,71.88,121.68,4.094,529.9,48.38,23.21,16.85,36.5,69.4,2.7,159,Unhealthy,E,1025.04,3.43,Medium,Peak,Active,30.2,0.93,160.89,Increasing
22-06-2024 10:00,NODE_02,Sensor_Node_2_Factory_Area,72.55,142.64,4.988,508.1,62.99,20.5,27.26,37.1,66.6,2.6,160,Unhealthy,SW,1011.59,8.97,Low,High,Maintenance,28.4,0.9,161.74,Increasing
22-06-2024 11:00,NODE_02,Sensor_Node_2_Factory_Area,75.76,95.39,4.488,488.6,60.02,26.41,16.96,39.2,63.3,3.1,500,Hazardous,W,1010.61,1.18,Low,Peak,Active,88.5,0.76,480.22,Decreasing
22-06-2024 12:00,NODE_02,Sensor_Node_2_Factory_Area,70.02,139.48,3.827,467.1,45.87,29.14,17.25,38.3,71.5,1.2,158,Unhealthy,NE,1009.17,4.92,High,High,Active,95.4,0.77,171.42,Decreasing
22-06-2024 13:00,NODE_02,Sensor_Node_2_Factory_Area,73.86,107.04,3.627,508.1,53.51,25.35,15.57,36.3,67.7,3.1,160,Unhealthy,SW,1009.61,8.75,High,Low,Active,73.1,0.94,172.51,Increasing
22-06-2024 14:00,NODE_02,Sensor_Node_2_Factory_Area,72.76,151.02,3.564,487.8,42.69,23.77,6.32,37.8,66.5,4.1,160,Unhealthy,SE,1016.69,3.72,High,High,Active,37.2,0.82,159.96,Decreasing
22-06-2024 15:00,NODE_02,Sensor_Node_2_Factory_Area,52.61,121.27,3.635,485.9,27.71,22.44,23.09,38.8,54,5.6,143,Unhealthy for Sensitive Groups,NE,999.5,2.52,High,Normal,Active,48.6,0.71,150.62,Stable
22-06-2024 16:00,NODE_02,Sensor_Node_2_Factory_Area,66.81,107.23,3.358,468.7,42.86,20.28,22.31,33.6,70.8,1.4,157,Unhealthy,NW,1004.89,6.93,High,High,Active,82.2,0.71,147.41,Increasing
22-06-2024 17:00,NODE_02,Sensor_Node_2_Factory_Area,45.42,78.6,4.233,462.1,39.22,18.64,7.99,36.2,66.2,3.9,125,Unhealthy for Sensitive Groups,SW,1020.4,9.55,Low,Peak,Active,63.6,0.79,123.08,Increasing
22-06-2024 18:00,NODE_02,Sensor_Node_2_Factory_Area,46.51,105.07,3.34,488,43.29,19.23,7.01,32.7,66.5,3.1,128,Unhealthy for Sensitive Groups,SE,1007.35,6.65,Medium,High,Active,47,0.85,131.07,Increasing
22-06-2024 19:00,NODE_02,Sensor_Node_2_Factory_Area,66.06,124.78,2.316,512.5,43.76,15.7,15.73,32.2,82.6,5.5,156,Unhealthy,SE,1005.23,1.81,Medium,Low,Active,34.4,0.96,162,Decreasing
22-06-2024 20:00,NODE_02,Sensor_Node_2_Factory_Area,51.26,100.36,3.783,507.3,34.3,21.95,17.67,32.5,71.8,5.8,140,Unhealthy for Sensitive Groups,S,1011,7.74,High,Peak,Active,80.2,0.7,140.1,Stable
22-06-2024 21:00,NODE_02,Sensor_Node_2_Factory_Area,69.41,102.44,3.034,478.2,49.7,21.61,18.8,30.6,82,1.6,158,Unhealthy,SE,1007.51,1.05,Medium,Low,Active,58,0.87,145.8,Decreasing
22-06-2024 22:00,NODE_02,Sensor_Node_2_Factory_Area,77.41,104.1,3.287,479,42.21,23.71,22.54,29.6,75.2,2.9,162,Unhealthy,NW,1013.76,5.88,Medium,High,Active,91.5,0.7,145.84,Increasing
22-06-2024 23:00,NODE_02,Sensor_Node_2_Factory_Area,32.38,52.52,2.542,421.8,48.75,10.49,23.22,32,79.4,0.7,94,Moderate,NW,1004.82,8.64,Medium,Normal,Active,48.4,0.9,89.41,Decreasing
23-06-2024 00:00,NODE_02,Sensor_Node_2_Factory_Area,32.36,67.44,2.548,468.5,26.08,18.29,13.65,30.9,83.1,3.2,94,Moderate,S,1020.99,4.87,Medium,Low,Active,53.6,0.78,99.98,Decreasing
23-06-2024 01:00,NODE_02,Sensor_Node_2_Factory_Area,44.8,93.4,1.163,485.9,36.86,16.18,23.89,29.4,82.3,2.6,124,Unhealthy for Sensitive Groups,W,1004.13,2.98,High,Low,Active,70.5,0.78,114.63,Decreasing
23-06-2024 02:00,NODE_02,Sensor_Node_2_Factory_Area,52.42,72.3,2.166,447.2,35.42,20.37,18.86,31.5,77.1,1,143,Unhealthy for Sensitive Groups,W,1011.5,8.89,Low,Normal,Active,71.9,0.94,147.27,Increasing
23-06-2024 03:00,NODE_02,Sensor_Node_2_Factory_Area,5,16.69,0.825,431.8,20.7,5.94,17.98,33,78.6,5.2,21,Good,N,1012.33,2.39,High,Low,Active,85.4,0.84,22.17,Decreasing
23-06-2024 04:00,NODE_02,Sensor_Node_2_Factory_Area,17.7,23.37,1.213,448.7,16.32,9.09,25.5,30.5,71.2,1.3,63,Moderate,SE,1013.48,4.58,Medium,Normal,Active,95.5,0.8,60.13,Stable
23-06-2024 05:00,NODE_02,Sensor_Node_2_Factory_Area,28.86,13.77,0.371,452.3,15.82,13.23,27.88,33.9,85.5,2.1,86,Moderate,NW,1011.64,5.14,Medium,Peak,Active,41.4,0.92,91.04,Increasing
23-06-2024 06:00,NODE_02,Sensor_Node_2_Factory_Area,75.92,120.08,4.309,527,59.93,29.47,11.46,35.3,67.4,4.7,162,Unhealthy,SW,1011.97,1.28,High,Normal,Active,28.6,0.82,176.33,Decreasing
23-06-2024 07:00,NODE_02,Sensor_Node_2_Factory_Area,84.85,115.35,3.894,512.3,66.84,29.73,17.79,34.4,73.9,3.2,166,Unhealthy,W,1011.58,5.73,Low,Normal,Active,86.9,0.96,161.51,Stable
23-06-2024 08:00,NODE_02,Sensor_Node_2_Factory_Area,68.4,133.01,4.04,498.6,54.21,26.07,14.89,35.9,69.9,3.3,158,Unhealthy,SE,1019.83,6.43,Low,Low,Active,27.2,0.71,155.98,Stable
23-06-2024 09:00,NODE_02,Sensor_Node_2_Factory_Area,68.45,119.26,3.761,496.6,57.72,23.06,9.61,36.6,70.2,3.6,158,Unhealthy,SE,1011.25,4.74,Medium,High,Active,27.6,0.78,153.26,Increasing
23-06-2024 10:00,NODE_02,Sensor_Node_2_Factory_Area,67.92,114.77,4.035,488,49.7,20.62,17.63,36.2,71.8,5.6,157,Unhealthy,W,1017.78,1.32,Low,High,Active,56.2,0.97,167.47,Stable
23-06-2024 11:00,NODE_02,Sensor_Node_2_Factory_Area,80.69,107.74,3.508,495.4,51.79,28.46,15.75,38.5,68.7,2.5,164,Unhealthy,NW,1007.61,1.99,Low,Low,Active,52.4,0.72,172.69,Stable
23-06-2024 12:00,NODE_02,Sensor_Node_2_Factory_Area,262.61,473.69,10.131,494.3,54.68,47.76,8.99,36.9,57.6,2.5,355,Hazardous,S,1011.99,4.53,High,Normal,Active,72.3,0.78,329.83,Increasing
23-06-2024 13:00,NODE_02,Sensor_Node_2_Factory_Area,82.55,119.6,3.976,487.5,62.52,24.49,10.08,36.8,61,3.4,165,Unhealthy,SE,1011.22,4.82,Medium,High,Active,64.6,0.8,154.33,Increasing
23-06-2024 14:00,NODE_02,Sensor_Node_2_Factory_Area,70.49,147.4,4.886,500.8,51.73,21.95,11.24,40.1,60.8,2.2,159,Unhealthy,NW,1018,9.22,Medium,High,Maintenance,56.4,0.94,158.18,Stable
23-06-2024 15:00,NODE_02,Sensor_Node_2_Factory_Area,64.15,124.14,2.548,485.6,40.26,22.56,20.17,34.2,75.2,1.5,155,Unhealthy,E,1008.48,4.35,High,Low,Active,34.9,0.88,149.86,Decreasing
23-06-2024 16:00,NODE_02,Sensor_Node_2_Factory_Area,54.4,80.6,3.243,489.7,41.34,16.92,10.34,36.5,57.5,2.9,148,Unhealthy for Sensitive Groups,N,1007.85,7.52,Low,High,Fault,74.1,0.97,143.7,Stable
23-06-2024 17:00,NODE_02,Sensor_Node_2_Factory_Area,57.45,98.71,3.53,502.5,51.01,12.28,18.11,38.1,71.2,2.7,152,Unhealthy,NE,1011.06,6.54,Low,High,Active,58.2,0.71,142.81,Increasing
23-06-2024 18:00,NODE_02,Sensor_Node_2_Factory_Area,54.13,82.33,3.763,497.5,34.34,18.35,15.57,31.6,63.5,1.3,147,Unhealthy for Sensitive Groups,W,1011.87,1.35,Medium,Peak,Active,39.6,0.71,145.41,Stable
23-06-2024 19:00,NODE_02,Sensor_Node_2_Factory_Area,47.07,97.98,3.099,469.7,40.94,21.71,20.18,34.5,72.2,3.1,129,Unhealthy for Sensitive Groups,SW,999.39,5.14,Low,High,Active,44.4,0.83,137.36,Stable
23-06-2024 20:00,NODE_02,Sensor_Node_2_Factory_Area,53.29,100.1,2.704,481.5,46.69,21.17,16.35,36.1,74,3.5,145,Unhealthy for Sensitive Groups,NE,1006.85,7.05,Low,Low,Active,78.8,0.99,144.11,Decreasing
23-06-2024 21:00,NODE_02,Sensor_Node_2_Factory_Area,43.77,102.04,3.096,494.1,55.01,19.53,11.05,26,78.5,2.8,121,Unhealthy for Sensitive Groups,S,1018.66,3.79,High,Low,Active,73.7,0.71,117.12,Stable
23-06-2024 22:00,NODE_02,Sensor_Node_2_Factory_Area,50.73,86.47,2.945,474.9,49.11,21.01,12.36,28.9,79.5,2.1,138,Unhealthy for Sensitive Groups,SW,1010.47,7.62,High,High,Active,40.2,0.77,125.48,Decreasing
23-06-2024 23:00,NODE_02,Sensor_Node_2_Factory_Area,51.32,87.95,1.608,465.3,36.17,5.72,31.26,32.1,81.7,2.8,140,Unhealthy for Sensitive Groups,N,1010.55,9.41,Medium,High,Active,88.5,0.77,132.68,Decreasing
24-06-2024 00:00,NODE_02,Sensor_Node_2_Factory_Area,72.32,98.28,3.75,485.4,39.94,22.93,12.03,28.6,75,3.2,160,Unhealthy,NW,1015.42,3.43,High,High,Active,96.8,0.95,167.62,Increasing
24-06-2024 01:00,NODE_02,Sensor_Node_2_Factory_Area,70.11,104.38,3.575,491.5,42.35,24.64,20.79,29.3,70.5,2.2,159,Unhealthy,N,1015.24,6.29,High,Normal,Active,69.7,0.89,145.15,Stable
24-06-2024 02:00,NODE_02,Sensor_Node_2_Factory_Area,64.8,122.45,3.69,464.8,49.81,23.51,24.02,28.5,75.5,3,156,Unhealthy,W,1022.44,1.13,Medium,High,Fault,78.3,0.75,152.31,Stable
24-06-2024 03:00,NODE_02,Sensor_Node_2_Factory_Area,37.32,45.11,1.317,466.1,21.26,15.04,25.03,31.9,72.8,4.2,105,Unhealthy for Sensitive Groups,NE,1015.79,6.7,Low,Low,Active,92.5,0.92,112.23,Increasing
24-06-2024 04:00,NODE_02,Sensor_Node_2_Factory_Area,30.92,55.87,1.788,413.4,15.36,12.4,15.21,32.4,74.3,1.3,91,Moderate,S,1009.36,5.6,Medium,Low,Active,89.7,0.76,92.82,Stable
24-06-2024 05:00,NODE_02,Sensor_Node_2_Factory_Area,34.3,37.57,1.339,447.9,4.88,9.63,20.58,33.3,75.6,2.8,98,Moderate,E,1012.33,4.43,Low,Peak,Maintenance,26.3,0.88,93.52,Decreasing
24-06-2024 06:00,NODE_02,Sensor_Node_2_Factory_Area,111.24,191.23,6.339,483,76.52,30.49,18.77,33.8,71.7,6.1,180,Unhealthy,N,1016.64,9.14,Low,Normal,Active,52.5,0.79,174.54,Increasing
24-06-2024 07:00,NODE_02,Sensor_Node_2_Factory_Area,96.36,164.21,6.132,476.7,81.06,32.4,17.9,35.3,78.2,6.9,172,Unhealthy,SW,1017.77,9.47,High,High,Active,85.8,0.96,185.92,Stable
24-06-2024 08:00,NODE_02,Sensor_Node_2_Factory_Area,105.54,174.56,6.817,527.4,88.94,36.52,11.13,37.7,72.5,7.2,177,Unhealthy,NE,1006.58,4.05,Low,Normal,Active,22.2,0.93,174.59,Decreasing
24-06-2024 09:00,NODE_02,Sensor_Node_2_Factory_Area,126.2,173.84,6.831,514.9,81.61,41.46,18.01,35.4,67,2.2,188,Unhealthy,W,1016.02,5.79,Medium,Low,Active,73.8,0.8,199.63,Stable
24-06-2024 10:00,NODE_02,Sensor_Node_2_Factory_Area,115.63,203.85,6.511,491.5,86.67,38.89,6.14,37.6,65.7,4.9,182,Unhealthy,E,1022.6,1.81,Medium,Peak,Fault,87,0.74,178.27,Increasing
24-06-2024 11:00,NODE_02,Sensor_Node_2_Factory_Area,348.95,543.62,15.191,522,83.55,65.32,8.32,37.8,54.1,3.2,433,Hazardous,E,1010.96,5.79,Medium,Normal,Active,88.5,0.74,459.77,Increasing
24-06-2024 12:00,NODE_02,Sensor_Node_2_Factory_Area,117.91,200.39,5.579,514,78.12,35.21,8.7,38.7,64,3.5,183,Unhealthy,E,1012.07,8.92,High,Normal,Active,25.6,0.74,165.82,Stable
24-06-2024 13:00,NODE_02,Sensor_Node_2_Factory_Area,120.76,195.9,5.971,477.2,81.97,36.95,10.67,36.4,72.1,4,185,Unhealthy,W,1006.45,2.81,Medium,Peak,Active,81.6,0.81,196.51,Increasing
24-06-2024 14:00,NODE_02,Sensor_Node_2_Factory_Area,119.75,178.74,5.775,520.7,81.91,34.24,23.14,37.1,68.5,1.1,184,Unhealthy,SW,1005.63,1.43,Medium,Peak,Active,99.5,0.73,182.04,Decreasing
24-06-2024 15:00,NODE_02,Sensor_Node_2_Factory_Area,75.11,144.9,4.837,510.4,62.56,26.66,26.07,36.3,64,2.9,161,Unhealthy,SE,1012.07,4.53,Low,High,Active,28.6,1,162.29,Increasing
24-06-2024 16:00,NODE_02,Sensor_Node_2_Factory_Area,88.7,156.18,5.79,468.4,75.21,22.83,14.32,34.7,68.2,3.4,168,Unhealthy,W,1016.73,2.8,Medium,High,Active,90.1,0.84,160.05,Decreasing
24-06-2024 17:00,NODE_02,Sensor_Node_2_Factory_Area,256.52,474.88,11.715,512.2,67.89,52.18,17.72,34.7,75.5,5.1,356,Hazardous,NW,1010.21,3.58,Medium,High,Active,29.5,0.77,349.2,Stable
24-06-2024 18:00,NODE_02,Sensor_Node_2_Factory_Area,80.87,162.17,5.308,481.4,64.68,25.14,22.03,33.5,67.4,1.4,164,Unhealthy,E,1018.63,9.33,High,Peak,Active,21.7,0.98,151.79,Increasing
24-06-2024 19:00,NODE_02,Sensor_Node_2_Factory_Area,77.72,123.82,4.518,482.8,65.76,27.83,16.49,30.8,68.3,3.7,162,Unhealthy,W,1017.45,8.87,Medium,Peak,Active,76.8,0.94,170.46,Stable
24-06-2024 20:00,NODE_02,Sensor_Node_2_Factory_Area,92.62,158.85,5.572,466.8,67.43,24.32,12.89,32.6,80.7,3,170,Unhealthy,E,1009.8,3.99,Medium,High,Active,46.3,0.7,163.74,Decreasing
24-06-2024 21:00,NODE_02,Sensor_Node_2_Factory_Area,86.45,141.13,4.577,505.3,68.1,31.5,5.11,31.5,73.2,2.9,167,Unhealthy,SW,1016.38,9.11,Medium,Low,Fault,68,0.76,176.07,Stable
24-06-2024 22:00,NODE_02,Sensor_Node_2_Factory_Area,96.73,183.73,5.241,474.2,61.81,32.65,13.42,31.5,79,2.7,172,Unhealthy,NW,1011.22,8.56,Low,Normal,Active,40.6,0.98,172.26,Decreasing
24-06-2024 23:00,NODE_02,Sensor_Node_2_Factory_Area,67.46,93.59,3.546,485.5,59.02,22.46,17.95,32.5,74.3,3.7,157,Unhealthy,NE,1012.56,9.82,Medium,Peak,Active,92.1,0.82,152.22,Decreasing
25-06-2024 00:00,NODE_02,Sensor_Node_2_Factory_Area,69.66,106.4,3.89,477,51.83,23.44,18.27,30.8,78.1,2.2,158,Unhealthy,S,1018.44,5.74,Medium,Normal,Active,48.2,0.77,154.9,Stable
25-06-2024 01:00,NODE_02,Sensor_Node_2_Factory_Area,62.23,93.76,3.522,470.2,40.94,19.12,32.72,28.4,75.5,2.7,154,Unhealthy,W,1026.63,5.7,Medium,Peak,Active,27,0.7,160.92,Decreasing
25-06-2024 02:00,NODE_02,Sensor_Node_2_Factory_Area,59.48,110.59,3.481,488,50.97,17.59,25,29.1,67.8,4.4,153,Unhealthy,W,1003.62,9.5,Low,High,Active,26.6,0.85,151.09,Increasing
25-06-2024 03:00,NODE_02,Sensor_Node_2_Factory_Area,27.48,74.2,0.686,413.5,26.27,6.43,28.06,29.9,77.1,2.5,83,Moderate,SE,1010.02,8.94,Medium,Peak,Active,31.1,0.96,82.95,Increasing
25-06-2024 04:00,NODE_02,Sensor_Node_2_Factory_Area,35.69,57.02,0.855,447.6,21.51,9.36,26.68,31.5,75.4,2,101,Unhealthy for Sensitive Groups,NE,1018.96,9.61,High,Peak,Active,42.7,0.88,97.69,Stable
25-06-2024 05:00,NODE_02,Sensor_Node_2_Factory_Area,29.43,65.57,1.022,451.2,21.56,3.88,27.64,31.5,80,2,87,Moderate,SW,1010.53,4.13,High,Low,Active,64.8,0.75,88.1,Increasing
25-06-2024 06:00,NODE_02,Sensor_Node_2_Factory_Area,122.27,192.54,6.834,489.7,70.76,42.7,15.97,34.7,75.9,4.2,185,Unhealthy,NE,1009.42,4.95,Low,Peak,Active,90.1,0.87,180.94,Increasing
25-06-2024 07:00,NODE_02,Sensor_Node_2_Factory_Area,107.32,189.55,6.871,469.2,91.87,29.91,21.05,35.6,69.9,1.2,178,Unhealthy,E,1022.01,8.15,High,Low,Active,83.2,0.97,182.57,Decreasing
25-06-2024 08:00,NODE_02,Sensor_Node_2_Factory_Area,109.2,186.46,5.99,501.3,99.46,41.21,11.64,36.4,69.6,3.6,179,Unhealthy,SE,1011.63,6.65,Low,High,Active,86.9,0.9,166.92,Increasing
25-06-2024 09:00,NODE_02,Sensor_Node_2_Factory_Area,108.86,201.85,5.983,540.2,94.65,38.19,9.84,37.4,69.4,4,179,Unhealthy,S,1016.72,1.47,High,Normal,Active,33.5,0.91,179.2,Increasing
25-06-2024 10:00,NODE_02,Sensor_Node_2_Factory_Area,108.59,218.67,6.603,499.8,100.8,39.32,13.73,37.6,70.6,2,178,Unhealthy,S,1010.14,8.98,Medium,Normal,Fault,25.8,0.89,179.91,Decreasing
25-06-2024 11:00,NODE_02,Sensor_Node_2_Factory_Area,108.79,191.87,5.991,474.7,84.74,36.56,18.64,37,58.2,4,179,Unhealthy,NE,1002.65,5.77,High,Peak,Active,49.2,0.81,196.31,Increasing
25-06-2024 12:00,NODE_02,Sensor_Node_2_Factory_Area,104.67,183.81,6.244,493.9,79.15,32.52,23,39,73.5,3,176,Unhealthy,SE,1008.93,4.61,High,Normal,Active,63.3,0.92,187.96,Decreasing
25-06-2024 13:00,NODE_02,Sensor_Node_2_Factory_Area,121.59,181.79,6.958,491.7,76.62,30.26,14.49,39.2,67.7,3.3,185,Unhealthy,NE,1016.1,7.82,High,Normal,Active,98.2,0.84,188.44,Increasing
25-06-2024 14:00,NODE_02,Sensor_Node_2_Factory_Area,115.2,200.88,7.043,475.5,77.62,39.29,11.95,37.1,66.3,5,182,Unhealthy,SW,1013.16,1.92,Medium,Peak,Active,93.2,0.94,164.1,Stable
25-06-2024 15:00,NODE_02,Sensor_Node_2_Factory_Area,77.78,162.21,5.677,505.2,70.04,30.11,19.67,35.9,61.6,2.2,163,Unhealthy,NE,1007.21,5.33,Medium,Normal,Maintenance,71.7,0.98,162.75,Stable
25-06-2024 16:00,NODE_02,Sensor_Node_2_Factory_Area,82.75,157.79,5.221,492.6,69.66,33.58,18.36,37.5,72.1,3.3,165,Unhealthy,S,1024.38,6.09,High,Low,Active,64.2,0.95,148.57,Stable
25-06-2024 17:00,NODE_02,Sensor_Node_2_Factory_Area,97.04,153.45,5.169,478.5,63.67,32.41,13.58,37.5,69.5,2.9,172,Unhealthy,S,1012.71,3.64,Medium,Low,Active,63.9,0.88,169.31,Increasing
25-06-2024 18:00,NODE_02,Sensor_Node_2_Factory_Area,90,147.07,4.723,506.1,59.46,26.1,21.33,35.1,63.6,1.5,169,Unhealthy,NE,1006.03,8.05,High,Peak,Active,22.2,0.74,163.07,Stable
25-06-2024 19:00,NODE_02,Sensor_Node_2_Factory_Area,92.65,153.8,4.661,472.8,52.97,35.67,23.48,31,78.3,4.5,170,Unhealthy,NW,1019.8,9.44,Medium,Low,Active,72.2,0.99,155.26,Stable
25-06-2024 20:00,NODE_02,Sensor_Node_2_Factory_Area,83.41,164.81,4.872,480.5,65.18,26.17,25.4,33.3,75.7,2.5,165,Unhealthy,S,1017.5,6.68,Low,Normal,Active,21.2,0.9,166.94,Decreasing
25-06-2024 21:00,NODE_02,Sensor_Node_2_Factory_Area,96.2,158.64,5.488,492,54.02,24.55,20.48,34.8,83.6,3.1,172,Unhealthy,SW,1008.64,6.89,Medium,High,Active,52.1,0.8,179.86,Increasing
25-06-2024 22:00,NODE_02,Sensor_Node_2_Factory_Area,90.66,137.53,5.596,485.7,72.05,28.92,19.8,30.4,78.5,2.3,169,Unhealthy,S,1015.93,9.32,Low,Normal,Active,57.9,0.93,154.06,Decreasing
25-06-2024 23:00,NODE_02,Sensor_Node_2_Factory_Area,74,119.96,4.56,499.5,41.83,19.99,13.4,29.3,84.5,0.5,161,Unhealthy,E,1016.74,5.66,Low,High,Active,42,0.9,144.98,Increasing
26-06-2024 00:00,NODE_02,Sensor_Node_2_Factory_Area,70.36,102.87,4.636,469.1,47.59,23.95,25.5,32.4,76.7,0.8,159,Unhealthy,E,1014.77,2.15,Medium,Normal,Active,78.9,0.73,170.48,Increasing
26-06-2024 01:00,NODE_02,Sensor_Node_2_Factory_Area,74.69,103.12,3.292,455.6,58.21,24.43,14.59,27.5,71.1,2.3,161,Unhealthy,N,1012.78,8.58,Low,Peak,Active,94.5,0.92,161.7,Increasing
26-06-2024 02:00,NODE_02,Sensor_Node_2_Factory_Area,75.38,106.33,4.68,438.8,47.96,24.74,25.04,30,83.2,3.7,161,Unhealthy,SW,1001.39,9.5,Medium,Low,Active,46.6,0.91,169.04,Increasing
26-06-2024 03:00,NODE_02,Sensor_Node_2_Factory_Area,34,57.35,1.295,468,15.15,9.58,18.75,31.3,69.8,1.8,97,Moderate,N,1010.06,3.09,Medium,Normal,Active,23.8,1,95.41,Increasing
26-06-2024 04:00,NODE_02,Sensor_Node_2_Factory_Area,33.9,52.49,2.144,431.2,28.94,9.16,25.57,35.2,72.1,1.5,97,Moderate,NW,1011.68,2.86,Medium,Low,Active,80,0.77,93.25,Increasing
26-06-2024 05:00,NODE_02,Sensor_Node_2_Factory_Area,37.32,29.08,1.083,457.9,33.14,9.37,25.72,34.1,74,3.3,105,Unhealthy for Sensitive Groups,NE,1008.5,5.79,Low,Low,Active,96.4,0.9,114.09,Stable
26-06-2024 06:00,NODE_02,Sensor_Node_2_Factory_Area,111.08,180.21,5.927,448.1,92.64,35.41,14,31.1,68.2,3.6,180,Unhealthy,NE,1009.86,3.69,Medium,High,Maintenance,73.2,0.92,163.98,Stable
26-06-2024 07:00,NODE_02,Sensor_Node_2_Factory_Area,103.83,191.71,5.719,481.6,74.9,43.24,23.46,33.8,58.6,3.7,176,Unhealthy,NE,1016.21,8.65,High,High,Maintenance,69.1,0.91,189.56,Decreasing
26-06-2024 08:00,NODE_02,Sensor_Node_2_Factory_Area,112.54,200.38,6.626,484.9,86.06,39.42,12.38,36.4,65.7,3.6,180,Unhealthy,NE,1009.01,5.13,High,High,Active,57.5,0.75,183.88,Decreasing
26-06-2024 09:00,NODE_02,Sensor_Node_2_Factory_Area,125.97,166.61,7.297,484.5,85.33,29.48,9.25,38.2,73.9,5.4,187,Unhealthy,NW,1001.82,3.11,Low,Low,Active,44.1,0.83,197.3,Increasing
26-06-2024 10:00,NODE_02,Sensor_Node_2_Factory_Area,118.36,180.42,5.701,504.8,79.96,37.55,18.74,36.4,71,2.1,183,Unhealthy,S,1008.25,1.01,Medium,Low,Active,86.6,0.79,186.35,Decreasing
26-06-2024 11:00,NODE_02,Sensor_Node_2_Factory_Area,115.23,200.92,6.66,516.5,95.74,37.31,12.97,36.2,73,4,182,Unhealthy,N,1008.79,1.93,Medium,Normal,Active,38.8,0.86,200.15,Increasing
26-06-2024 12:00,NODE_02,Sensor_Node_2_Factory_Area,93.76,202.75,6.269,498.6,78.65,39.6,19.07,36.3,67,4.4,171,Unhealthy,W,1011.03,4.22,Low,Peak,Active,67.7,0.77,166.97,Stable
26-06-2024 13:00,NODE_02,Sensor_Node_2_Factory_Area,115.65,192.49,6.954,499.8,68.22,36.75,16.9,38.3,72.8,2.8,182,Unhealthy,NE,1004.64,8.94,High,High,Active,52,0.85,185.91,Decreasing
26-06-2024 14:00,NODE_02,Sensor_Node_2_Factory_Area,102.62,173.09,6.364,517.6,86.11,33.25,15.27,38.9,70.9,2.1,175,Unhealthy,E,1010.14,4.33,Low,Normal,Active,60.6,0.99,160.52,Decreasing
26-06-2024 15:00,NODE_02,Sensor_Node_2_Factory_Area,83.58,145.99,4.252,524.2,61.21,33.24,27.49,37.2,67.2,2.5,165,Unhealthy,NW,1006.74,2.22,Medium,Normal,Active,25.7,0.93,162.24,Decreasing
26-06-2024 16:00,NODE_02,Sensor_Node_2_Factory_Area,100.83,156.92,5.134,510.6,72.07,28.21,19.48,34.8,65.6,1.7,174,Unhealthy,S,1016.68,9.49,Low,Low,Maintenance,34.8,0.94,173.23,Increasing
26-06-2024 17:00,NODE_02,Sensor_Node_2_Factory_Area,86.35,153.07,4.925,470.8,64.51,19.51,14.61,33.4,68.8,5.4,167,Unhealthy,N,1010.84,7.17,Low,Low,Active,74.3,0.93,171.27,Decreasing
26-06-2024 18:00,NODE_02,Sensor_Node_2_Factory_Area,69.76,154.67,5.575,484.9,70.69,26.75,10.63,34,76.1,2,500,Hazardous,SW,1015.29,4.75,Low,Normal,Active,47.4,0.97,470.83,Increasing
26-06-2024 19:00,NODE_02,Sensor_Node_2_Factory_Area,77.4,191.92,5.232,452.7,52.13,31.72,30.83,32.5,71.5,1.4,162,Unhealthy,S,1013.66,7.34,Low,Normal,Active,80.1,0.95,156.59,Decreasing
26-06-2024 20:00,NODE_02,Sensor_Node_2_Factory_Area,67.65,166.52,4.813,505.9,61.87,29.29,22.67,33.6,76.4,4.2,157,Unhealthy,SE,1004.29,9.16,Medium,Low,Active,66,0.93,170.98,Increasing
26-06-2024 21:00,NODE_02,Sensor_Node_2_Factory_Area,89.47,133.92,4.484,449,72.57,27.22,22.5,31.8,70.2,0.7,500,Hazardous,NW,1011.75,2.59,High,Peak,Active,88,0.91,504.35,Decreasing
26-06-2024 22:00,NODE_02,Sensor_Node_2_Factory_Area,83.13,164.81,6.375,507.1,67.01,33.84,26.96,28.4,84.5,3.7,165,Unhealthy,NE,1022.02,6,Medium,Normal,Active,70.4,0.92,179.43,Decreasing
26-06-2024 23:00,NODE_02,Sensor_Node_2_Factory_Area,72.16,110.81,4.856,475.1,47.36,23.62,25.66,30.3,80.2,0.8,160,Unhealthy,E,1002.33,7.67,High,Low,Fault,50.8,0.71,160.06,Decreasing
27-06-2024 00:00,NODE_02,Sensor_Node_2_Factory_Area,59.43,94.36,4.599,465,26.41,23.19,22.68,27.2,73,4.2,153,Unhealthy,SW,1017.69,9.81,Medium,Low,Active,56.1,0.91,146.22,Stable
27-06-2024 01:00,NODE_02,Sensor_Node_2_Factory_Area,58.99,111.92,3.626,489.2,53.87,14.64,17.72,30.6,72.2,3,153,Unhealthy,NW,1012.59,2.88,Medium,Low,Active,38.8,0.9,153.57,Decreasing
27-06-2024 02:00,NODE_02,Sensor_Node_2_Factory_Area,59.97,98.28,4.304,457.3,53.06,16.99,21.15,29.6,75.3,2.3,153,Unhealthy,N,1002.94,5.12,Low,High,Active,59.4,0.91,160.79,Decreasing
27-06-2024 03:00,NODE_02,Sensor_Node_2_Factory_Area,21.13,45.49,1.552,466.5,27.23,12.16,17.11,30.2,83.4,3,70,Moderate,S,1015.44,2.24,Low,High,Active,29.8,0.93,68.45,Decreasing
27-06-2024 04:00,NODE_02,Sensor_Node_2_Factory_Area,18.98,33.99,2.44,450.4,27.88,12.13,24.3,31,72.6,2.6,65,Moderate,N,1018.02,6.14,High,Low,Active,85.6,0.98,67.19,Increasing
27-06-2024 05:00,NODE_02,Sensor_Node_2_Factory_Area,25.97,39.75,1.144,456.5,33.98,10.24,26.96,33.1,76.2,3.8,80,Moderate,SE,1011.63,5.64,Medium,Normal,Active,23.1,0.9,86.18,Decreasing
27-06-2024 06:00,NODE_02,Sensor_Node_2_Factory_Area,113.99,200.86,5.511,505,86.14,37.66,15.15,34.2,67.7,4.7,181,Unhealthy,E,1013.84,7.12,Medium,Normal,Active,86.9,0.83,196.36,Decreasing
27-06-2024 07:00,NODE_02,Sensor_Node_2_Factory_Area,95.8,203.76,5.833,502.1,78.76,42.35,15.6,34.6,74.9,3,172,Unhealthy,SW,1022.93,5.66,High,High,Active,70.7,0.72,156.97,Increasing
27-06-2024 08:00,NODE_02,Sensor_Node_2_Factory_Area,106.98,199.75,5.614,505.8,97.96,36.63,16.54,36,66.6,2.2,178,Unhealthy,W,1008.37,3.05,Medium,High,Active,66.8,0.97,178.38,Stable
27-06-2024 09:00,NODE_02,Sensor_Node_2_Factory_Area,112.52,155.13,6.633,543.4,81.37,30.12,19.39,39.4,70.9,3.3,180,Unhealthy,S,1022.97,4.99,Low,Peak,Active,65,0.77,197.67,Increasing
27-06-2024 10:00,NODE_02,Sensor_Node_2_Factory_Area,115.65,182.75,6.543,504.5,83.55,34.98,17.13,35.5,71.7,5.1,182,Unhealthy,SW,1021.85,2.54,Medium,Low,Maintenance,34.3,0.75,181.71,Stable
27-06-2024 11:00,NODE_02,Sensor_Node_2_Factory_Area,102.98,177.02,5.417,498.1,73.98,38.85,10.23,40.1,66.2,2.1,176,Unhealthy,NW,1004.05,2.9,High,Normal,Active,45.4,0.83,159.1,Increasing
27-06-2024 12:00,NODE_02,Sensor_Node_2_Factory_Area,111.16,188.88,5.75,506.6,81.21,35.13,16.13,37.3,67.5,1.5,180,Unhealthy,SE,1012.74,3.89,Medium,Low,Active,69,0.99,187.02,Decreasing
27-06-2024 13:00,NODE_02,Sensor_Node_2_Factory_Area,109.31,175.09,6.046,531,90.69,40.85,22.41,37.2,68,6,179,Unhealthy,E,1012.4,8.66,High,Peak,Active,52.6,0.92,192.64,Stable
27-06-2024 14:00,NODE_02,Sensor_Node_2_Factory_Area,107.69,191.3,6.436,514.6,88.59,36.37,16.62,37.8,76.7,3.8,178,Unhealthy,NE,1019.76,5.37,Medium,Low,Active,64.1,0.92,166.81,Increasing
27-06-2024 15:00,NODE_02,Sensor_Node_2_Factory_Area,74.16,155.78,5.251,499,68.7,26.56,21.54,36.9,65.1,4.3,161,Unhealthy,N,1019.01,1.14,High,Peak,Active,26.8,0.88,168.78,Stable
27-06-2024 16:00,NODE_02,Sensor_Node_2_Factory_Area,89.72,176.04,5.783,505,85.16,28.21,16.08,37.3,67.5,3.8,169,Unhealthy,W,1021.06,9.59,Medium,Normal,Active,29.4,0.85,155.25,Stable
27-06-2024 17:00,NODE_02,Sensor_Node_2_Factory_Area,88.1,131.41,5.072,486.7,64.15,21.77,9.58,33.9,73.7,2.8,168,Unhealthy,SE,1002.28,2.13,Low,Low,Active,62.9,0.78,170.69,Stable
27-06-2024 18:00,NODE_02,Sensor_Node_2_Factory_Area,80.92,156.78,4.22,443.9,65.5,26.62,23.47,34.2,81.9,2,164,Unhealthy,SW,1020.26,8.97,Low,Normal,Active,44.8,0.9,174.25,Stable
27-06-2024 19:00,NODE_02,Sensor_Node_2_Factory_Area,83.61,171.34,5.018,502.4,59.66,27.14,17.98,34.9,60.4,1.4,166,Unhealthy,SW,1015.41,6.01,Medium,Normal,Active,99.8,0.92,170.07,Decreasing
27-06-2024 20:00,NODE_02,Sensor_Node_2_Factory_Area,71.38,145.5,4.35,445,65.36,27.62,17.18,32.4,69.7,6.5,159,Unhealthy,NW,1000.97,6.6,High,Normal,Active,22.9,0.7,156.93,Decreasing
27-06-2024 21:00,NODE_02,Sensor_Node_2_Factory_Area,102.33,151.53,5.763,456.8,61.36,31.55,17.27,29.6,65.2,4.2,175,Unhealthy,N,1019.88,7.12,High,Peak,Active,70.2,0.94,181.03,Decreasing
27-06-2024 22:00,NODE_02,Sensor_Node_2_Factory_Area,89.95,145.06,4.563,486,57.99,25.79,24.71,27.8,81.3,3.7,169,Unhealthy,N,1005.36,4.62,High,Low,Active,57.2,0.88,170.1,Decreasing
27-06-2024 23:00,NODE_02,Sensor_Node_2_Factory_Area,307.05,423.46,11.082,428.5,50.66,47.24,17.31,30.1,78.2,2.6,346,Hazardous,SE,1016.64,4.28,High,Low,Active,56.5,0.78,374.37,Decreasing
28-06-2024 00:00,NODE_02,Sensor_Node_2_Factory_Area,58.87,111.28,4.635,456.9,54.99,17.69,19.68,29.9,87.6,3.5,153,Unhealthy,SE,1008.48,1.31,High,High,Active,30.7,0.96,149.7,Decreasing
28-06-2024 01:00,NODE_02,Sensor_Node_2_Factory_Area,44.64,119.85,3.251,468.3,50.49,27.49,21.84,29.9,73.6,2.2,124,Unhealthy for Sensitive Groups,S,1010.76,9.64,Medium,High,Active,76.7,0.88,132.36,Decreasing
28-06-2024 02:00,NODE_02,Sensor_Node_2_Factory_Area,61.47,100.28,3.692,481.6,46.81,21.74,18.02,30.8,77.7,2,154,Unhealthy,E,1014.66,9.56,Low,Low,Maintenance,95,0.71,146.58,Increasing
28-06-2024 03:00,NODE_02,Sensor_Node_2_Factory_Area,21.2,63.39,1.765,448.1,9.45,8.8,32.67,31,77,4,70,Moderate,W,1010.74,5.15,Medium,Low,Active,68.8,0.89,71.5,Increasing
28-06-2024 04:00,NODE_02,Sensor_Node_2_Factory_Area,18.35,27.35,1.715,425.3,17.12,9.25,28.43,32.8,75.6,2.7,64,Moderate,SW,1003.29,5.56,Medium,Peak,Active,51.5,0.89,59.87,Stable
28-06-2024 05:00,NODE_02,Sensor_Node_2_Factory_Area,34.6,70.86,1.056,409.9,30.68,6.2,11.64,32.5,80.9,2,98,Moderate,NE,1013.83,4.03,Low,Low,Active,89.3,0.92,100.8,Increasing
28-06-2024 06:00,NODE_02,Sensor_Node_2_Factory_Area,107.68,187.4,6.232,492.1,79.3,38.91,13.1,34.2,72.9,3.1,178,Unhealthy,E,1005.08,2.69,Medium,Normal,Active,57.9,0.89,175.18,Increasing
28-06-2024 07:00,NODE_02,Sensor_Node_2_Factory_Area,105.07,166.87,7.397,494.7,81.27,38.95,15.15,34.4,62.4,0.8,177,Unhealthy,SW,1015.27,1.75,High,Low,Active,21.5,0.71,165.43,Increasing
28-06-2024 08:00,NODE_02,Sensor_Node_2_Factory_Area,126.65,187.13,5.267,522.1,77,36.43,23.02,35.5,67.8,0.3,188,Unhealthy,W,1004.49,9.45,Low,Peak,Active,65.7,0.97,194.68,Decreasing
28-06-2024 09:00,NODE_02,Sensor_Node_2_Factory_Area,117.48,209.96,6.331,541.4,71.83,32.39,13.61,38.4,69.1,1.8,183,Unhealthy,SW,1012.84,1.19,Low,Normal,Maintenance,24.6,0.72,168.4,Stable
28-06-2024 10:00,NODE_02,Sensor_Node_2_Factory_Area,98.05,197.23,6.205,523.3,73.97,37.71,15.79,36.5,63.6,1.1,173,Unhealthy,W,1014.19,5.61,Medium,Peak,Active,31.8,0.84,190.23,Increasing
28-06-2024 11:00,NODE_02,Sensor_Node_2_Factory_Area,110.82,197.22,7.003,500.6,88.07,35.36,28.05,37.9,70.4,6.3,180,Unhealthy,NE,1024.08,7.13,Medium,Low,Active,31.7,0.79,184.92,Decreasing
28-06-2024 12:00,NODE_02,Sensor_Node_2_Factory_Area,119.34,181.03,6.753,520.5,87.01,39.05,12.76,41.2,51.6,3.4,184,Unhealthy,NE,1000.37,9.18,Medium,High,Active,86.5,0.88,188.5,Increasing
28-06-2024 13:00,NODE_02,Sensor_Node_2_Factory_Area,103.27,188.17,5.928,494.1,73.33,38.51,19.64,38.3,61.9,3.4,176,Unhealthy,W,1013.9,7.37,Medium,High,Maintenance,56.1,0.7,170.3,Decreasing
28-06-2024 14:00,NODE_02,Sensor_Node_2_Factory_Area,96.04,187.29,5.822,531.5,80.86,30.48,15.27,39.8,72,5.1,172,Unhealthy,S,1004.44,4.51,Low,Low,Active,41.5,0.93,157.45,Decreasing
28-06-2024 15:00,NODE_02,Sensor_Node_2_Factory_Area,83.83,171.53,4.345,489.8,64.72,26.85,25.11,34.8,72.6,2.8,166,Unhealthy,W,1014.87,1.42,Low,Low,Active,85.9,0.75,157.03,Stable
28-06-2024 16:00,NODE_02,Sensor_Node_2_Factory_Area,88.27,133.64,6.222,474.1,61.62,26.03,21.32,37.4,66.4,1.8,168,Unhealthy,E,1011.33,1.49,High,Normal,Active,74.8,0.83,179.94,Increasing
28-06-2024 17:00,NODE_02,Sensor_Node_2_Factory_Area,90.53,150.33,4.805,459,68.69,32.86,18.62,31.2,67.7,3.7,169,Unhealthy,SE,1016.62,7.88,Medium,Low,Active,77.7,0.78,168.8,Stable
28-06-2024 18:00,NODE_02,Sensor_Node_2_Factory_Area,85.29,129.41,5.097,498.4,67.89,25.59,16.11,35.1,72.6,1.8,166,Unhealthy,N,1020.5,9.48,Medium,Normal,Active,44.2,0.87,177.36,Decreasing
28-06-2024 19:00,NODE_02,Sensor_Node_2_Factory_Area,104.2,149.2,4.838,459.1,68.11,27.13,19.15,35.7,72.8,2.6,176,Unhealthy,SW,1009.98,8.15,High,High,Active,57.5,0.99,168.45,Increasing
28-06-2024 20:00,NODE_02,Sensor_Node_2_Factory_Area,91.32,153.68,5.254,484.6,77.35,31.33,18.98,33.4,75.8,3.3,169,Unhealthy,S,1011.92,5.04,Low,Normal,Active,29.8,0.93,157.14,Decreasing
28-06-2024 21:00,NODE_02,Sensor_Node_2_Factory_Area,96.93,154.41,4.549,500.5,76.26,24.7,16.04,32.7,79.6,2,500,Hazardous,S,1017.42,4.05,Low,High,Active,84.6,0.96,450.2,Stable
28-06-2024 22:00,NODE_02,Sensor_Node_2_Factory_Area,78,138.17,4.284,480.7,71.94,27.73,23.98,29.6,68.3,4.6,163,Unhealthy,S,1008.83,2.69,Low,High,Active,96.7,0.96,178.73,Decreasing
28-06-2024 23:00,NODE_02,Sensor_Node_2_Factory_Area,75.24,109.29,4.635,449.6,48.39,23.23,18.45,30.5,85.3,2.1,161,Unhealthy,NW,1014.42,5.88,High,High,Active,84,0.99,174.91,Stable
29-06-2024 00:00,NODE_02,Sensor_Node_2_Factory_Area,52.71,81.27,2.492,467.6,30.19,17.41,25.2,31.9,80.6,1.2,143,Unhealthy for Sensitive Groups,SE,1017.03,4.86,Medium,High,Fault,59.9,0.9,146.16,Decreasing
29-06-2024 01:00,NODE_02,Sensor_Node_2_Factory_Area,38.55,76.37,3.201,490.3,39.1,13.95,25.28,29.2,69,4.8,108,Unhealthy for Sensitive Groups,SW,1005.54,7.16,Low,High,Active,41.3,0.86,103.64,Decreasing
29-06-2024 02:00,NODE_02,Sensor_Node_2_Factory_Area,45.08,68.84,3.388,498.4,27.94,16.82,10.93,31,79.1,1.2,125,Unhealthy for Sensitive Groups,W,1002.85,8.47,Low,Normal,Active,70.8,0.74,120.28,Increasing
29-06-2024 03:00,NODE_02,Sensor_Node_2_Factory_Area,9.93,42.8,1.133,464.4,2.93,2.38,22.57,31.9,77.9,1.6,41,Good,N,1013.05,1.8,Medium,Low,Active,94.7,0.91,43.45,Stable
29-06-2024 04:00,NODE_02,Sensor_Node_2_Factory_Area,21.28,21.79,0.2,423.8,23.51,3.37,25.89,32.1,76.1,2.7,70,Moderate,NE,1017.26,3.23,Medium,High,Active,80.6,0.83,71.98,Increasing
29-06-2024 05:00,NODE_02,Sensor_Node_2_Factory_Area,7.19,63.22,0.854,455.1,10.93,13.53,28.65,31,82,1,55,Moderate,SW,1002.97,1.97,Medium,Low,Active,96.8,0.77,54.86,Decreasing
29-06-2024 06:00,NODE_02,Sensor_Node_2_Factory_Area,283.35,426.51,9.783,526.6,66.69,60.99,20.35,34.8,78.4,1.7,327,Hazardous,SE,1014.95,3.06,High,Peak,Active,72.2,0.85,352.2,Decreasing
29-06-2024 07:00,NODE_02,Sensor_Node_2_Factory_Area,69.4,126.16,5.513,492.7,52.85,20.73,13.18,36.3,74.7,4.3,158,Unhealthy,E,1009.81,2.78,High,Peak,Active,34.7,0.89,152.62,Decreasing
29-06-2024 08:00,NODE_02,Sensor_Node_2_Factory_Area,71.45,137.87,4.557,502.1,43.86,26.72,16.85,36,66.2,6.1,159,Unhealthy,E,1010.97,1.54,Low,High,Active,79.9,0.95,146.78,Increasing
29-06-2024 09:00,NODE_02,Sensor_Node_2_Factory_Area,77.46,128.38,4.042,482.9,62.08,25.82,17.28,32.8,67.5,5.6,162,Unhealthy,SE,1018.19,1.53,High,High,Active,92.3,0.81,152.05,Decreasing
29-06-2024 10:00,NODE_02,Sensor_Node_2_Factory_Area,69.57,114.84,4.537,517.9,57.66,27.55,10.89,36.8,67.3,1.9,158,Unhealthy,S,1012.84,2.18,Low,Peak,Active,50.7,0.74,157.7,Decreasing
29-06-2024 11:00,NODE_02,Sensor_Node_2_Factory_Area,66.52,141.68,3.694,543.4,68.81,23.02,21.73,37.3,72.3,1.5,157,Unhealthy,SE,1006.87,5.37,High,Low,Active,51.4,0.81,159.72,Stable
29-06-2024 12:00,NODE_02,Sensor_Node_2_Factory_Area,43.24,119.74,4.3,528.9,54.86,27.41,13.73,37.5,72.3,0.5,120,Unhealthy for Sensitive Groups,SW,1011.93,3.57,Low,Normal,Active,30.8,0.85,125.02,Decreasing
29-06-2024 13:00,NODE_02,Sensor_Node_2_Factory_Area,51.78,142.55,3.896,514.3,61.05,17.43,15.3,37.2,71.9,2.3,141,Unhealthy for Sensitive Groups,NW,1010.6,8.86,Low,Peak,Active,98.2,0.97,152.52,Stable
29-06-2024 14:00,NODE_02,Sensor_Node_2_Factory_Area,63.12,138.03,4.126,475.9,43.87,25.15,9.62,40.3,61.2,1,155,Unhealthy,W,1010.31,1.41,Low,Peak,Active,47.9,0.73,151.38,Stable
29-06-2024 15:00,NODE_02,Sensor_Node_2_Factory_Area,57.2,67.44,3.423,473.4,44.5,18.23,19.72,39.2,64.5,2,152,Unhealthy,N,1019.08,4.37,Medium,Peak,Active,51.1,0.74,158.79,Increasing
29-06-2024 16:00,NODE_02,Sensor_Node_2_Factory_Area,55.64,104.54,3.086,494.5,42.44,13.51,19.96,35.7,69.7,3.4,151,Unhealthy,SW,1008.07,5.55,Medium,Normal,Active,65.4,0.97,150.35,Increasing
29-06-2024 17:00,NODE_02,Sensor_Node_2_Factory_Area,52.66,95.57,4.19,501.4,47.5,18.01,8.27,33.8,66.6,0.3,143,Unhealthy for Sensitive Groups,NE,1007.24,8.18,High,High,Active,24.8,0.86,156.15,Increasing
29-06-2024 18:00,NODE_02,Sensor_Node_2_Factory_Area,55,98.33,3.656,491.9,51.79,17.47,19.69,34.5,73.5,1.9,149,Unhealthy for Sensitive Groups,W,1013.5,9.4,Medium,Low,Active,58,0.75,139.91,Decreasing
29-06-2024 19:00,NODE_02,Sensor_Node_2_Factory_Area,67.46,97.2,3.321,525.7,41.37,14.79,20.59,33.7,73.1,5.1,157,Unhealthy,NW,1015.83,9.37,Low,Normal,Active,81.4,0.82,167,Decreasing
29-06-2024 20:00,NODE_02,Sensor_Node_2_Factory_Area,50.37,94.03,3.067,506.7,45.68,14.46,13.58,34.8,81.5,4.3,138,Unhealthy for Sensitive Groups,NE,1011.2,8.65,Medium,Low,Active,89.3,0.8,128.8,Decreasing
29-06-2024 21:00,NODE_02,Sensor_Node_2_Factory_Area,63.93,83.35,3.704,479,41.94,21.62,17.68,30.5,73.3,3.2,155,Unhealthy,NW,1004.61,7.02,Medium,Low,Active,83.9,0.82,156.01,Stable
29-06-2024 22:00,NODE_02,Sensor_Node_2_Factory_Area,49.15,124.82,3.184,510.6,31.02,21.65,23.34,32.5,68,3.4,135,Unhealthy for Sensitive Groups,NE,1012.65,4.14,Medium,Normal,Active,41.6,0.85,147.72,Stable
29-06-2024 23:00,NODE_02,Sensor_Node_2_Factory_Area,37.28,78.21,2.316,496.9,51.02,14.46,23.07,30.2,85.5,1.9,105,Unhealthy for Sensitive Groups,W,1026.55,3.35,Low,Normal,Maintenance,97.2,0.91,102.39,Stable
30-06-2024 00:00,NODE_02,Sensor_Node_2_Factory_Area,38,59.97,3.843,480.4,28.59,11.34,24.83,31.4,82.8,3.7,107,Unhealthy for Sensitive Groups,SW,1015.4,8.71,Medium,Normal,Active,26.2,0.85,113.15,Stable
30-06-2024 01:00,NODE_02,Sensor_Node_2_Factory_Area,39.5,60.99,2.033,476.4,34.14,16.25,24.76,32.4,73.1,4.4,111,Unhealthy for Sensitive Groups,NE,1002.03,6.12,High,Peak,Active,30.4,0.75,107.36,Stable
30-06-2024 02:00,NODE_02,Sensor_Node_2_Factory_Area,40.4,75.81,2.353,507,33.49,15.85,19.48,29.8,69.4,2.3,113,Unhealthy for Sensitive Groups,S,1006.29,3.71,Low,High,Active,48.3,0.89,118.2,Increasing
30-06-2024 03:00,NODE_02,Sensor_Node_2_Factory_Area,26.67,18.27,1.13,428.5,12.1,1,26.09,31.5,82.8,0.9,82,Moderate,SW,1012.56,7.24,Medium,Low,Active,61.5,0.77,86.81,Decreasing
30-06-2024 04:00,NODE_02,Sensor_Node_2_Factory_Area,5.42,46.29,1.486,438,4.35,1,22.26,33.4,76.7,1.3,43,Good,W,1015.25,8.84,Medium,Normal,Active,68.7,0.94,47.11,Decreasing
30-06-2024 05:00,NODE_02,Sensor_Node_2_Factory_Area,20.08,79.82,4.135,451.3,21.3,11.7,29.42,32.1,72,3.1,68,Moderate,SW,1007.83,4.82,Low,Peak,Active,23.3,0.79,71.05,Increasing
30-06-2024 06:00,NODE_02,Sensor_Node_2_Factory_Area,67.84,107.87,3.589,529.2,55.4,30.65,25.31,35.8,64.3,0.8,157,Unhealthy,E,1024.99,9.93,Low,High,Active,78.2,0.73,162.82,Stable
30-06-2024 07:00,NODE_02,Sensor_Node_2_Factory_Area,82.79,117.61,3.985,512.2,70.7,16.84,25.72,37.3,69.4,1.7,165,Unhealthy,NW,1015.23,6,Medium,Peak,Active,68.8,0.99,176.87,Stable
30-06-2024 08:00,NODE_02,Sensor_Node_2_Factory_Area,64.24,115,4.108,504.5,59.93,26.01,17.19,35.9,75.9,1.6,156,Unhealthy,E,1014,9.03,Low,Normal,Active,74,0.75,151.65,Stable
30-06-2024 09:00,NODE_02,Sensor_Node_2_Factory_Area,78.22,138.98,4.577,500.6,41.18,23.78,12.54,37.9,69.1,3.1,163,Unhealthy,SE,1019.54,5.39,High,Normal,Active,63.6,0.86,170,Stable
30-06-2024 10:00,NODE_02,Sensor_Node_2_Factory_Area,85.22,121.36,4.156,498.8,55.1,29.56,21.28,36.6,66.4,6,166,Unhealthy,NE,1013.47,4.07,High,Low,Active,92.6,0.78,172.9,Increasing
30-06-2024 11:00,NODE_02,Sensor_Node_2_Factory_Area,71.44,129.26,4.375,503.3,45.89,22.94,14.19,36.5,70.9,1.2,159,Unhealthy,E,1000.21,2.46,High,Normal,Active,78.2,0.92,160.54,Increasing
30-06-2024 12:00,NODE_02,Sensor_Node_2_Factory_Area,87.34,129.33,4.556,523.9,51.55,25.57,6.35,39.4,65.6,6.3,167,Unhealthy,N,1009.63,4.37,High,Normal,Active,78.5,0.87,171.44,Decreasing
30-06-2024 13:00,NODE_02,Sensor_Node_2_Factory_Area,75.71,122.52,5.069,527,36.32,25.61,14.59,38.8,69.7,2.6,161,Unhealthy,W,1008.16,5.87,High,High,Active,68,0.96,168.34,Increasing
30-06-2024 14:00,NODE_02,Sensor_Node_2_Factory_Area,63.34,144.3,4.324,512.8,56.73,19.16,19.16,40.1,57.5,1.8,155,Unhealthy,SE,1009.98,8.25,High,Normal,Active,54.9,0.85,166.87,Stable
30-06-2024 15:00,NODE_02,Sensor_Node_2_Factory_Area,57.84,109.05,3.35,474.2,26.11,18.32,18.03,38.8,69.8,1.9,152,Unhealthy,NW,1012.68,1.95,Low,Low,Active,98.5,0.71,165.31,Increasing
30-06-2024 16:00,NODE_02,Sensor_Node_2_Factory_Area,64.2,100.44,3.131,477.3,52.38,24.29,15.27,32.6,67.7,1.8,155,Unhealthy,S,1016.16,6.69,Low,Peak,Active,44.5,0.75,156.21,Increasing
30-06-2024 17:00,NODE_02,Sensor_Node_2_Factory_Area,59.01,120.26,2.398,473.5,36.53,14.42,7.49,35.1,78.9,1.3,153,Unhealthy,E,1007.36,8.04,Low,High,Maintenance,96.3,0.81,158.49,Increasing
30-06-2024 18:00,NODE_02,Sensor_Node_2_Factory_Area,68.48,110.55,2.906,492.8,51.23,15.1,19.01,33.4,64.8,3.1,158,Unhealthy,NE,1007.41,6.71,High,Low,Fault,78.4,0.96,158.64,Stable
30-06-2024 19:00,NODE_02,Sensor_Node_2_Factory_Area,58.53,87.37,4.378,478.2,47.59,21.95,5.95,34.2,73.6,2.1,153,Unhealthy,W,1011.53,7.28,Medium,Normal,Maintenance,24.3,0.81,158.78,Stable
30-06-2024 20:00,NODE_02,Sensor_Node_2_Factory_Area,61.86,66.84,3.344,494.8,58.81,13.32,20.62,31.3,77.9,3.6,154,Unhealthy,W,1015.45,8.19,High,Low,Active,78.2,0.8,148.81,Increasing
30-06-2024 21:00,NODE_02,Sensor_Node_2_Factory_Area,64.13,117.3,3.722,480.6,39.8,20.48,16.43,30.4,87.7,4.6,155,Unhealthy,W,1015.31,8.92,Medium,High,Maintenance,51.1,0.81,147.86,Stable
30-06-2024 22:00,NODE_02,Sensor_Node_2_Factory_Area,72.21,99.96,3.012,467.7,53.16,17.23,5,26.5,68.3,5.6,160,Unhealthy,S,1015.6,1.66,High,Normal,Fault,80,0.88,154.99,Increasing
30-06-2024 23:00,NODE_02,Sensor_Node_2_Factory_Area,39.89,58.18,2.605,484.9,31.75,12.18,16.47,31.9,69.6,2.9,112,Unhealthy for Sensitive Groups,N,1018.66,6.59,Low,Peak,Active,39.1,0.79,105.91,Increasing
01-07-2024 00:00,NODE_02,Sensor_Node_2_Factory_Area,57.69,125.77,4.094,476.5,55.33,22.25,23.09,32,79.2,3,152,Unhealthy,N,1009.83,2.26,Low,Low,Active,96.4,0.72,147.55,Increasing
01-07-2024 01:00,NODE_02,Sensor_Node_2_Factory_Area,72.56,149.32,2.947,505,55.45,14.81,21,30.7,83.3,4.9,160,Unhealthy,N,1018.72,2.95,High,Low,Active,73.9,0.77,154.27,Stable
01-07-2024 02:00,NODE_02,Sensor_Node_2_Factory_Area,77.08,126.41,4.437,461,55.2,30.8,15.4,31.2,70.5,2.7,500,Hazardous,S,1014.01,1.45,Medium,High,Active,62.1,0.87,534.66,Stable
01-07-2024 03:00,NODE_02,Sensor_Node_2_Factory_Area,37.54,79.8,1.353,436.4,29.73,8.45,14.84,29.6,84.2,2.6,106,Unhealthy for Sensitive Groups,SW,1012.95,1.37,Low,Low,Active,56,0.74,109.02,Increasing
01-07-2024 04:00,NODE_02,Sensor_Node_2_Factory_Area,19.9,38.09,1.41,420.8,21.74,6.71,22.86,30.3,79.7,4.8,67,Moderate,E,1022.81,1.43,High,High,Active,91.5,0.84,61.06,Stable
01-07-2024 05:00,NODE_02,Sensor_Node_2_Factory_Area,58.54,268.99,5.282,441.6,9.17,31.89,25.71,33.4,75.9,0.7,158,Unhealthy,E,1010.09,4.53,High,High,Active,71.4,0.79,161.74,Decreasing
01-07-2024 06:00,NODE_02,Sensor_Node_2_Factory_Area,102.58,168.31,7.13,492.4,77.52,34.33,14.61,36.5,70,3.7,175,Unhealthy,SW,1007.4,1.66,High,Low,Active,85.5,0.95,186.84,Increasing
01-07-2024 07:00,NODE_02,Sensor_Node_2_Factory_Area,131.07,202.52,6.581,533.4,91.86,38.54,27.59,34.3,64.5,3.8,190,Unhealthy,SW,1020.79,8.38,High,Peak,Active,84.2,0.95,171.98,Increasing
01-07-2024 08:00,NODE_02,Sensor_Node_2_Factory_Area,121.61,182.65,5.223,501.3,76.91,34.02,10.73,33.6,80.3,2.7,185,Unhealthy,NE,1011.73,9.15,High,Low,Active,52.5,0.73,184,Increasing
01-07-2024 09:00,NODE_02,Sensor_Node_2_Factory_Area,104.53,174.17,6.655,498,82.55,36.58,11.94,34.4,67.4,2,176,Unhealthy,SW,1018.63,3.71,Low,Low,Active,79.2,0.93,174.24,Increasing
01-07-2024 10:00,NODE_02,Sensor_Node_2_Factory_Area,111.23,211.08,6.355,506.5,84.39,33.27,11.03,36,69,2.2,180,Unhealthy,S,1014.39,3.92,High,High,Active,33.6,0.89,197.64,Stable
01-07-2024 11:00,NODE_02,Sensor_Node_2_Factory_Area,116.06,205.31,6.554,506.3,60.62,32.73,8.39,38.8,66.8,3.4,182,Unhealthy,E,1001.49,4.53,Medium,Normal,Active,42.6,0.73,193.87,Decreasing
01-07-2024 12:00,NODE_02,Sensor_Node_2_Factory_Area,98.61,175.39,6.045,514.7,93.8,33.66,22.61,38.1,67.4,0.3,173,Unhealthy,SW,1013.69,5,High,Low,Active,78.6,0.85,165.47,Stable
01-07-2024 13:00,NODE_02,Sensor_Node_2_Factory_Area,109.49,187.24,6.62,518.3,77.81,35.24,24.35,38.1,67.9,2.4,179,Unhealthy,SE,1015.75,9.65,High,Normal,Active,89,0.92,161.95,Decreasing
01-07-2024 14:00,NODE_02,Sensor_Node_2_Factory_Area,109.73,201.44,7.019,462.4,78.84,32.01,15.38,36.1,70.8,4.1,179,Unhealthy,NE,1011.56,3.31,Medium,High,Active,42.6,0.9,173.92,Decreasing
01-07-2024 15:00,NODE_02,Sensor_Node_2_Factory_Area,89.38,161.51,4.952,488.9,63.97,23.34,23.17,36.7,58.7,2.2,168,Unhealthy,E,1015.74,2.21,Low,Low,Active,77.9,0.78,153.38,Increasing
01-07-2024 16:00,NODE_02,Sensor_Node_2_Factory_Area,71.52,132.77,4.77,490.8,72.72,31.82,21.41,35.9,79.3,5.6,159,Unhealthy,SE,1019.15,1.2,High,Normal,Active,88.3,0.77,161.99,Increasing
01-07-2024 17:00,NODE_02,Sensor_Node_2_Factory_Area,93.6,146.41,5.091,449.5,64.49,35.84,19.14,35.2,76.4,1.3,171,Unhealthy,NE,1020.83,1.37,Low,High,Active,95.8,0.89,184.23,Decreasing
01-07-2024 18:00,NODE_02,Sensor_Node_2_Factory_Area,88.19,136.11,5.212,471.9,73.7,26.76,14.28,33.8,74.2,3.3,168,Unhealthy,N,1016.75,8.55,High,Low,Active,47.2,0.73,158.94,Stable
01-07-2024 19:00,NODE_02,Sensor_Node_2_Factory_Area,78.34,170.74,3.856,498.1,64.52,26.82,14.99,32.4,77.3,4,163,Unhealthy,N,1006.93,3.81,High,Normal,Active,31.8,0.83,152.23,Increasing
01-07-2024 20:00,NODE_02,Sensor_Node_2_Factory_Area,92.99,154.77,5.037,508.4,76.55,24.15,14.89,33,80.6,3.1,500,Hazardous,SE,1012.74,5.36,Low,High,Active,88.2,0.84,483.4,Decreasing
01-07-2024 21:00,NODE_02,Sensor_Node_2_Factory_Area,85.6,172.67,5.141,464.2,67.97,31.93,17.89,33.1,81.4,4.3,167,Unhealthy,N,1007.72,5.46,Medium,Peak,Active,34.9,0.77,152.29,Decreasing
01-07-2024 22:00,NODE_02,Sensor_Node_2_Factory_Area,199.66,460.39,10.803,479.8,63.35,50.08,12.76,29.1,76.9,4.2,340,Hazardous,SE,1009.24,4.7,Medium,High,Active,31.7,0.73,359.53,Decreasing
01-07-2024 23:00,NODE_02,Sensor_Node_2_Factory_Area,60.99,123.4,4.63,451.9,55.71,21.23,27.83,28.9,79.1,1.7,154,Unhealthy,NE,1009.15,2.36,High,Low,Active,94.4,0.97,169.14,Increasing
02-07-2024 00:00,NODE_02,Sensor_Node_2_Factory_Area,64.34,112.03,4.387,508.9,61.44,27.35,5,30.2,78.4,3.4,156,Unhealthy,E,1011.68,7.14,Medium,Normal,Active,75.3,0.86,158.76,Increasing
02-07-2024 01:00,NODE_02,Sensor_Node_2_Factory_Area,72.41,84.81,4.354,439.3,58.97,26.3,19.13,30.8,77.8,0.9,160,Unhealthy,NW,1013.33,5.57,High,High,Active,70.6,0.83,145.92,Stable
02-07-2024 02:00,NODE_02,Sensor_Node_2_Factory_Area,54.17,121.88,4.434,463.2,54.87,18.09,25.39,30.6,77.1,3.3,500,Hazardous,NE,1024.5,2.56,Low,High,Active,81.6,0.71,518.5,Stable
02-07-2024 03:00,NODE_02,Sensor_Node_2_Factory_Area,31.25,32.35,1.241,436.2,24.47,4.35,26.75,32.5,73.2,2.7,91,Moderate,SE,1013.49,7.76,Medium,Normal,Maintenance,62.7,0.81,96,Increasing
02-07-2024 04:00,NODE_02,Sensor_Node_2_Factory_Area,29.11,18.26,1.442,434.8,18.01,6.05,22.41,33,63.5,2.4,87,Moderate,W,1022.7,8.15,High,High,Active,82.4,0.87,82.87,Increasing
02-07-2024 05:00,NODE_02,Sensor_Node_2_Factory_Area,12.62,36.54,1.632,448.7,27.85,14.29,18.38,31.8,68.3,2.1,52,Moderate,S,1011.92,3.02,High,Peak,Active,75.3,0.84,50.42,Stable
02-07-2024 06:00,NODE_02,Sensor_Node_2_Factory_Area,112.46,170.19,6.078,488.9,88.78,31.01,24.92,34.3,67.6,1.9,180,Unhealthy,S,1016.61,1.81,Medium,High,Active,68.9,0.9,166.82,Increasing
02-07-2024 07:00,NODE_02,Sensor_Node_2_Factory_Area,112.73,199.78,7.084,511.9,75.4,32.74,23.65,36.2,63.7,3.4,181,Unhealthy,NW,1009.87,8.35,Medium,Normal,Fault,37.7,0.83,187.3,Stable
02-07-2024 08:00,NODE_02,Sensor_Node_2_Factory_Area,108.85,219.25,6.034,515.8,86.08,29.36,5,35.4,71.5,3.9,179,Unhealthy,W,1012.22,5.63,Low,Normal,Active,29.6,0.97,161.36,Stable
02-07-2024 09:00,NODE_02,Sensor_Node_2_Factory_Area,122.72,185.94,7.264,504.3,80.92,36.68,16.96,38.9,67.8,2,186,Unhealthy,SW,1007.7,3.38,Medium,Low,Active,95.8,0.79,175.67,Stable
02-07-2024 10:00,NODE_02,Sensor_Node_2_Factory_Area,100.76,184.73,6.452,491.3,85.98,33.91,24.49,37.2,69.4,5.2,174,Unhealthy,SW,1016.16,2.77,High,Low,Active,59.9,0.79,182.64,Stable
02-07-2024 11:00,NODE_02,Sensor_Node_2_Factory_Area,108.25,188.7,6.673,507.5,80.35,37.34,15.21,38.7,73.1,2,178,Unhealthy,SW,1007.33,1.48,Medium,Low,Active,55,0.79,189.47,Stable
02-07-2024 12:00,NODE_02,Sensor_Node_2_Factory_Area,85.77,221.61,6.662,511.8,79.02,27.8,5.99,37.5,66.9,5.5,167,Unhealthy,SE,1010.22,3.85,Low,Low,Active,58.6,0.77,183.57,Stable
02-07-2024 13:00,NODE_02,Sensor_Node_2_Factory_Area,123.48,182.54,6.171,478.5,75.4,31.05,14.18,35.4,61.3,2.4,186,Unhealthy,N,1013.32,3.3,Low,Low,Active,24.1,0.96,199.41,Decreasing
02-07-2024 14:00,NODE_02,Sensor_Node_2_Factory_Area,121.86,214.94,6.916,512.1,86.28,38.13,16.43,37.7,56.8,4.2,185,Unhealthy,SE,1014.61,2.5,Low,High,Active,25.1,0.99,171.79,Stable
02-07-2024 15:00,NODE_02,Sensor_Node_2_Factory_Area,88.93,168.07,5.855,477.5,59.26,33.82,21.73,36,66.4,4.6,168,Unhealthy,NW,1015.15,5,Low,Normal,Active,49,0.83,182.14,Increasing
02-07-2024 16:00,NODE_02,Sensor_Node_2_Factory_Area,99.49,139.46,5.266,491.6,53.29,38.82,19.45,37.7,59.3,2.4,174,Unhealthy,NW,1009.16,6.16,Low,High,Active,96.6,0.94,176.04,Increasing
02-07-2024 17:00,NODE_02,Sensor_Node_2_Factory_Area,103.42,132.09,4.506,473.1,58.17,32.04,19.3,35.8,73,4.9,176,Unhealthy,SW,1003.84,1.53,Low,Peak,Active,23.2,0.75,164.3,Stable
02-07-2024 18:00,NODE_02,Sensor_Node_2_Factory_Area,86.04,130.17,4.364,460.6,59.56,35.57,10.92,36.2,65.7,4.5,167,Unhealthy,E,998.44,6.68,Medium,High,Active,56.5,0.82,152.81,Stable
02-07-2024 19:00,NODE_02,Sensor_Node_2_Factory_Area,77.16,129.26,5.075,508.4,73.58,22.62,17.38,30.6,75.8,5.9,162,Unhealthy,NW,1006.64,9.07,Medium,Normal,Active,46.9,0.98,152.2,Decreasing
02-07-2024 20:00,NODE_02,Sensor_Node_2_Factory_Area,80.36,142.21,5.614,505.6,78.91,34.48,10.16,33.8,74.8,0.5,164,Unhealthy,NE,1008.06,3.91,Low,Low,Active,51.4,0.92,161.94,Increasing
02-07-2024 21:00,NODE_02,Sensor_Node_2_Factory_Area,93.82,147.27,4.663,481.9,67.65,29.96,23.27,29.6,69.5,2.8,171,Unhealthy,SE,1007.84,3.17,Medium,High,Active,40.7,0.77,183.31,Stable
02-07-2024 22:00,NODE_02,Sensor_Node_2_Factory_Area,81,147.36,5.132,454.9,63.31,30.25,18.74,30,77,2,164,Unhealthy,NW,1006.95,1.95,High,High,Active,38.2,0.88,164.62,Increasing
02-07-2024 23:00,NODE_02,Sensor_Node_2_Factory_Area,63.82,151.62,4.154,488.5,54.63,27.17,23.67,27,72.8,4.6,155,Unhealthy,SW,1014.76,4.35,High,Peak,Active,31.2,0.93,149,Stable
03-07-2024 00:00,NODE_02,Sensor_Node_2_Factory_Area,67.05,98.38,3.559,473.5,50.65,24.7,15.43,30.7,74.6,1.9,157,Unhealthy,W,1010.35,7.1,High,High,Active,42.7,0.76,166.9,Increasing
03-07-2024 01:00,NODE_02,Sensor_Node_2_Factory_Area,63.15,115.78,4.469,447.1,63.4,19.01,23.75,28.2,90.8,3.2,500,Hazardous,E,1011.18,2.04,Medium,High,Active,88.7,0.73,517.21,Decreasing
03-07-2024 02:00,NODE_02,Sensor_Node_2_Factory_Area,61.71,113.3,3.896,463.1,45.64,21.41,20.46,31,80.1,3.4,154,Unhealthy,S,1007.28,8.05,Medium,Normal,Active,69.2,0.72,169.23,Decreasing
03-07-2024 03:00,NODE_02,Sensor_Node_2_Factory_Area,33.99,43.91,0.834,440.3,28.66,5.93,21.66,33.1,86,3.3,97,Moderate,SE,1021.79,7.09,Low,High,Maintenance,85.9,0.92,100.06,Stable
03-07-2024 04:00,NODE_02,Sensor_Node_2_Factory_Area,30.84,60.43,1.424,442.1,23.98,5.4,33.27,31.9,72,5.2,90,Moderate,N,1010.34,4.49,High,High,Active,82.4,0.75,96.68,Increasing
03-07-2024 05:00,NODE_02,Sensor_Node_2_Factory_Area,18.23,55.37,1.728,419.9,21.98,10.95,23.03,33.5,73.6,1.2,64,Moderate,SW,997.89,2.57,High,Low,Active,57.4,0.77,63.74,Stable
03-07-2024 06:00,NODE_02,Sensor_Node_2_Factory_Area,111.59,160.96,7.119,526.4,76.83,30.24,21.85,33.8,72.4,3.6,180,Unhealthy,SE,1007.34,4.63,Medium,High,Active,76.8,0.78,188.01,Decreasing
03-07-2024 07:00,NODE_02,Sensor_Node_2_Factory_Area,110.19,196.28,6.409,464.2,87.53,37.51,15.53,36.5,77.2,1.8,179,Unhealthy,SW,1004.03,5.42,Medium,High,Active,86.2,0.91,188.07,Decreasing
03-07-2024 08:00,NODE_02,Sensor_Node_2_Factory_Area,99.88,180.23,6.276,520.1,86.31,35.34,19.14,34.8,72.8,4.7,174,Unhealthy,S,1003.59,2.27,Medium,High,Active,50.5,0.72,160.74,Stable
03-07-2024 09:00,NODE_02,Sensor_Node_2_Factory_Area,111.82,189.33,5.404,493.1,89.47,33.74,12.68,36.9,74.3,3.9,180,Unhealthy,SW,1014.78,3.59,Low,Normal,Active,51.1,0.7,167.9,Decreasing
03-07-2024 10:00,NODE_02,Sensor_Node_2_Factory_Area,113.21,195.08,6.283,477.1,85.03,36.17,19.32,37.9,68.4,5.2,181,Unhealthy,SW,1026.29,1.06,Low,Peak,Active,60,0.77,182.04,Increasing
03-07-2024 11:00,NODE_02,Sensor_Node_2_Factory_Area,119.08,208.04,6.123,497.7,78.62,30.57,25.22,42.6,67.5,4,184,Unhealthy,E,1004.75,1.07,High,Normal,Active,27.3,0.72,197.63,Decreasing
03-07-2024 12:00,NODE_02,Sensor_Node_2_Factory_Area,114.81,179.44,5.961,519.7,86.68,40.49,19.52,36.2,61.4,4.8,182,Unhealthy,SE,1009.49,7.24,Medium,High,Active,57.8,0.73,185.6,Increasing
03-07-2024 13:00,NODE_02,Sensor_Node_2_Factory_Area,102.98,193.04,6.338,496.8,81.82,38.7,15.1,36.8,58.4,4,176,Unhealthy,NW,1007.29,6.19,High,Low,Active,59.7,0.89,189.46,Stable
03-07-2024 14:00,NODE_02,Sensor_Node_2_Factory_Area,104.65,215.39,6.715,490.3,79.71,27.56,13.8,40.4,76.6,2.4,176,Unhealthy,SE,999.01,7.61,Medium,Peak,Maintenance,85.1,0.88,184.06,Decreasing
03-07-2024 15:00,NODE_02,Sensor_Node_2_Factory_Area,100.87,153.37,5.392,486.7,61.7,28.51,11.64,37.7,62.3,1,174,Unhealthy,SW,1018.87,3.78,Low,Normal,Maintenance,49.8,0.94,172.79,Decreasing
03-07-2024 16:00,NODE_02,Sensor_Node_2_Factory_Area,92.56,136.88,5.037,491.9,66.05,31.36,20.64,35.4,65.5,1,170,Unhealthy,W,1006.3,6.41,Medium,Normal,Active,58.6,0.91,167.53,Stable
03-07-2024 17:00,NODE_02,Sensor_Node_2_Factory_Area,82.71,140.73,6.169,475.6,74.84,29.45,16.62,35.3,72,2.9,165,Unhealthy,N,1016.58,7.46,Low,Low,Active,55.6,0.99,149.93,Increasing
03-07-2024 18:00,NODE_02,Sensor_Node_2_Factory_Area,88.05,147.39,4.059,481,78.49,31,13.14,35.3,65.4,1.3,168,Unhealthy,SE,1019.92,1.92,Medium,Low,Active,43.7,0.78,165.77,Increasing
03-07-2024 19:00,NODE_02,Sensor_Node_2_Factory_Area,90.15,166.59,5.497,473,65.17,25.37,15.53,33.9,73.5,2.2,169,Unhealthy,NE,1011.28,7.51,Medium,Normal,Active,43,0.88,185.16,Decreasing
03-07-2024 20:00,NODE_02,Sensor_Node_2_Factory_Area,90.21,163.64,5.171,462.5,59.85,32.43,15.74,30.8,73,2.4,169,Unhealthy,W,1005.67,5.96,High,Low,Active,40.4,0.98,160.48,Decreasing
03-07-2024 21:00,NODE_02,Sensor_Node_2_Factory_Area,85.97,160.06,5.85,504,83.47,26.97,22.86,31,73.1,6.5,167,Unhealthy,W,995.45,2.5,Low,Normal,Active,97.3,0.99,159.97,Stable
03-07-2024 22:00,NODE_02,Sensor_Node_2_Factory_Area,70.24,145.49,5.653,456.1,81.88,30.44,12.87,30.9,81.3,3.7,159,Unhealthy,SE,1015.96,4.64,Low,Peak,Active,27.4,0.88,168.87,Stable
03-07-2024 23:00,NODE_02,Sensor_Node_2_Factory_Area,62.09,109.24,3.768,492.8,49.89,24.66,18.44,29.1,80.1,3.6,154,Unhealthy,E,1024.86,1.39,Medium,Peak,Active,33.2,0.92,159.72,Stable
04-07-2024 00:00,NODE_02,Sensor_Node_2_Factory_Area,58.66,119.57,4.458,433.1,47.52,13.76,19.33,30.5,76,2.1,500,Hazardous,W,1009.29,3.23,High,High,Active,79.7,0.88,538.91,Decreasing
04-07-2024 01:00,NODE_02,Sensor_Node_2_Factory_Area,48.87,125.7,3.467,453.3,50.48,25.86,30.58,29.5,70,1.7,134,Unhealthy for Sensitive Groups,NE,1014.79,9.23,Medium,Peak,Active,72.7,0.93,133.87,Increasing
04-07-2024 02:00,NODE_02,Sensor_Node_2_Factory_Area,71.95,120.21,4.517,488,51.38,21.72,16.36,29.2,76.9,1.1,159,Unhealthy,N,1009.67,9.26,Medium,Normal,Active,63,0.81,158.63,Increasing
04-07-2024 03:00,NODE_02,Sensor_Node_2_Factory_Area,81.46,240.69,5.483,455.4,18.89,11.19,27.75,31,74.6,2.9,164,Unhealthy,E,1008.36,8.18,Low,High,Active,27.6,0.79,163.15,Increasing
04-07-2024 04:00,NODE_02,Sensor_Node_2_Factory_Area,26.47,62.08,1.007,450.9,9.09,9.08,27.72,31.5,89.8,3.6,81,Moderate,N,1021.22,1.2,Medium,High,Active,74,0.86,87.47,Stable
04-07-2024 05:00,NODE_02,Sensor_Node_2_Factory_Area,23.55,36.93,0.879,417.7,26.31,7.78,33.51,32.3,77.8,1.7,75,Moderate,W,1013.03,8.05,Low,Low,Active,28.8,0.93,80.74,Increasing
04-07-2024 06:00,NODE_02,Sensor_Node_2_Factory_Area,102.97,165.75,6.677,526.6,72.87,34.52,12.67,34.8,70,1.6,176,Unhealthy,W,1012.08,3.34,Low,Normal,Maintenance,54.5,0.74,165.63,Stable
04-07-2024 07:00,NODE_02,Sensor_Node_2_Factory_Area,120.58,183.44,6.221,514.5,81.39,37.76,12.05,34.6,65.7,4,185,Unhealthy,W,1012.77,4.91,Medium,Peak,Active,87.4,0.9,199.43,Increasing
04-07-2024 08:00,NODE_02,Sensor_Node_2_Factory_Area,104.28,185.13,6.922,518.5,95.49,37.93,13,39.1,72.5,6.6,176,Unhealthy,SE,1012.74,6.61,Medium,High,Active,26.7,0.85,179.07,Decreasing
04-07-2024 09:00,NODE_02,Sensor_Node_2_Factory_Area,108.76,186.68,5.712,534.3,83.85,36.73,26.39,35.8,71.7,3.6,179,Unhealthy,SE,1002.32,5.04,High,Low,Active,40.1,0.76,188.09,Stable
04-07-2024 10:00,NODE_02,Sensor_Node_2_Factory_Area,111.61,201.07,7.004,494.6,93.92,41.95,14.75,37.5,63.8,3.6,180,Unhealthy,SE,1010.98,1.37,High,Low,Active,31,0.79,187.16,Stable
04-07-2024 11:00,NODE_02,Sensor_Node_2_Factory_Area,107.56,161.3,6.051,504.2,93.1,33.82,18.14,37.7,71.9,5,178,Unhealthy,S,1022.31,9.32,Medium,Peak,Active,57.8,1,185.32,Increasing
04-07-2024 12:00,NODE_02,Sensor_Node_2_Factory_Area,105.59,175.8,6.584,496.2,84.21,37.27,22.21,39.2,61.9,2.6,177,Unhealthy,S,1016.77,1.29,High,Normal,Active,44.1,0.95,190.67,Stable
04-07-2024 13:00,NODE_02,Sensor_Node_2_Factory_Area,100.84,183.66,6.723,534.5,82.67,36.11,11.62,38.1,59.3,4.2,174,Unhealthy,NW,1008.63,3.09,Low,Peak,Active,36.2,0.95,163.69,Stable
04-07-2024 14:00,NODE_02,Sensor_Node_2_Factory_Area,387.62,738.05,18.406,480.4,92.18,67.11,12.99,37.2,72.8,6.5,500,Hazardous,S,1013.16,4.44,Medium,Low,Active,35.1,0.84,510.24,Decreasing
04-07-2024 15:00,NODE_02,Sensor_Node_2_Factory_Area,83.79,156.38,4.778,489.2,66.83,36.22,27.95,38,67.2,4.1,166,Unhealthy,NE,1019.56,9.46,Medium,High,Active,33.8,0.84,152.76,Increasing
04-07-2024 16:00,NODE_02,Sensor_Node_2_Factory_Area,84.24,128.91,4.168,484.9,63.67,26.62,14.38,34.7,72.9,2.1,166,Unhealthy,S,1014,5.32,Medium,High,Active,97.7,0.73,171.84,Decreasing
04-07-2024 17:00,NODE_02,Sensor_Node_2_Factory_Area,63.77,172.17,5.253,455.8,54.1,24.23,19.72,32.5,71.1,1.9,155,Unhealthy,SW,1026.98,2.97,Medium,Normal,Active,90.3,0.86,159.03,Decreasing
04-07-2024 18:00,NODE_02,Sensor_Node_2_Factory_Area,80.9,121.89,5.875,519.9,75.74,27.69,18.13,35,72.9,4,164,Unhealthy,NW,1014.01,8.09,Medium,Peak,Active,45.4,0.98,158.02,Decreasing
04-07-2024 19:00,NODE_02,Sensor_Node_2_Factory_Area,63.07,167,5.346,504.2,57.31,28.43,15.06,35.1,74.7,1.3,155,Unhealthy,SW,1013.46,6.48,Low,Normal,Active,28.1,0.79,145.61,Stable
04-07-2024 20:00,NODE_02,Sensor_Node_2_Factory_Area,79.53,136.2,5.493,497.8,68.95,31.96,14.37,29.2,79.1,4.6,163,Unhealthy,SE,1005.51,8.27,Medium,Peak,Maintenance,91.7,0.76,160.81,Stable
04-07-2024 21:00,NODE_02,Sensor_Node_2_Factory_Area,87.55,163.66,5.333,485.7,68.64,34.44,16.95,32.3,78.1,2.5,168,Unhealthy,NW,1001.97,2.74,High,Low,Active,67.3,0.97,161.36,Increasing
04-07-2024 22:00,NODE_02,Sensor_Node_2_Factory_Area,87.68,145.03,4.645,506.3,56.73,28.01,14.03,32.8,92.3,4,168,Unhealthy,SE,1018.18,4.03,High,Normal,Active,31,0.78,169.68,Decreasing
04-07-2024 23:00,NODE_02,Sensor_Node_2_Factory_Area,63.51,126.58,4.236,437.1,58.63,23.04,19.65,30,79.3,1.2,155,Unhealthy,N,1009.63,5.45,High,Normal,Active,62.5,0.96,162.49,Stable
05-07-2024 00:00,NODE_02,Sensor_Node_2_Factory_Area,58.18,121.14,3.759,454.7,51.08,21.77,23.33,30,81.7,4,152,Unhealthy,E,1007.41,5.75,High,Low,Active,74.2,0.82,145.13,Stable
05-07-2024 01:00,NODE_02,Sensor_Node_2_Factory_Area,63.82,111.18,3.979,476,58.88,25.79,20.58,28,81.9,0.6,155,Unhealthy,E,1015.38,3.28,High,High,Fault,59.1,0.79,149.12,Decreasing
05-07-2024 02:00,NODE_02,Sensor_Node_2_Factory_Area,70.22,117.04,4.227,462.4,39.23,18.1,6.32,31.2,76.8,2,159,Unhealthy,NE,1008.32,7.58,Medium,Peak,Active,25.1,0.84,155.54,Stable
05-07-2024 03:00,NODE_02,Sensor_Node_2_Factory_Area,34.39,35.96,1.206,472,19.94,7.91,26.46,28.8,73.9,1.9,98,Moderate,E,1016.23,1.4,High,Peak,Active,65.6,0.87,92.33,Decreasing
05-07-2024 04:00,NODE_02,Sensor_Node_2_Factory_Area,25.4,48.16,0.973,430.9,21.56,10.81,23.64,32.5,72.9,1.5,79,Moderate,NW,1013.45,7.82,Low,Low,Fault,36.4,0.97,72.15,Decreasing
05-07-2024 05:00,NODE_02,Sensor_Node_2_Factory_Area,37.75,40.57,1.796,428,7.49,10.18,23.08,34,73.8,3.3,107,Unhealthy for Sensitive Groups,W,1008.25,5.6,Medium,Normal,Active,91.9,0.79,108.78,Increasing
05-07-2024 06:00,NODE_02,Sensor_Node_2_Factory_Area,120.26,185.09,6.612,507.1,85.88,29.73,21.27,30.5,71.9,3.5,184,Unhealthy,NE,1013.55,9.08,Low,High,Active,40.3,0.89,197.24,Stable
05-07-2024 07:00,NODE_02,Sensor_Node_2_Factory_Area,95.95,202.16,6.911,501.5,90.93,35.75,12.44,35.6,64.9,0.8,172,Unhealthy,NW,1003.14,4.87,Medium,Normal,Active,58.5,0.85,165.66,Increasing
05-07-2024 08:00,NODE_02,Sensor_Node_2_Factory_Area,97.6,194.61,6.472,525.7,70.92,33.15,21.64,36.8,73.3,1.8,173,Unhealthy,N,1014.64,1.23,Medium,Normal,Active,93.3,0.93,160.38,Decreasing
05-07-2024 09:00,NODE_02,Sensor_Node_2_Factory_Area,121.61,201.98,6.717,502.7,82.92,32.12,23.89,39.9,74.5,4.3,185,Unhealthy,SE,1008.92,6.83,Low,Peak,Active,82.8,0.82,168.04,Increasing
05-07-2024 10:00,NODE_02,Sensor_Node_2_Factory_Area,112.65,165.32,6.162,519.8,78.07,36.62,21.78,39.2,72.4,2.4,181,Unhealthy,SE,1011.78,1.68,High,Low,Active,91.1,0.92,198.85,Increasing
05-07-2024 11:00,NODE_02,Sensor_Node_2_Factory_Area,112.27,213.84,5.605,506.2,80.7,38.73,14.3,41.5,71.7,6,180,Unhealthy,NE,1019.4,2.15,High,High,Active,48.8,0.78,194.06,Decreasing
05-07-2024 12:00,NODE_02,Sensor_Node_2_Factory_Area,102.01,152.68,5.831,515.1,82.16,33.71,12.38,39.2,64,3.7,175,Unhealthy,S,1012.19,9.94,High,High,Active,63.4,0.9,173.98,Stable
05-07-2024 13:00,NODE_02,Sensor_Node_2_Factory_Area,106.52,174.41,6.989,503,90.43,38.62,16.1,38,70.2,2.1,177,Unhealthy,NW,1008.07,7.11,Low,Normal,Maintenance,79.8,0.89,186.77,Decreasing
05-07-2024 14:00,NODE_02,Sensor_Node_2_Factory_Area,126.65,206.35,6.896,502.2,72.53,33.88,18.05,39.2,69.4,5.7,188,Unhealthy,N,1017.92,6.94,Medium,Normal,Active,47.5,0.88,177.57,Increasing
05-07-2024 15:00,NODE_02,Sensor_Node_2_Factory_Area,91.65,139.27,5.182,482.9,77.32,17.38,17.64,37.2,56.6,0.8,170,Unhealthy,NW,1011.73,4.02,High,Low,Active,84.9,0.85,180.27,Stable
05-07-2024 16:00,NODE_02,Sensor_Node_2_Factory_Area,93.92,150.16,4.643,505.3,61.99,32.03,19.33,35.4,62.9,4,171,Unhealthy,NW,1019.22,5.88,High,Peak,Active,70,0.89,162.31,Decreasing
05-07-2024 17:00,NODE_02,Sensor_Node_2_Factory_Area,82.29,161.73,5.105,499.5,69.41,26.39,13.82,34.6,66.6,6.6,165,Unhealthy,SW,1007.52,4.46,High,Low,Active,67.5,0.85,164.59,Increasing
05-07-2024 18:00,NODE_02,Sensor_Node_2_Factory_Area,89.04,174.49,5.26,513.4,67.2,28.13,10.82,35,68.1,3.5,168,Unhealthy,SE,1010.21,5.01,Medium,High,Active,29.4,0.76,156.49,Increasing
05-07-2024 19:00,NODE_02,Sensor_Node_2_Factory_Area,81.11,143.91,5.943,507.1,63.46,19.3,18.99,32.5,78.9,4.9,164,Unhealthy,SE,1006.11,3.06,High,High,Active,68.8,0.81,156.23,Increasing
05-07-2024 20:00,NODE_02,Sensor_Node_2_Factory_Area,91.95,134.13,4.747,478.8,66.02,27.72,21.99,32.8,72.5,3.6,170,Unhealthy,NW,1004.07,5.48,High,High,Maintenance,74.3,0.73,166.2,Increasing
05-07-2024 21:00,NODE_02,Sensor_Node_2_Factory_Area,93.3,164.17,5.258,496.5,71.8,32.99,22.11,33,66.8,2.2,171,Unhealthy,W,1012.98,1.31,Low,Normal,Active,84.3,0.89,155.57,Increasing
05-07-2024 22:00,NODE_02,Sensor_Node_2_Factory_Area,89.22,164.61,5.184,488.6,70.47,22.77,26.18,30.4,86.1,2.5,168,Unhealthy,N,1008.25,7.51,Medium,High,Active,40.3,0.88,156.59,Increasing
05-07-2024 23:00,NODE_02,Sensor_Node_2_Factory_Area,165.3,319.9,8.015,454.5,52.99,45.93,29.1,29.7,71.3,4.2,216,Very Unhealthy,SW,1007.55,7.39,Medium,Normal,Active,56.4,0.83,217.86,Stable
06-07-2024 00:00,NODE_02,Sensor_Node_2_Factory_Area,60.56,65.56,2.611,473.2,32.05,5.86,17.7,30.3,77.4,2.4,154,Unhealthy,SW,1012.82,8.25,Low,Low,Active,32.7,0.85,158.27,Decreasing
06-07-2024 01:00,NODE_02,Sensor_Node_2_Factory_Area,47.99,60.63,3.27,444.6,28.59,10.64,24.53,32.1,76.8,5.5,132,Unhealthy for Sensitive Groups,NE,1005.64,1.56,Low,High,Active,61.5,0.86,136.99,Decreasing
06-07-2024 02:00,NODE_02,Sensor_Node_2_Factory_Area,57.33,49.27,2.868,475.8,30.16,15.34,24.5,31.4,90.1,0.3,152,Unhealthy,NW,1011.51,5.85,High,Normal,Active,66.7,0.86,157.01,Increasing
06-07-2024 03:00,NODE_02,Sensor_Node_2_Factory_Area,18.89,38.62,1.024,437.7,13.77,5.31,21.96,31.8,74.5,1.3,65,Moderate,S,1008.85,3.54,Low,High,Active,78.2,0.82,68.19,Stable
06-07-2024 04:00,NODE_02,Sensor_Node_2_Factory_Area,22.78,32.43,0.847,465.7,12.93,8.34,21.5,29,71.6,5.3,73,Moderate,W,1023.03,2.51,Medium,Normal,Active,49,0.85,67.8,Decreasing
06-07-2024 05:00,NODE_02,Sensor_Node_2_Factory_Area,5,27.56,1.774,421.2,2,11.85,22.62,32.9,78.3,4.7,26,Good,W,1006.98,3.29,Low,Low,Maintenance,65.8,0.95,25.71,Stable
06-07-2024 06:00,NODE_02,Sensor_Node_2_Factory_Area,78.7,99.05,3.453,526.1,49.13,20.71,9.69,33.4,69.9,3.4,163,Unhealthy,NE,1003.85,4.48,Medium,High,Active,92.1,0.86,164.29,Decreasing
06-07-2024 07:00,NODE_02,Sensor_Node_2_Factory_Area,64,112.19,3.857,465.6,68.17,27.17,13.53,33.7,70.5,2.1,155,Unhealthy,N,1008.68,3.86,Low,Low,Active,54.6,0.88,169.79,Stable
06-07-2024 08:00,NODE_02,Sensor_Node_2_Factory_Area,71.37,105.64,2.885,495.5,43.66,24.09,16.89,34.5,65.8,2.1,159,Unhealthy,E,1012.93,4.2,High,Peak,Active,26.3,0.93,152.03,Decreasing
06-07-2024 09:00,NODE_02,Sensor_Node_2_Factory_Area,85.6,155.59,3.562,490.4,53.83,17.28,24.95,37.1,63,0.3,167,Unhealthy,NE,1006.73,2,Low,Low,Active,36.9,0.77,176.29,Decreasing
06-07-2024 10:00,NODE_02,Sensor_Node_2_Factory_Area,75.08,125.54,4.008,483.2,44.55,32.15,9.24,40,61.7,4.8,161,Unhealthy,E,1008.67,9.63,High,Normal,Active,29.2,0.89,160.71,Increasing
06-07-2024 11:00,NODE_02,Sensor_Node_2_Factory_Area,77.82,133.75,3.354,492.8,45.02,24.16,9.38,34.9,64.8,3,163,Unhealthy,W,1004.34,6.38,Medium,Normal,Active,50.3,0.86,172.75,Stable
06-07-2024 12:00,NODE_02,Sensor_Node_2_Factory_Area,61.44,111.73,3.02,534.7,44.36,21.94,7.04,36.7,76.5,2.8,154,Unhealthy,N,1006.92,1.05,Medium,Normal,Active,88.2,0.85,149.75,Increasing
06-07-2024 13:00,NODE_02,Sensor_Node_2_Factory_Area,73.88,115.65,4.114,518.4,52.28,24.28,17.18,37.4,61.8,4.7,160,Unhealthy,SW,1014.04,8.87,Low,Peak,Active,28.1,0.82,173.03,Increasing
06-07-2024 14:00,NODE_02,Sensor_Node_2_Factory_Area,77.76,107.57,4.03,491.4,60.2,21.52,27,37.8,73.9,6.2,162,Unhealthy,E,1017.32,2.83,Low,Low,Active,88.5,0.99,148.47,Increasing
06-07-2024 15:00,NODE_02,Sensor_Node_2_Factory_Area,49.08,84.33,3.338,505.9,41.39,15.31,27.41,35.1,68.7,1.7,134,Unhealthy for Sensitive Groups,SE,1014.38,2.45,Low,Normal,Active,69.2,0.81,126.53,Increasing
06-07-2024 16:00,NODE_02,Sensor_Node_2_Factory_Area,63.13,95.92,3.531,446.4,47.2,15.84,9.01,38.8,72.6,3.2,155,Unhealthy,NW,1017.78,5.5,High,Normal,Active,96.7,0.96,144.31,Decreasing
06-07-2024 17:00,NODE_02,Sensor_Node_2_Factory_Area,59.02,87.62,3.241,474.8,40.18,13.69,13.55,36.4,72.4,1.5,153,Unhealthy,E,1011.52,1.02,Medium,Peak,Active,97.4,0.79,138.85,Increasing
06-07-2024 18:00,NODE_02,Sensor_Node_2_Factory_Area,53.96,75.23,3.391,504,60.25,14.31,22.92,32.9,65.2,1.2,146,Unhealthy for Sensitive Groups,S,1015.87,8.51,High,Peak,Active,87.6,0.8,143.23,Increasing
06-07-2024 19:00,NODE_02,Sensor_Node_2_Factory_Area,48.17,90.3,3.108,473.7,37.99,9,18.83,33.1,68.8,4.4,132,Unhealthy for Sensitive Groups,S,1014.43,1.78,Low,Low,Active,66.8,0.79,139.02,Increasing
06-07-2024 20:00,NODE_02,Sensor_Node_2_Factory_Area,57.39,117.42,4.447,532.5,35.36,13.99,16.18,32.2,84.5,2.3,500,Hazardous,W,1011.87,3.08,Low,Low,Active,40.5,0.99,468.66,Increasing
06-07-2024 21:00,NODE_02,Sensor_Node_2_Factory_Area,62.22,98.21,2.583,487.2,35.36,12.12,13.67,31.8,78.7,7.4,154,Unhealthy,N,997.37,4.01,Low,High,Active,29.1,0.93,153.07,Decreasing
06-07-2024 22:00,NODE_02,Sensor_Node_2_Factory_Area,57.97,112.68,3.771,490.7,44.14,19.24,17.66,27.3,84,3.6,152,Unhealthy,S,1011.01,4.06,Low,Normal,Maintenance,47.3,0.88,163.09,Increasing
06-07-2024 23:00,NODE_02,Sensor_Node_2_Factory_Area,46.08,65.84,2.442,487.4,34.3,19.38,19.04,32.7,73.1,2.6,127,Unhealthy for Sensitive Groups,NW,1017.53,7.5,Medium,Low,Active,86.2,0.82,123.86,Decreasing
07-07-2024 00:00,NODE_02,Sensor_Node_2_Factory_Area,34.1,78.27,2.296,467.7,33.05,9.28,15.22,30.3,74,5.6,97,Moderate,SW,1007.17,2.26,Low,Peak,Active,21.5,0.98,93.58,Increasing
07-07-2024 01:00,NODE_02,Sensor_Node_2_Factory_Area,53.63,80.3,2.195,433.4,41.05,10.12,18.78,29.9,77.5,2.9,146,Unhealthy for Sensitive Groups,SW,1022.91,9.06,Medium,Normal,Active,98.2,0.86,131.59,Increasing
07-07-2024 02:00,NODE_02,Sensor_Node_2_Factory_Area,41.88,88.36,2.796,455.8,24.73,10.75,20.55,28.7,77.7,2.8,117,Unhealthy for Sensitive Groups,W,1016.96,2.4,High,Normal,Maintenance,76.2,0.84,118.82,Decreasing
07-07-2024 03:00,NODE_02,Sensor_Node_2_Factory_Area,16.84,10,0.868,456.8,2,1,24.18,29.6,69.8,7.7,61,Moderate,E,1021.11,7.09,High,High,Active,51,0.94,59.78,Decreasing
07-07-2024 04:00,NODE_02,Sensor_Node_2_Factory_Area,22.21,23.95,0.297,399.9,29.11,10.36,22.74,32.1,72.1,2.1,72,Moderate,W,1022.58,9.84,High,High,Active,32.7,0.73,70.67,Stable
07-07-2024 05:00,NODE_02,Sensor_Node_2_Factory_Area,21.96,37.25,1.767,450.8,22.29,4.6,21.88,30.1,74,1.7,72,Moderate,NW,999.4,7.65,Medium,Low,Active,95.4,0.74,78.4,Increasing
07-07-2024 06:00,NODE_02,Sensor_Node_2_Factory_Area,65.29,140.91,4.476,528.6,47.92,20.57,22.02,33.9,68.6,5.2,500,Hazardous,SE,1017.74,7.87,Medium,Peak,Active,30.9,0.72,474.5,Decreasing
07-07-2024 07:00,NODE_02,Sensor_Node_2_Factory_Area,67.5,121.25,4.555,513.4,48.45,19.88,13.75,33,67.4,2.9,157,Unhealthy,N,1013.49,3.94,High,High,Active,90.1,0.89,157.16,Increasing
07-07-2024 08:00,NODE_02,Sensor_Node_2_Factory_Area,65.37,150.32,3.695,487.7,63.21,26.05,15.35,37.2,70.8,0.5,156,Unhealthy,NW,1019.1,6.35,Medium,Peak,Active,72.5,0.99,164.32,Stable
07-07-2024 09:00,NODE_02,Sensor_Node_2_Factory_Area,62.01,89.93,3.876,524.5,51.6,25.24,16.92,34.3,65.3,1.3,154,Unhealthy,NE,1017.87,1.15,Medium,Low,Active,39.5,0.81,156.81,Increasing
07-07-2024 10:00,NODE_02,Sensor_Node_2_Factory_Area,68.6,128.98,4.196,523.8,57.29,19.58,13.61,37.5,74.8,3.2,158,Unhealthy,SE,1008.56,6.96,High,Peak,Active,57.6,0.84,159.53,Stable
07-07-2024 11:00,NODE_02,Sensor_Node_2_Factory_Area,67.71,112.92,3.517,505.3,61.41,21.1,18.48,38.9,71,1.8,157,Unhealthy,W,1006.09,6.34,High,Peak,Active,31.9,0.97,160.95,Decreasing
07-07-2024 12:00,NODE_02,Sensor_Node_2_Factory_Area,63.62,134.57,4.494,487.8,69.53,19.09,21,40.3,66.7,2.3,500,Hazardous,NE,1006.03,6.55,High,Low,Active,46.9,0.83,470.26,Decreasing
07-07-2024 13:00,NODE_02,Sensor_Node_2_Factory_Area,65.34,138.63,3.56,471.9,57.13,25.73,25.84,35.8,65.4,3.1,156,Unhealthy,N,1013.02,8.44,High,Normal,Active,59.5,0.82,162.06,Increasing
07-07-2024 14:00,NODE_02,Sensor_Node_2_Factory_Area,69.94,134.56,3.86,520.3,45.83,17.32,14.63,33.6,67.3,4.2,158,Unhealthy,NE,1006.41,5.45,Medium,High,Active,38,0.97,168.11,Stable
07-07-2024 15:00,NODE_02,Sensor_Node_2_Factory_Area,43.34,97.85,3.546,490.7,41.63,26.04,20.37,38,74.2,3.6,120,Unhealthy for Sensitive Groups,SE,1006.27,9.45,Low,Normal,Active,76.1,0.74,113.11,Increasing
07-07-2024 16:00,NODE_02,Sensor_Node_2_Factory_Area,58.53,98.7,3.003,482.4,38.56,21.43,13.84,36.1,72.4,4,153,Unhealthy,NW,1008.32,5.81,Medium,Normal,Active,95.2,0.98,152.95,Increasing
07-07-2024 17:00,NODE_02,Sensor_Node_2_Factory_Area,58.4,97.61,1.892,469.3,53.49,24.66,21.03,36.2,65.8,4.6,152,Unhealthy,S,1013.96,3.53,Low,Peak,Fault,74,0.8,147.84,Stable
07-07-2024 18:00,NODE_02,Sensor_Node_2_Factory_Area,60.61,99.71,3.235,508.1,51.53,21.32,18.73,33.5,76.2,4.9,154,Unhealthy,W,1007.19,1.29,High,Peak,Active,22.7,0.87,150.43,Increasing
07-07-2024 19:00,NODE_02,Sensor_Node_2_Factory_Area,48.38,86.28,2.602,509.2,38.64,20.34,17.77,37.3,76.2,3.3,133,Unhealthy for Sensitive Groups,N,1018.29,7.98,Low,High,Active,38.2,0.92,123.82,Increasing
07-07-2024 20:00,NODE_02,Sensor_Node_2_Factory_Area,54.1,95.99,2.992,490.5,44.96,16.14,15.86,32.2,60.9,3.1,147,Unhealthy for Sensitive Groups,S,1007.31,2.13,High,Low,Active,93.5,0.78,152.32,Decreasing
07-07-2024 21:00,NODE_02,Sensor_Node_2_Factory_Area,45.67,91.45,2.48,486,50.58,29.28,27.86,29.8,73.3,2.4,126,Unhealthy for Sensitive Groups,S,1020.2,8.03,Low,Low,Active,34.3,0.98,118.26,Decreasing
07-07-2024 22:00,NODE_02,Sensor_Node_2_Factory_Area,55.5,93.66,4.355,463.3,43.36,10.47,20.05,28.5,83.8,2.6,500,Hazardous,S,1005.87,6.55,High,High,Maintenance,39.2,0.86,504.7,Stable
07-07-2024 23:00,NODE_02,Sensor_Node_2_Factory_Area,154.45,229.93,7.966,476.6,29.27,40.53,15.12,25.7,79.5,5.2,205,Very Unhealthy,SE,1010.79,5.27,Medium,Low,Active,28.9,0.8,194.42,Decreasing
08-07-2024 00:00,NODE_02,Sensor_Node_2_Factory_Area,56.45,135.66,3.489,455.4,37.79,23.98,21.01,27.4,79.5,4.4,151,Unhealthy,W,1012.62,5.32,High,Normal,Active,25.4,0.97,140.01,Stable
08-07-2024 01:00,NODE_02,Sensor_Node_2_Factory_Area,72.62,105.54,4.724,469.1,56,26.71,34.05,28.5,73.4,1,160,Unhealthy,SW,1006.22,1.83,Medium,Peak,Active,38.3,0.9,152.67,Decreasing
08-07-2024 02:00,NODE_02,Sensor_Node_2_Factory_Area,59.59,92.65,3.903,483.3,52.87,15.08,12.77,30.6,75.8,1.1,153,Unhealthy,W,1007.59,3.01,Low,Normal,Active,98.1,0.74,150.38,Increasing
08-07-2024 03:00,NODE_02,Sensor_Node_2_Factory_Area,24.96,49.58,2.151,420.7,24.17,9.33,16.08,30.2,76.3,2.7,78,Moderate,E,1013.48,6.79,Medium,Low,Active,28.8,1,72.71,Increasing
08-07-2024 04:00,NODE_02,Sensor_Node_2_Factory_Area,22.62,53.28,1.543,414.8,8.85,1.55,29.25,30.5,89.2,0.8,73,Moderate,S,1009.2,8.86,High,Peak,Active,65.8,0.9,80.07,Stable
08-07-2024 05:00,NODE_02,Sensor_Node_2_Factory_Area,23.27,58.3,1.019,440.9,30.89,7.6,19.57,32.4,72.3,7.3,75,Moderate,E,1008.6,3.13,Medium,Low,Fault,60,0.78,82.38,Stable
08-07-2024 06:00,NODE_02,Sensor_Node_2_Factory_Area,102.11,213.14,6.409,528,91.52,42.8,9.7,35,69,3.3,175,Unhealthy,N,1009.5,1.76,High,High,Active,96.6,0.77,172.02,Increasing
08-07-2024 07:00,NODE_02,Sensor_Node_2_Factory_Area,108.86,179.71,6.726,481.9,82.22,40.24,17.74,33.6,66.2,2.7,179,Unhealthy,NE,1013.1,2.34,Medium,Normal,Active,83.3,0.88,176.31,Increasing
08-07-2024 08:00,NODE_02,Sensor_Node_2_Factory_Area,99.5,184.67,6.327,515.2,91.09,38.68,17.7,36.5,71.9,2.5,174,Unhealthy,S,1006.96,3.25,Medium,Peak,Active,42.6,0.94,178.21,Stable
08-07-2024 09:00,NODE_02,Sensor_Node_2_Factory_Area,117.65,183.72,6.905,487.1,74.93,33.43,16.37,36.1,70,1.3,183,Unhealthy,SW,1021.98,1.29,Medium,High,Active,22.2,0.79,194.86,Stable
08-07-2024 10:00,NODE_02,Sensor_Node_2_Factory_Area,96.65,198.38,6.706,501.6,85.04,36.59,21.26,37.8,58.8,3,172,Unhealthy,E,1000.7,3.29,High,Low,Active,31.6,0.79,184.66,Decreasing
08-07-2024 11:00,NODE_02,Sensor_Node_2_Factory_Area,345.83,530.54,14.455,491.1,91.8,66.33,15.57,38.9,72.5,0.9,418,Hazardous,N,1012.23,3.79,Low,Normal,Active,71.9,0.93,440,Increasing
08-07-2024 12:00,NODE_02,Sensor_Node_2_Factory_Area,118.57,223.57,6.473,511,78.23,33.99,15.32,39.8,70.9,1.2,184,Unhealthy,SE,1011.11,6.81,Low,High,Active,79,0.86,197.97,Increasing
08-07-2024 13:00,NODE_02,Sensor_Node_2_Factory_Area,125.43,169.14,5.738,524.8,94.14,36.13,5,36.7,68.2,10.6,187,Unhealthy,SW,1009.86,8.23,Low,High,Active,91,0.95,185.29,Increasing
08-07-2024 14:00,NODE_02,Sensor_Node_2_Factory_Area,102.8,192.59,7.349,530.7,89.66,35.74,13.53,38.6,67,2.5,175,Unhealthy,W,1003.59,5.11,High,Peak,Active,63.4,0.8,186.6,Decreasing
08-07-2024 15:00,NODE_02,Sensor_Node_2_Factory_Area,88.48,162.53,4.569,491.8,70.09,30.68,21.2,37.8,64,2.2,168,Unhealthy,SW,1015.72,4,High,Low,Maintenance,79.4,0.8,172.47,Increasing
08-07-2024 16:00,NODE_02,Sensor_Node_2_Factory_Area,76.26,139.77,5.485,465.4,59.92,24.62,9.17,34.3,75,2.7,162,Unhealthy,N,1001.97,4.53,Medium,High,Active,89.8,0.96,151.83,Increasing
08-07-2024 17:00,NODE_02,Sensor_Node_2_Factory_Area,82.27,159.15,4.205,504.2,57.11,27.22,16.36,34.2,70.1,2.8,165,Unhealthy,SE,1015.13,6.52,High,High,Active,53.6,0.82,152.38,Increasing
08-07-2024 18:00,NODE_02,Sensor_Node_2_Factory_Area,83.15,158.4,5.224,474.9,67.5,25.79,14.07,35.2,74.7,1.6,165,Unhealthy,NE,1011.38,1.09,Medium,Peak,Active,88.7,0.78,180.68,Stable
08-07-2024 19:00,NODE_02,Sensor_Node_2_Factory_Area,240.32,423.71,10.15,503.7,66.32,46.02,20.12,34.2,63.7,2.4,300,Very Unhealthy,NE,1008.77,3.74,Low,Low,Active,65.8,0.71,324.43,Stable
08-07-2024 20:00,NODE_02,Sensor_Node_2_Factory_Area,89.01,143.64,4.763,479,72.14,30.05,16.11,31.2,76.9,3,168,Unhealthy,SW,1004.33,5.96,Medium,Low,Fault,92.3,0.83,157.32,Stable
08-07-2024 21:00,NODE_02,Sensor_Node_2_Factory_Area,109.95,141.16,5.497,473.6,65.6,34.26,17.18,30.7,73.2,2.4,179,Unhealthy,E,1007.67,8.64,High,Peak,Active,31.1,0.77,178.93,Decreasing
08-07-2024 22:00,NODE_02,Sensor_Node_2_Factory_Area,93.92,161.48,5.267,508.2,55.13,29.01,14.86,33.5,75.7,2.4,171,Unhealthy,NW,997.89,1.68,Medium,Normal,Active,48.3,0.85,173.93,Decreasing
08-07-2024 23:00,NODE_02,Sensor_Node_2_Factory_Area,71.93,127.01,4.361,483.2,46.74,15.88,31.49,29.7,83.8,3.6,159,Unhealthy,SE,1015.7,9.45,Low,Low,Active,54.2,0.75,146.19,Decreasing
09-07-2024 00:00,NODE_02,Sensor_Node_2_Factory_Area,62.01,115.41,5.001,440.2,58.84,21.5,24.34,29.5,87.8,1.1,154,Unhealthy,SE,1012.83,3.37,High,Peak,Active,70.8,0.98,165.3,Increasing
09-07-2024 01:00,NODE_02,Sensor_Node_2_Factory_Area,59.5,114.52,4.308,454.2,51.29,17.5,18.79,34.1,85.8,3.9,153,Unhealthy,SW,1015.08,5.31,Low,Low,Active,24.7,0.96,142.38,Stable
09-07-2024 02:00,NODE_02,Sensor_Node_2_Factory_Area,53.47,111.38,4.301,461,52.92,17.59,15.36,34,90,1.8,145,Unhealthy for Sensitive Groups,NE,1004.79,1.98,Medium,Low,Active,69.1,0.93,147.71,Stable
09-07-2024 03:00,NODE_02,Sensor_Node_2_Factory_Area,26.82,53.12,2.567,424.9,22.39,9.59,33.33,31.6,67.9,3.3,82,Moderate,SW,1008.42,8.08,High,Low,Active,41.5,0.96,82.13,Decreasing
09-07-2024 04:00,NODE_02,Sensor_Node_2_Factory_Area,20.56,62.34,1.444,443.5,22.01,7.81,20.94,32.8,67.7,1.9,69,Moderate,SW,1015.57,8.06,Medium,Normal,Active,85.4,0.98,62.4,Increasing
09-07-2024 05:00,NODE_02,Sensor_Node_2_Factory_Area,34.93,67.13,1.647,403.2,20.91,11.45,28.19,31.8,69.8,5,99,Moderate,N,1013.4,9.3,Medium,Peak,Active,55.6,0.77,91.73,Decreasing
09-07-2024 06:00,NODE_02,Sensor_Node_2_Factory_Area,99.48,172.39,7.085,526.9,77.4,34.45,26.54,35.3,71.7,3.6,174,Unhealthy,N,1018.6,6.52,Low,Normal,Active,71.7,0.84,182.77,Increasing
09-07-2024 07:00,NODE_02,Sensor_Node_2_Factory_Area,119.14,185.66,6.754,517.6,85.56,38.02,21.68,35.7,71.8,4.5,184,Unhealthy,E,1014.55,9.34,High,Normal,Active,93.3,0.96,170.88,Stable
09-07-2024 08:00,NODE_02,Sensor_Node_2_Factory_Area,102.61,195.82,5.457,499.9,97.2,32.84,7.84,34.6,73.3,3.9,175,Unhealthy,NE,1014.02,8.41,Medium,Low,Active,89.5,0.79,185.79,Stable
09-07-2024 09:00,NODE_02,Sensor_Node_2_Factory_Area,108.95,195.98,5.822,501,98.93,34.76,7.53,37.5,70.1,2.6,179,Unhealthy,W,1012.83,4.73,Medium,Low,Active,72.2,0.92,167.1,Increasing
09-07-2024 10:00,NODE_02,Sensor_Node_2_Factory_Area,113.53,193.45,6.397,510.8,88.21,38.2,20.59,34,57.8,1.2,181,Unhealthy,NW,1020.44,9.22,High,Peak,Active,88.7,0.74,191.34,Decreasing
09-07-2024 11:00,NODE_02,Sensor_Node_2_Factory_Area,111.71,185.31,5.987,515.6,77.76,36.86,21.13,36.6,58.2,1.8,180,Unhealthy,NE,1009.13,3.62,Low,Normal,Active,80.2,0.81,186.31,Increasing
09-07-2024 12:00,NODE_02,Sensor_Node_2_Factory_Area,110.32,166.18,7.203,482.4,74.56,36.25,15.39,40.1,64.4,4.4,179,Unhealthy,S,1008.13,5.01,Medium,High,Active,63.1,0.82,167.45,Decreasing
09-07-2024 13:00,NODE_02,Sensor_Node_2_Factory_Area,107.72,162.77,6.433,543.8,79.64,36.6,21.1,38.6,59.9,1.5,178,Unhealthy,SW,1012.08,8.41,High,Peak,Active,64.8,0.86,181.41,Decreasing
09-07-2024 14:00,NODE_02,Sensor_Node_2_Factory_Area,101.45,205.52,6.828,537.1,90.47,35.43,10.93,39.6,70.6,4.4,175,Unhealthy,NW,1011.78,6.53,High,Low,Active,59.9,0.92,162.4,Stable
09-07-2024 15:00,NODE_02,Sensor_Node_2_Factory_Area,94.4,130.67,4.513,471.3,69.75,26.97,24.04,36.8,81.7,3,171,Unhealthy,E,1010.54,3.98,Low,Peak,Active,83.9,0.86,168.51,Stable
09-07-2024 16:00,NODE_02,Sensor_Node_2_Factory_Area,77.13,161.65,4.563,469.5,64.44,27.15,21.16,36.5,62.9,3.3,162,Unhealthy,NE,1017.28,9.05,High,Peak,Active,81.7,0.84,148.64,Decreasing
09-07-2024 17:00,NODE_02,Sensor_Node_2_Factory_Area,85.63,125.96,5.003,475.4,71.02,25.56,14.15,35.6,73.1,3.7,167,Unhealthy,S,1014.32,1.07,Medium,Low,Fault,54.5,0.81,178.32,Stable
09-07-2024 18:00,NODE_02,Sensor_Node_2_Factory_Area,107.65,145.4,4.506,488,57.53,27.77,15.87,35,61.5,5,178,Unhealthy,SE,1008.97,8.66,Medium,Peak,Active,98.5,0.82,183.25,Decreasing
09-07-2024 19:00,NODE_02,Sensor_Node_2_Factory_Area,320.73,518.91,20.019,502.8,62.5,74.51,8.55,34,68.5,2.3,405,Hazardous,NW,1024.95,3.25,Medium,Peak,Active,90.9,0.84,440.27,Stable
09-07-2024 20:00,NODE_02,Sensor_Node_2_Factory_Area,89.2,159.87,4.996,490.6,60.96,24.09,18.48,32.9,63.3,0.6,168,Unhealthy,W,1008.58,9.85,High,Low,Active,35.7,0.73,170.97,Stable
09-07-2024 21:00,NODE_02,Sensor_Node_2_Factory_Area,367.61,778,18.763,514.7,62.76,70.81,23.23,32.1,75.7,2.6,500,Hazardous,SW,1015.53,1.37,Low,Peak,Active,44,0.81,508.78,Decreasing
09-07-2024 22:00,NODE_02,Sensor_Node_2_Factory_Area,85.33,124.05,4.003,507.8,67.1,31.23,19.56,28.8,75.7,3.5,166,Unhealthy,S,1006.89,2.32,High,High,Active,88.1,0.8,166.44,Stable
09-07-2024 23:00,NODE_02,Sensor_Node_2_Factory_Area,52.42,124.37,4.485,462.6,45.21,21.18,27.14,27.8,77.9,3.6,500,Hazardous,NE,1008.76,3.44,Medium,Normal,Active,30.1,1,489.14,Increasing
10-07-2024 00:00,NODE_02,Sensor_Node_2_Factory_Area,74.59,92.51,4.384,457.8,35.73,20.29,16.61,29.8,68.9,3.7,161,Unhealthy,N,1009.89,2.19,Medium,High,Active,47.1,0.9,144.92,Increasing
10-07-2024 01:00,NODE_02,Sensor_Node_2_Factory_Area,65.01,116.43,3.954,464.9,59.13,23.54,28.37,31.7,75.5,9.1,156,Unhealthy,E,1023.16,3.71,High,Low,Active,70.2,0.8,163.7,Decreasing
10-07-2024 02:00,NODE_02,Sensor_Node_2_Factory_Area,71.84,125.4,4.312,476.2,41,21.48,21.36,30.6,84.1,2,159,Unhealthy,SE,1012.64,6.25,High,Low,Active,89.8,0.98,166.85,Increasing
10-07-2024 03:00,NODE_02,Sensor_Node_2_Factory_Area,22.35,57.07,2.505,448.7,24.89,4.92,17.28,31.6,75.1,1.4,73,Moderate,W,1013.13,2.15,High,Low,Active,53,0.9,77.05,Decreasing
10-07-2024 04:00,NODE_02,Sensor_Node_2_Factory_Area,38.72,30.75,1.502,430.5,28.68,8.08,22.11,32.1,70.3,3.2,109,Unhealthy for Sensitive Groups,NW,1003.37,7.34,Medium,High,Active,82.7,0.95,110.76,Decreasing
10-07-2024 05:00,NODE_02,Sensor_Node_2_Factory_Area,27.32,41.03,1.555,441.4,22.91,13.17,34.61,31.8,76.2,5.7,83,Moderate,SW,1013.37,4.96,Low,Low,Active,51.8,0.96,88.29,Increasing
10-07-2024 06:00,NODE_02,Sensor_Node_2_Factory_Area,118.88,212.79,6.837,510.7,91.18,32.63,12.37,34.3,79,2.2,184,Unhealthy,NW,1005.82,7.02,Medium,Normal,Active,57.7,0.88,196.06,Increasing
10-07-2024 07:00,NODE_02,Sensor_Node_2_Factory_Area,107.64,223.44,6.285,455.7,85.17,37.89,14.85,33.7,75.8,4,178,Unhealthy,N,1007.94,4.6,Medium,Normal,Active,52.6,0.87,193.88,Increasing
10-07-2024 08:00,NODE_02,Sensor_Node_2_Factory_Area,103.89,181.48,6.225,497.5,88.38,34.42,11.25,36.6,83.3,2.6,176,Unhealthy,E,1014.66,5.88,Low,Peak,Active,83.2,0.89,162.9,Decreasing
10-07-2024 09:00,NODE_02,Sensor_Node_2_Factory_Area,103.71,200.59,6.683,502.9,80.95,44.4,21.72,39.4,72,6.5,176,Unhealthy,SE,1009.17,2.53,Low,Normal,Active,94.9,1,177.83,Decreasing
10-07-2024 10:00,NODE_02,Sensor_Node_2_Factory_Area,124.45,197.19,5.541,530.2,94.48,40.95,9.29,38,73,5,187,Unhealthy,SE,1021.08,8.38,High,High,Active,79.5,0.99,176.49,Stable
10-07-2024 11:00,NODE_02,Sensor_Node_2_Factory_Area,110.13,178.43,6.635,487.3,83.28,33.69,20.38,38.9,69.6,5.2,179,Unhealthy,SW,1019.75,7.5,High,High,Active,94.4,0.72,175.51,Decreasing
10-07-2024 12:00,NODE_02,Sensor_Node_2_Factory_Area,126.07,208.54,5.919,495.4,82.54,35.03,11.87,38.9,65.6,2.6,187,Unhealthy,SW,1013.11,3.02,Medium,Peak,Active,78.9,0.88,202.06,Stable
10-07-2024 13:00,NODE_02,Sensor_Node_2_Factory_Area,111.74,182.42,6.704,513.6,91.05,33.2,19.43,40.2,71.8,3.6,180,Unhealthy,NE,1012.43,3.09,Medium,Peak,Active,31.2,0.86,187.89,Stable
10-07-2024 14:00,NODE_02,Sensor_Node_2_Factory_Area,112.61,196.36,7.648,509.4,88.42,36.38,14.78,38,64.2,2.2,180,Unhealthy,S,1010.91,3.06,High,Normal,Active,83.7,0.84,169.06,Increasing
10-07-2024 15:00,NODE_02,Sensor_Node_2_Factory_Area,89.16,145.12,5.598,496.4,65.56,29.19,14.37,35.8,67.8,1.1,168,Unhealthy,SW,1013.94,2.35,Low,Peak,Active,65.4,0.72,181.36,Increasing
10-07-2024 16:00,NODE_02,Sensor_Node_2_Factory_Area,87.47,136.42,5.907,503.1,52,32.15,16.54,35.2,73.5,1.7,168,Unhealthy,NW,1014.82,5.98,Low,High,Active,90.6,0.84,175.74,Increasing
10-07-2024 17:00,NODE_02,Sensor_Node_2_Factory_Area,86.86,164.82,5.638,489.9,59.04,30.01,21.61,35,75.7,5.6,167,Unhealthy,N,1010.47,2.72,Medium,Normal,Active,62.4,0.85,170.65,Decreasing
10-07-2024 18:00,NODE_02,Sensor_Node_2_Factory_Area,99.84,145.11,4.336,484,63.25,23.11,21.51,34,61.1,1.8,174,Unhealthy,SW,1005.01,4.98,Low,High,Active,88.3,0.79,159.57,Increasing
10-07-2024 19:00,NODE_02,Sensor_Node_2_Factory_Area,100.37,165.18,5.334,506.7,51.94,27.66,19.07,34.9,68.5,3.8,174,Unhealthy,NW,1013.54,2.4,Medium,High,Active,37.7,0.96,182.45,Decreasing
10-07-2024 20:00,NODE_02,Sensor_Node_2_Factory_Area,94.09,136.47,5.526,476.4,69.83,28.03,19.77,32.3,82.7,4.9,171,Unhealthy,S,1013.06,6.2,Medium,High,Active,52.4,0.9,165.31,Decreasing
10-07-2024 21:00,NODE_02,Sensor_Node_2_Factory_Area,240.44,479.14,10.994,499.5,61.22,52.93,23,30.8,82.9,3.1,361,Hazardous,NW,1007.96,1.57,High,Peak,Active,69.8,0.75,337.64,Increasing
10-07-2024 22:00,NODE_02,Sensor_Node_2_Factory_Area,94.83,179.66,4.809,473.8,76.2,25.09,15.07,30.8,72.4,3.7,171,Unhealthy,NE,1011.67,8.39,High,Normal,Active,97.5,0.84,178.07,Decreasing
10-07-2024 23:00,NODE_02,Sensor_Node_2_Factory_Area,73,117.98,4.672,490,46.69,16.54,24.99,29.2,75.8,3.7,160,Unhealthy,NE,1007.1,4.08,Medium,High,Active,78.7,0.97,162.21,Increasing
11-07-2024 00:00,NODE_02,Sensor_Node_2_Factory_Area,60.83,113.51,3.83,472.3,55.03,20.63,17.09,27.2,78.6,3.1,154,Unhealthy,N,1015.62,1.9,High,High,Active,32.5,0.8,160.81,Decreasing
11-07-2024 01:00,NODE_02,Sensor_Node_2_Factory_Area,64.74,125.98,4.396,441.4,47.87,25.44,28.78,28.9,86.1,7.3,156,Unhealthy,W,1012.94,5.49,Low,Peak,Active,38,0.98,145.25,Stable
11-07-2024 02:00,NODE_02,Sensor_Node_2_Factory_Area,55.2,130.08,3.699,497.1,47.15,20.36,20.13,28.2,66.6,3.8,150,Unhealthy for Sensitive Groups,SE,1013.11,9.1,Medium,High,Active,96.4,0.98,149.41,Stable
11-07-2024 03:00,NODE_02,Sensor_Node_2_Factory_Area,138.88,131.68,6.473,419.7,23.85,35.69,26.84,33.4,75.3,3.6,194,Unhealthy,NW,1016.35,5.7,Low,Low,Active,98.5,0.84,175.43,Stable
11-07-2024 04:00,NODE_02,Sensor_Node_2_Factory_Area,22.73,69.45,1.322,428.3,18.24,7,34.47,32.8,78,2.3,73,Moderate,E,1025.15,6.56,High,Peak,Active,25.4,0.85,72.98,Stable
11-07-2024 05:00,NODE_02,Sensor_Node_2_Factory_Area,12.37,46.99,1.248,441.8,31.74,5.15,21.41,33.2,83,1.4,52,Moderate,W,1012.24,7.65,High,High,Active,55.4,0.95,51.18,Decreasing
11-07-2024 06:00,NODE_02,Sensor_Node_2_Factory_Area,111.31,190.1,5.888,497.7,70.22,35.88,9.77,37.7,75.3,1.7,180,Unhealthy,SE,1015.53,1.29,Medium,Normal,Active,54.9,0.94,182.31,Stable
11-07-2024 07:00,NODE_02,Sensor_Node_2_Factory_Area,112.03,188.01,6.653,487.4,88.78,44.43,8.6,35.8,65.5,3.8,180,Unhealthy,S,1018.52,8.37,High,High,Active,72.8,0.71,173.15,Stable
11-07-2024 08:00,NODE_02,Sensor_Node_2_Factory_Area,125.04,213.82,5.676,518.8,89.23,40.76,18.36,36.9,62.8,5.6,187,Unhealthy,W,1011.44,1.48,High,Peak,Active,75.3,0.84,198.76,Stable
11-07-2024 09:00,NODE_02,Sensor_Node_2_Factory_Area,113.38,188.68,6.624,516.1,88.44,33.02,28.09,37.2,71.5,1.3,181,Unhealthy,SW,1017.38,1.93,Medium,High,Active,58,0.74,164.27,Decreasing
11-07-2024 10:00,NODE_02,Sensor_Node_2_Factory_Area,116.26,193.76,6.844,493,81.67,37.07,16.24,37,68.4,4.5,182,Unhealthy,N,1019.53,1.89,High,Normal,Active,31.5,0.77,172.65,Increasing
11-07-2024 11:00,NODE_02,Sensor_Node_2_Factory_Area,121.44,187.65,6.427,509.4,80.89,37.01,23.84,40.5,74.5,1.2,185,Unhealthy,W,1012.07,9.64,High,High,Active,66.1,0.87,199.48,Stable
11-07-2024 12:00,NODE_02,Sensor_Node_2_Factory_Area,129.58,182.81,7.162,511.6,76.77,30.07,22.95,37.1,58.4,7.1,189,Unhealthy,NE,1029.05,5.78,High,Normal,Active,36.4,0.72,192.43,Stable
11-07-2024 13:00,NODE_02,Sensor_Node_2_Factory_Area,107.85,194.47,6.034,505,96.02,31.79,18.35,36.3,63.7,2.4,178,Unhealthy,SW,1001.52,1.01,High,Normal,Active,40,0.81,163.9,Increasing
11-07-2024 14:00,NODE_02,Sensor_Node_2_Factory_Area,126.78,171.89,5.395,505.3,81,33.53,19.21,36.1,70.2,3.6,188,Unhealthy,SE,1007.36,9.24,Low,High,Active,49.3,0.78,184.59,Increasing
11-07-2024 15:00,NODE_02,Sensor_Node_2_Factory_Area,94.62,162.83,5.896,487.1,61.36,33.82,18.64,39.6,72,1.1,171,Unhealthy,N,1005.01,9.64,Low,Low,Active,74.5,0.75,157.81,Decreasing
11-07-2024 16:00,NODE_02,Sensor_Node_2_Factory_Area,87.17,165.12,4.366,479.7,55.9,24.64,15.34,35.6,71.1,3.5,167,Unhealthy,E,1018.89,9.74,Medium,Peak,Active,37.8,0.84,161.45,Increasing
11-07-2024 17:00,NODE_02,Sensor_Node_2_Factory_Area,93.61,168.59,4.93,491.2,63.26,29.8,17.6,33.3,79.2,2.6,171,Unhealthy,SW,1013.67,4.53,Low,Normal,Active,63.9,0.78,157.8,Decreasing
11-07-2024 18:00,NODE_02,Sensor_Node_2_Factory_Area,92.17,141.99,5.08,477.4,62.81,29.56,9.32,33.2,95,4.3,170,Unhealthy,NW,1007.51,3.89,Low,Peak,Active,79.7,0.98,166.65,Decreasing
11-07-2024 19:00,NODE_02,Sensor_Node_2_Factory_Area,75.67,149.49,4.738,504.4,68.25,26.31,22.69,32.2,68.3,1.8,161,Unhealthy,W,1016.79,6.99,High,High,Active,53.9,0.95,155.02,Decreasing
11-07-2024 20:00,NODE_02,Sensor_Node_2_Factory_Area,102.06,173.23,5.393,476.5,59.73,18.51,26.48,30.5,77.1,2.6,175,Unhealthy,NE,1010.25,3.86,Medium,High,Active,42.7,0.82,174.96,Decreasing
11-07-2024 21:00,NODE_02,Sensor_Node_2_Factory_Area,89.59,136.14,5.517,502.1,65.49,25.43,19.34,32.8,67.4,2.8,169,Unhealthy,SE,1027.78,6.03,High,High,Active,80,0.8,168.3,Stable
11-07-2024 22:00,NODE_02,Sensor_Node_2_Factory_Area,87.05,174.44,5.092,485.1,60.81,26.49,14.87,27.9,64.7,5.8,167,Unhealthy,NE,1008.98,1.9,High,High,Active,85.6,0.96,169.85,Decreasing
11-07-2024 23:00,NODE_02,Sensor_Node_2_Factory_Area,217.02,320.27,11.276,465,39.23,56.23,18.67,30.9,87.7,3.8,267,Very Unhealthy,NW,1018.53,3.56,Medium,Peak,Active,46,0.82,240.45,Stable
12-07-2024 00:00,NODE_02,Sensor_Node_2_Factory_Area,64.93,134.78,3.147,454.3,48.87,18.27,18.76,32.7,76.2,2.5,156,Unhealthy,NW,1005.96,9.21,Low,Low,Active,95.6,0.8,156.73,Stable
12-07-2024 01:00,NODE_02,Sensor_Node_2_Factory_Area,69.29,127.06,4.674,473,48.26,23.58,7.81,30.5,71.5,2.4,158,Unhealthy,S,1015.23,1.19,Medium,Normal,Active,81.7,0.92,163.12,Stable
12-07-2024 02:00,NODE_02,Sensor_Node_2_Factory_Area,60.97,113.43,3.459,462.2,56.73,21.5,16.15,31.9,78.7,2.6,154,Unhealthy,E,1009.3,5.53,High,Peak,Active,78.7,0.89,145.67,Increasing
12-07-2024 03:00,NODE_02,Sensor_Node_2_Factory_Area,29.84,34.81,1.096,426.5,15.11,9.45,29.4,32.8,81.3,1.7,88,Moderate,NW,1004.2,2.6,High,Peak,Active,36.4,0.72,86.17,Increasing
12-07-2024 04:00,NODE_02,Sensor_Node_2_Factory_Area,20.32,48.32,2.383,409,30.44,5.02,26.47,32.6,76.1,1.9,68,Moderate,SW,999.7,8.65,Low,High,Active,77,0.77,61.86,Decreasing
12-07-2024 05:00,NODE_02,Sensor_Node_2_Factory_Area,45.33,52.49,1.515,447.5,27.17,8.87,27.18,33.2,84.3,0.9,125,Unhealthy for Sensitive Groups,E,1010.29,5.72,Low,Normal,Active,64.4,0.92,131.43,Increasing
12-07-2024 06:00,NODE_02,Sensor_Node_2_Factory_Area,107.04,180.38,6.84,488.3,86.75,35.32,15.49,37.7,79.4,1.5,178,Unhealthy,E,1017.89,9.66,Low,Low,Active,72.3,0.71,179.41,Decreasing
12-07-2024 07:00,NODE_02,Sensor_Node_2_Factory_Area,118.17,193.66,6.692,508.6,84.66,34.41,17.37,34.2,74.7,3.2,183,Unhealthy,W,1012.24,5.67,Medium,Normal,Active,40,0.71,187.33,Stable
12-07-2024 08:00,NODE_02,Sensor_Node_2_Factory_Area,99.51,175.06,6.604,514.7,98.55,37.19,15.8,36.3,78.5,5.8,174,Unhealthy,S,1003.5,3.61,High,Normal,Active,90.1,0.8,180.93,Increasing
12-07-2024 09:00,NODE_02,Sensor_Node_2_Factory_Area,129.4,188.96,6.353,538.8,77.52,26.66,17.59,38.6,69.1,4.7,189,Unhealthy,SE,1020.46,2.13,Low,Peak,Active,27.1,0.87,170.88,Stable
12-07-2024 10:00,NODE_02,Sensor_Node_2_Factory_Area,110.89,197.79,6.67,469.7,84.8,29.71,15.81,36.7,73,2.2,180,Unhealthy,NW,1014.55,1.11,Medium,Normal,Active,47.8,0.91,163.18,Decreasing
12-07-2024 11:00,NODE_02,Sensor_Node_2_Factory_Area,111.96,204.73,5.601,488.9,93,34.26,5.27,40,72.7,3.2,180,Unhealthy,NW,1016.69,5.25,Medium,Peak,Active,36.7,0.81,193.08,Increasing
12-07-2024 12:00,NODE_02,Sensor_Node_2_Factory_Area,123.29,207.62,7.174,517.5,84.86,34.4,9.66,38.8,69.5,4.9,186,Unhealthy,NW,1014.68,6.28,Medium,Normal,Active,88.4,0.79,168.08,Stable
12-07-2024 13:00,NODE_02,Sensor_Node_2_Factory_Area,107.2,198.59,6.234,520.6,77.83,31.78,14.8,39.1,59.3,2.2,178,Unhealthy,SW,1027.22,2.44,Low,Normal,Active,72.6,0.83,167.06,Decreasing
12-07-2024 14:00,NODE_02,Sensor_Node_2_Factory_Area,108.03,170.22,5.095,511.6,82.76,30.41,13.42,38.1,64.6,1.3,178,Unhealthy,SE,1013.08,4.04,Medium,Normal,Active,97,0.74,191.13,Decreasing
12-07-2024 15:00,NODE_02,Sensor_Node_2_Factory_Area,86.41,143.67,4.808,473.4,60.08,27.28,15.2,35.2,72.4,1.5,167,Unhealthy,W,1007.2,4.43,High,Normal,Active,54.2,0.75,155.64,Increasing
12-07-2024 16:00,NODE_02,Sensor_Node_2_Factory_Area,97.86,152,5.153,474.5,74.67,35.75,17.58,35.2,71,4.5,173,Unhealthy,SE,1018.48,4.17,High,Low,Active,62.2,0.73,156.73,Decreasing
12-07-2024 17:00,NODE_02,Sensor_Node_2_Factory_Area,89.03,165.13,4.727,532.8,56.47,25.39,19.57,38.4,67.1,3.6,168,Unhealthy,SE,998.9,6.36,Low,Normal,Active,80.3,0.95,158.36,Decreasing
12-07-2024 18:00,NODE_02,Sensor_Node_2_Factory_Area,86.01,161.31,5.085,471.6,83.64,16.98,27.5,35.4,67.5,3.6,167,Unhealthy,NW,1013.73,5.71,Low,High,Active,88.8,0.85,181.75,Decreasing
12-07-2024 19:00,NODE_02,Sensor_Node_2_Factory_Area,102.98,122.84,4.547,466.3,61.95,28.85,14.27,29.9,76.3,6.8,176,Unhealthy,SE,1009.73,5.51,Medium,Normal,Active,47.3,0.78,188.63,Decreasing
12-07-2024 20:00,NODE_02,Sensor_Node_2_Factory_Area,89.38,165.36,5.082,505.2,61.77,25.93,25.28,34,78.4,3.9,168,Unhealthy,N,1019.7,3.41,Low,Peak,Maintenance,47.9,0.82,167.32,Stable
12-07-2024 21:00,NODE_02,Sensor_Node_2_Factory_Area,80.89,169.82,5.088,529.2,70.41,24.37,17.02,31.2,76.8,2.2,164,Unhealthy,W,1012.28,8.22,Low,Peak,Active,23.8,0.72,157.21,Decreasing
12-07-2024 22:00,NODE_02,Sensor_Node_2_Factory_Area,77.35,160.43,4.867,530.6,73.8,26.7,24.46,31.6,81,2.3,162,Unhealthy,S,1007.47,9.8,Low,High,Active,91.8,0.94,165.17,Decreasing
12-07-2024 23:00,NODE_02,Sensor_Node_2_Factory_Area,65.02,132.44,2.122,461,39.23,19.6,20.43,28.3,61.1,3.7,156,Unhealthy,E,1012.83,7.91,Medium,Low,Active,57.8,0.91,162.14,Increasing
13-07-2024 00:00,NODE_02,Sensor_Node_2_Factory_Area,40.09,87.53,3.248,434.8,29.56,8.93,16.77,32.6,79.3,1.4,112,Unhealthy for Sensitive Groups,SE,1004.15,1.86,Low,Peak,Maintenance,69.6,0.74,106.55,Decreasing
13-07-2024 01:00,NODE_02,Sensor_Node_2_Factory_Area,49.21,83.59,3.122,474.7,36.18,9.1,24.33,32.2,80.2,3.2,135,Unhealthy for Sensitive Groups,SE,1023.08,9.8,Low,Normal,Active,38.2,0.89,141.35,Stable
13-07-2024 02:00,NODE_02,Sensor_Node_2_Factory_Area,35.34,79.53,2.972,488.4,20.16,14.51,21.06,32.7,79.9,2.7,100,Moderate,E,1010.62,7.04,High,Normal,Active,53,0.72,95.78,Decreasing
13-07-2024 03:00,NODE_02,Sensor_Node_2_Factory_Area,29.46,33.59,1.802,414.2,19.99,3.34,20.79,32.7,70.9,1.4,88,Moderate,E,1016.13,1.76,Medium,Low,Maintenance,33.8,0.83,90.55,Decreasing
13-07-2024 04:00,NODE_02,Sensor_Node_2_Factory_Area,5,37.56,1.103,403.1,8.76,1,28.66,34.1,80.1,4.5,35,Good,N,1008.22,9.72,Low,Peak,Active,70,0.98,34.44,Stable
13-07-2024 05:00,NODE_02,Sensor_Node_2_Factory_Area,110.36,131.59,3.878,454.7,21.88,11.02,17.96,32.7,72.2,3.9,179,Unhealthy,S,1014.64,6.56,Medium,Peak,Active,73.7,0.77,188.24,Decreasing
13-07-2024 06:00,NODE_02,Sensor_Node_2_Factory_Area,64.29,151.92,3.754,498.4,56.11,25.11,13.27,33.7,66,4.3,156,Unhealthy,NE,1011.5,1.22,High,Normal,Active,71.7,0.76,169.93,Increasing
13-07-2024 07:00,NODE_02,Sensor_Node_2_Factory_Area,67.07,137.75,4.158,501.5,45.45,21.98,16.87,36.7,58.8,2.4,157,Unhealthy,SW,1023.56,3.02,Medium,High,Active,25.4,0.73,151.66,Increasing
13-07-2024 08:00,NODE_02,Sensor_Node_2_Factory_Area,58.67,141.94,3.509,506.9,61.78,21.53,9.88,36.2,78.4,1,153,Unhealthy,N,1003.17,5.67,Medium,Low,Active,51.2,0.88,150.77,Decreasing
13-07-2024 09:00,NODE_02,Sensor_Node_2_Factory_Area,79.44,139.69,3.429,521.9,50.89,17.45,7.17,39.3,66.6,2.8,163,Unhealthy,NE,1009.52,9.49,Low,Peak,Active,69.5,0.76,162.3,Increasing
13-07-2024 10:00,NODE_02,Sensor_Node_2_Factory_Area,66.92,115.96,3.912,505.1,59.9,17.28,22.75,36,68.3,6.4,157,Unhealthy,N,1008.95,1.46,Low,Peak,Active,20.6,0.81,164.81,Stable
13-07-2024 11:00,NODE_02,Sensor_Node_2_Factory_Area,71.03,112.2,4.728,490.7,64.53,26.07,12.25,36.1,72.6,2.7,159,Unhealthy,S,1004.61,5.08,High,High,Active,52.3,0.8,174.16,Stable
13-07-2024 12:00,NODE_02,Sensor_Node_2_Factory_Area,309.98,522.79,13.058,491.9,59.65,38.31,17.3,36.1,60.7,1.3,410,Hazardous,S,1011.23,1.81,High,Normal,Active,83.8,0.74,440.46,Increasing
13-07-2024 13:00,NODE_02,Sensor_Node_2_Factory_Area,74.45,107.7,3.813,496,57.32,29.69,13.66,40.2,78.8,1.4,161,Unhealthy,NE,1017.12,4.72,Medium,Peak,Active,93.8,0.91,174.91,Stable
13-07-2024 14:00,NODE_02,Sensor_Node_2_Factory_Area,68.62,124.37,3.981,520.9,43.76,21.26,17.65,38.8,80,2.4,158,Unhealthy,W,1007.63,2.23,High,High,Active,60.4,0.85,147.04,Stable
13-07-2024 15:00,NODE_02,Sensor_Node_2_Factory_Area,46.89,83.26,2.444,477.6,42.08,20.6,16.91,37.5,68.4,2.3,129,Unhealthy for Sensitive Groups,SE,1011.92,8.45,Medium,Normal,Active,31.5,0.98,131.72,Stable
13-07-2024 16:00,NODE_02,Sensor_Node_2_Factory_Area,169.92,334.65,10.097,503.8,53.88,33.89,19.91,36.2,68.4,0.7,220,Very Unhealthy,SW,1014.73,3.78,Medium,Peak,Active,56.3,0.87,220.33,Decreasing
13-07-2024 17:00,NODE_02,Sensor_Node_2_Factory_Area,62.06,96.03,2.996,489.6,40.01,18.97,11.5,34.2,78.3,5.4,154,Unhealthy,SE,1015.3,7.9,High,Normal,Active,74.2,0.72,140.83,Increasing
13-07-2024 18:00,NODE_02,Sensor_Node_2_Factory_Area,58.76,117.49,3.025,482.5,45.18,17.94,11.43,34.9,66.1,1.1,153,Unhealthy,SE,1008.89,2.02,Medium,Normal,Active,52.1,0.92,146.37,Decreasing
13-07-2024 19:00,NODE_02,Sensor_Node_2_Factory_Area,57.12,68.97,3.004,484.7,47.61,13.78,13.94,35.6,85.3,0.4,152,Unhealthy,W,997.53,9.65,Low,Peak,Active,22.3,0.91,148.57,Decreasing
13-07-2024 20:00,NODE_02,Sensor_Node_2_Factory_Area,61.32,116.72,3.131,498.8,47.9,14.95,19.38,31.6,77.2,2.9,154,Unhealthy,NE,1009.32,6.05,High,Peak,Active,98.3,0.77,147.56,Increasing
13-07-2024 21:00,NODE_02,Sensor_Node_2_Factory_Area,52.92,110.43,3.743,455,44.96,21.47,19.09,32.5,67.8,3.6,144,Unhealthy for Sensitive Groups,SE,1024.42,3.13,High,High,Active,39.1,0.75,140.57,Stable
13-07-2024 22:00,NODE_02,Sensor_Node_2_Factory_Area,54.41,115.22,3.481,470.9,37.06,11.21,21.84,30.4,82.7,5.5,148,Unhealthy for Sensitive Groups,E,1006.36,8.22,High,Low,Active,69.5,0.74,140.91,Decreasing
13-07-2024 23:00,NODE_02,Sensor_Node_2_Factory_Area,44.96,72.73,2.33,469,38.65,10.27,25.42,30.2,75.5,4.7,124,Unhealthy for Sensitive Groups,E,1005.69,6.2,Medium,Peak,Active,60.2,0.93,128.93,Decreasing
14-07-2024 00:00,NODE_02,Sensor_Node_2_Factory_Area,44.37,90.57,3.08,476.1,37.14,14.21,17.88,30.7,75.3,1.9,123,Unhealthy for Sensitive Groups,S,1013.22,3.18,Medium,High,Active,90.5,0.86,122.89,Increasing
14-07-2024 01:00,NODE_02,Sensor_Node_2_Factory_Area,34.69,56.76,3.511,489.3,31.08,16.13,16.05,31.1,79.4,2.2,99,Moderate,NE,1012.04,6.95,Low,Normal,Active,55.9,0.75,94.3,Increasing
14-07-2024 02:00,NODE_02,Sensor_Node_2_Factory_Area,39.76,86,2.455,440.6,29.62,10.91,13.41,29.4,64.2,4.3,111,Unhealthy for Sensitive Groups,SE,1007.88,6.7,High,Normal,Active,30.5,0.81,110.15,Increasing
14-07-2024 03:00,NODE_02,Sensor_Node_2_Factory_Area,10.43,33.62,1.267,446.6,20.35,10.6,19.88,29.1,76.5,1.5,43,Good,E,1011.91,9.65,High,High,Active,97.2,0.79,46.71,Decreasing
14-07-2024 04:00,NODE_02,Sensor_Node_2_Factory_Area,19.99,56.39,0.372,437.6,20.92,5.06,27.06,33.4,73.2,1.3,68,Moderate,SE,1011.01,7.47,Medium,High,Active,65.8,0.8,65.74,Decreasing
14-07-2024 05:00,NODE_02,Sensor_Node_2_Factory_Area,9.39,23.17,1.261,440.8,20.63,6.78,21.1,31.5,77.3,1.6,39,Good,SW,1014.23,6.98,Medium,Normal,Active,87.8,0.95,38.39,Decreasing
14-07-2024 06:00,NODE_02,Sensor_Node_2_Factory_Area,74.21,113.64,2.937,523.8,59.14,23.05,11.51,33.7,61.6,3,161,Unhealthy,N,1014.65,3.81,Medium,Peak,Active,58.5,0.83,154.47,Stable
14-07-2024 07:00,NODE_02,Sensor_Node_2_Factory_Area,72.42,113.62,4.086,484.5,65.16,24.84,12.56,34.8,80.1,2,160,Unhealthy,SE,1005.5,7.99,Low,Peak,Active,21,0.73,146.34,Decreasing
14-07-2024 08:00,NODE_02,Sensor_Node_2_Factory_Area,62.26,113.96,4.908,494.9,51.68,24.21,15.84,37.5,73.9,5.1,154,Unhealthy,S,1016.17,1.78,Low,High,Active,67.4,0.97,147.96,Stable
14-07-2024 09:00,NODE_02,Sensor_Node_2_Factory_Area,74.12,112.48,3.734,497.7,62.73,20.05,13,37.1,67.4,6.8,161,Unhealthy,W,1010.68,2.05,High,Low,Active,33.7,0.95,158.14,Decreasing
14-07-2024 10:00,NODE_02,Sensor_Node_2_Factory_Area,68.46,130.04,3.923,524,56.26,27.47,12.05,37.2,55.4,2.8,158,Unhealthy,N,1008.17,2.63,Medium,Normal,Active,81.9,0.93,171.71,Stable
14-07-2024 11:00,NODE_02,Sensor_Node_2_Factory_Area,82.2,128.72,4.217,481.7,63.33,22.3,5.76,36.8,57.8,4.8,165,Unhealthy,NW,1018.27,6.46,High,Peak,Active,82.3,0.92,176.49,Stable
14-07-2024 12:00,NODE_02,Sensor_Node_2_Factory_Area,80.99,149.12,5.116,486.5,58.93,26.59,13.38,38.4,68.4,3.2,164,Unhealthy,NE,1011.83,2.72,Medium,Peak,Active,42.7,0.74,163.85,Increasing
14-07-2024 13:00,NODE_02,Sensor_Node_2_Factory_Area,67.62,121.1,3.548,525.7,55.12,23.71,11.77,39.2,59.4,1.3,157,Unhealthy,SE,1009.84,1,Medium,Peak,Active,87.4,0.82,155.87,Decreasing
14-07-2024 14:00,NODE_02,Sensor_Node_2_Factory_Area,53.84,113.58,4.334,511.1,55.58,22.71,16.79,41.8,68.3,0.9,146,Unhealthy for Sensitive Groups,SE,1010.42,6.25,Medium,High,Active,72.8,0.87,142.94,Stable
14-07-2024 15:00,NODE_02,Sensor_Node_2_Factory_Area,53.82,99.77,2.872,501.4,45.76,15.56,23.5,34,80.7,3.2,146,Unhealthy for Sensitive Groups,N,1015.17,3.55,Low,High,Active,24.3,0.91,134.25,Increasing
14-07-2024 16:00,NODE_02,Sensor_Node_2_Factory_Area,53.23,102.17,3.017,494.8,43.81,16.88,16.05,36.1,86.6,0.8,145,Unhealthy for Sensitive Groups,S,1013.1,6.75,Low,Peak,Active,29.6,0.8,146.84,Increasing
14-07-2024 17:00,NODE_02,Sensor_Node_2_Factory_Area,67.64,107.52,3.022,482.9,30.02,19.08,18.98,34.2,73.2,0.8,157,Unhealthy,NW,1016.06,5.32,High,High,Active,66,1,143.87,Increasing
14-07-2024 18:00,NODE_02,Sensor_Node_2_Factory_Area,63.78,96.28,2.804,455.3,53.73,19.22,18.82,33.9,79.3,3,155,Unhealthy,S,1001.04,8.77,Low,Normal,Active,22.7,0.94,157.64,Increasing
14-07-2024 19:00,NODE_02,Sensor_Node_2_Factory_Area,58.34,61.35,3.961,492.7,40.13,17.69,16.86,31.1,78.8,1.4,152,Unhealthy,S,1018.78,1.21,Low,Peak,Active,62.1,0.72,150.88,Decreasing
14-07-2024 20:00,NODE_02,Sensor_Node_2_Factory_Area,91.59,82.66,3.284,445.6,52.46,17.59,22.48,30.6,65.3,3.4,170,Unhealthy,SW,1011.49,6.1,Low,Peak,Active,33.1,0.89,165.88,Decreasing
14-07-2024 21:00,NODE_02,Sensor_Node_2_Factory_Area,51.23,76.17,2.118,481.2,51.33,15.69,23.78,31.4,86.8,2.8,140,Unhealthy for Sensitive Groups,NE,1015.33,5.27,High,Low,Active,25.1,0.98,150.32,Decreasing
14-07-2024 22:00,NODE_02,Sensor_Node_2_Factory_Area,51.96,112.59,3.623,456.4,48.53,12.76,13.84,31.7,69.7,3.8,142,Unhealthy for Sensitive Groups,W,1020.38,7.08,Low,Peak,Active,38.3,0.91,132.95,Decreasing
14-07-2024 23:00,NODE_02,Sensor_Node_2_Factory_Area,39.93,79.09,2.892,492.5,24.08,15.37,25.62,31.3,76.8,4.7,112,Unhealthy for Sensitive Groups,NW,1020.22,6.12,Low,Peak,Active,83.6,0.95,118.77,Stable
15-07-2024 00:00,NODE_02,Sensor_Node_2_Factory_Area,64.26,125.54,3.947,488.7,51.17,20.11,11.98,29.7,70.6,4,156,Unhealthy,N,1003.76,9.63,Medium,Normal,Active,58.9,0.97,171.28,Increasing
15-07-2024 01:00,NODE_02,Sensor_Node_2_Factory_Area,51.36,110.61,3.929,481.1,50.15,18.85,18.57,31.3,77.6,2.9,140,Unhealthy for Sensitive Groups,NW,1018.09,3.26,Medium,High,Fault,26.6,0.9,145.59,Decreasing
15-07-2024 02:00,NODE_02,Sensor_Node_2_Factory_Area,70.25,116.56,3.33,455.6,36.76,23.8,23.91,30.3,75.1,1.9,159,Unhealthy,W,1013.59,7.06,Medium,Peak,Active,68.2,0.73,161.16,Increasing
15-07-2024 03:00,NODE_02,Sensor_Node_2_Factory_Area,18.85,58.38,1.89,458.5,21.35,6.92,27.16,32.3,69.3,6.7,65,Moderate,E,1018.19,8.14,Medium,Normal,Active,65,0.93,69.38,Stable
15-07-2024 04:00,NODE_02,Sensor_Node_2_Factory_Area,31.35,42.57,1.916,420.2,35.13,6.5,27.04,31.2,75.6,2.1,91,Moderate,NE,1002.53,5.72,Low,High,Active,45,0.84,87.97,Increasing
15-07-2024 05:00,NODE_02,Sensor_Node_2_Factory_Area,76.98,198.49,5.119,424.9,3.18,32.41,25.72,30.4,62.1,2.4,162,Unhealthy,S,1006.06,3.53,High,High,Active,88,0.83,165.54,Increasing
15-07-2024 06:00,NODE_02,Sensor_Node_2_Factory_Area,123.98,155.97,6.807,492.4,85.78,41.66,17.47,36.2,69,2.1,186,Unhealthy,S,1013.54,4.16,Low,Peak,Active,25.7,0.99,199.19,Decreasing
15-07-2024 07:00,NODE_02,Sensor_Node_2_Factory_Area,107.12,198.36,6.992,520.6,72.95,34.63,17.41,34.7,70.9,1.1,178,Unhealthy,SE,1006.6,5.09,Low,Normal,Active,23.7,0.9,171.3,Stable
15-07-2024 08:00,NODE_02,Sensor_Node_2_Factory_Area,108.45,173.47,6.161,477.5,84.82,35.23,11.42,38.7,67.5,1.9,178,Unhealthy,SW,1009.68,1.98,Low,Normal,Active,86.3,0.71,184.41,Increasing
15-07-2024 09:00,NODE_02,Sensor_Node_2_Factory_Area,112.29,194.54,6.234,505.1,89.65,33.93,9.34,34.5,76.4,3.9,180,Unhealthy,SW,1020.46,3.87,Medium,Normal,Active,98,0.98,194,Increasing
15-07-2024 10:00,NODE_02,Sensor_Node_2_Factory_Area,106.51,171.34,6.259,503.3,76.08,30.12,7.35,38.5,59.6,5,177,Unhealthy,NE,1025.38,1.63,Low,Peak,Active,71,0.91,172.68,Increasing
15-07-2024 11:00,NODE_02,Sensor_Node_2_Factory_Area,112.48,194.7,6.284,507.3,83.23,33.54,20.9,37.2,65.7,3.2,180,Unhealthy,N,1010.86,5.06,Medium,High,Active,38.4,0.87,189.65,Increasing
15-07-2024 12:00,NODE_02,Sensor_Node_2_Factory_Area,105.12,183.32,5.98,502.8,69.95,38.73,15.81,37.3,56.7,4.2,177,Unhealthy,W,1017.71,3.15,High,Normal,Active,85.1,0.74,164.41,Decreasing
15-07-2024 13:00,NODE_02,Sensor_Node_2_Factory_Area,113.46,196.81,7.167,507.5,91.54,37.85,13.75,38.1,61.2,2.9,181,Unhealthy,W,1013.02,6.11,High,Normal,Maintenance,56.7,0.86,195.18,Stable
15-07-2024 14:00,NODE_02,Sensor_Node_2_Factory_Area,110.21,195.46,5.857,528.8,76.82,30.99,15.17,35.5,76.2,2.9,179,Unhealthy,S,1017.64,8.79,Low,Normal,Active,68.3,0.72,192.93,Stable
15-07-2024 15:00,NODE_02,Sensor_Node_2_Factory_Area,86.15,159.75,4.909,462.6,66.48,26.87,13.52,35.2,68.7,3.7,167,Unhealthy,E,1015.19,2.79,Low,Peak,Maintenance,81.2,0.93,180.32,Stable
15-07-2024 16:00,NODE_02,Sensor_Node_2_Factory_Area,74.18,160.62,5.506,512.1,60.55,28.57,21.24,35.2,72.3,11.3,161,Unhealthy,SE,1004.57,4.43,Low,Low,Active,86.4,0.79,171.36,Decreasing
15-07-2024 17:00,NODE_02,Sensor_Node_2_Factory_Area,87.81,140.15,4.739,509.5,60.23,24.13,20.12,35,62.6,6.1,168,Unhealthy,N,1019.74,2.19,High,Normal,Active,61.8,0.95,160.19,Stable
15-07-2024 18:00,NODE_02,Sensor_Node_2_Factory_Area,83.84,140.57,4.799,532.4,65.08,25.27,28.51,35.3,76.3,0.8,166,Unhealthy,N,1006.85,5.38,Medium,High,Active,39,0.9,170.94,Stable
15-07-2024 19:00,NODE_02,Sensor_Node_2_Factory_Area,81.34,168.68,5.528,489.6,55.19,28.72,27.05,33.3,71.3,1.7,164,Unhealthy,SW,1004.2,5.21,High,Low,Active,78.3,1,163.13,Stable
15-07-2024 20:00,NODE_02,Sensor_Node_2_Factory_Area,81.6,151.42,5.841,510.9,61.92,33.9,22.21,33,77.6,4.9,164,Unhealthy,N,1019.19,5.31,High,Normal,Active,61.9,0.84,177.91,Decreasing
15-07-2024 21:00,NODE_02,Sensor_Node_2_Factory_Area,80.56,135.1,4.6,492.5,61.67,32.1,14.63,31.5,78.2,2.1,164,Unhealthy,NW,1009.98,9.89,High,Low,Active,72.8,0.97,163.92,Decreasing
15-07-2024 22:00,NODE_02,Sensor_Node_2_Factory_Area,82.56,151.74,4.639,483,72.44,24.25,15.96,31.3,64.7,2.2,165,Unhealthy,SW,1017.05,1.21,High,High,Active,66.5,0.72,175.9,Decreasing
15-07-2024 23:00,NODE_02,Sensor_Node_2_Factory_Area,80.84,84.54,3.855,448.8,57.13,23.18,21.42,29.3,87.4,4.1,164,Unhealthy,SW,1015.26,4.15,Medium,Peak,Maintenance,42.4,0.95,180.19,Decreasing
16-07-2024 00:00,NODE_02,Sensor_Node_2_Factory_Area,75.6,99.74,4.482,464.2,52.74,20.97,11.41,31.4,67.1,1.4,500,Hazardous,W,1006.22,6.89,High,High,Active,94.9,0.88,531.37,Stable
16-07-2024 01:00,NODE_02,Sensor_Node_2_Factory_Area,58.27,107.66,2.863,449.2,52.11,20.21,19.48,28.8,78.1,1.9,152,Unhealthy,SW,1002.39,2.75,High,High,Active,54,0.89,152.76,Stable
16-07-2024 02:00,NODE_02,Sensor_Node_2_Factory_Area,64.39,96.61,4.289,462,68.05,25.47,20.15,31.4,64.7,3.1,156,Unhealthy,NW,1022.54,7.45,Medium,Low,Active,52.7,0.74,161.25,Stable
16-07-2024 03:00,NODE_02,Sensor_Node_2_Factory_Area,35.2,37.31,1.289,434.2,21.54,8.89,24.99,28.7,90.2,5.5,100,Moderate,SE,1016.16,2.15,High,Low,Active,91.8,0.9,102.32,Decreasing
16-07-2024 04:00,NODE_02,Sensor_Node_2_Factory_Area,24.78,35.26,1.676,442.7,30.11,17.31,32.39,29.4,72.2,6.5,78,Moderate,E,1020.79,5.05,Medium,Peak,Active,30.9,0.72,80.27,Increasing
16-07-2024 05:00,NODE_02,Sensor_Node_2_Factory_Area,30.19,41.9,1.578,398.9,27.4,1.5,17.14,31.4,73,2.5,89,Moderate,S,1010.92,7.02,Medium,Peak,Active,53.5,0.75,85.04,Stable
16-07-2024 06:00,NODE_02,Sensor_Node_2_Factory_Area,119.19,188.43,6.617,482.7,83.62,35.46,12.02,33.9,60.6,7.8,184,Unhealthy,SE,1019.46,2.05,High,Low,Active,37.5,0.93,193.1,Decreasing
16-07-2024 07:00,NODE_02,Sensor_Node_2_Factory_Area,113.51,184.41,6.271,520.3,87.02,34.73,10.42,37,62.4,1.6,181,Unhealthy,SE,1022.28,9.27,Low,Low,Active,68.8,0.9,167.9,Stable
16-07-2024 08:00,NODE_02,Sensor_Node_2_Factory_Area,115.03,167.64,6.859,523.2,70.61,37.8,17.83,37.1,71.2,4.1,182,Unhealthy,E,1010.51,4.19,Medium,Peak,Active,85.9,0.88,196.38,Increasing
16-07-2024 09:00,NODE_02,Sensor_Node_2_Factory_Area,102.3,174.49,6.561,525.7,77.06,30.33,9.67,37.4,60.1,4.5,175,Unhealthy,W,1010.39,8.91,Low,Normal,Active,88.8,0.89,175.84,Decreasing
16-07-2024 10:00,NODE_02,Sensor_Node_2_Factory_Area,109.59,179.11,6.463,503.8,87.17,42.48,17.98,40.5,69.5,2.9,179,Unhealthy,W,1012.56,7.56,Medium,Peak,Active,48.6,0.94,192.7,Stable
16-07-2024 11:00,NODE_02,Sensor_Node_2_Factory_Area,103.86,175.23,7.562,491.8,78.59,33.79,16.82,39.3,50.3,2.1,176,Unhealthy,N,1011.77,2.57,High,Normal,Maintenance,71.7,0.99,177.74,Stable
16-07-2024 12:00,NODE_02,Sensor_Node_2_Factory_Area,106.7,214.01,6.507,513.1,83.66,39.05,24.09,34.3,72.5,5.7,177,Unhealthy,S,996.04,9.34,High,High,Active,57.5,0.97,190.23,Increasing
16-07-2024 13:00,NODE_02,Sensor_Node_2_Factory_Area,122.38,197.01,6.061,484.3,100.53,32.38,23.59,38.4,78.5,1.9,186,Unhealthy,NE,1006.29,3.84,High,High,Active,78.7,0.74,192.23,Decreasing
16-07-2024 14:00,NODE_02,Sensor_Node_2_Factory_Area,110.02,169.19,7.739,516.3,89.45,39.12,12.53,37.3,67.5,2.2,179,Unhealthy,NW,1013.68,5.41,High,Peak,Active,65.4,0.98,193.32,Increasing
16-07-2024 15:00,NODE_02,Sensor_Node_2_Factory_Area,103.55,146.92,4.783,460.7,48.27,21.49,23.9,36.8,72.8,2.6,176,Unhealthy,N,1013.76,7.47,High,High,Active,40.1,0.7,184.17,Increasing
16-07-2024 16:00,NODE_02,Sensor_Node_2_Factory_Area,100.91,173.74,5.591,490.6,70.83,30.28,17.57,35.4,75.7,2.7,174,Unhealthy,SW,1013.54,9.36,Medium,Peak,Active,65.3,0.72,167.55,Decreasing
16-07-2024 17:00,NODE_02,Sensor_Node_2_Factory_Area,77.63,133.6,4.847,471.3,63.17,26.42,15.23,34.6,70.1,2.4,162,Unhealthy,N,1010.19,3.84,High,Normal,Active,76.6,0.74,148.73,Increasing
16-07-2024 18:00,NODE_02,Sensor_Node_2_Factory_Area,90.61,152.11,5.39,487.8,62.67,25.13,19.45,35.9,70.6,1.1,169,Unhealthy,E,999.8,8.88,Low,Normal,Active,49.5,0.94,178.8,Decreasing
16-07-2024 19:00,NODE_02,Sensor_Node_2_Factory_Area,82.39,142.66,4.398,482.6,68.85,24.47,14.01,31.5,65.2,1.9,165,Unhealthy,NE,1012.74,2.31,Low,Peak,Maintenance,48.1,0.7,151.12,Increasing
16-07-2024 20:00,NODE_02,Sensor_Node_2_Factory_Area,80.36,149.23,4.449,484.5,62.28,25.08,20.29,31,72.2,3.8,500,Hazardous,S,1013.28,8.94,Low,Low,Active,85.2,0.78,495.07,Increasing
16-07-2024 21:00,NODE_02,Sensor_Node_2_Factory_Area,98.38,147.13,4.552,477,67.68,33.82,22.39,31.3,83.8,3,173,Unhealthy,S,1006.55,8.22,Medium,High,Active,41.5,0.92,161.24,Increasing
16-07-2024 22:00,NODE_02,Sensor_Node_2_Factory_Area,90.48,156.51,4.315,468.7,66.03,33.26,27.98,29.5,69.3,5.9,169,Unhealthy,NW,1014.12,3.95,Low,Peak,Active,77.8,0.81,159.99,Decreasing
16-07-2024 23:00,NODE_02,Sensor_Node_2_Factory_Area,72.53,150.6,4.393,455.5,70.43,24.35,16.84,33,72.6,4.5,160,Unhealthy,S,1013.54,3.6,Medium,Normal,Active,57.8,0.71,147.21,Decreasing
17-07-2024 00:00,NODE_02,Sensor_Node_2_Factory_Area,65.8,114.52,3.859,489.1,34.13,22.74,19.35,28.9,73.5,4.1,156,Unhealthy,NW,1008.76,7.76,Medium,High,Fault,97,0.94,170.9,Decreasing
17-07-2024 01:00,NODE_02,Sensor_Node_2_Factory_Area,44.9,125.65,3.744,443.6,56.15,26.84,25.97,28.7,72.6,2.5,124,Unhealthy for Sensitive Groups,E,1011.26,3.91,Low,High,Active,55.9,0.84,121.17,Stable
17-07-2024 02:00,NODE_02,Sensor_Node_2_Factory_Area,69.83,89.11,3.69,479.5,50.19,23.7,14.67,29.3,80.1,5.1,158,Unhealthy,SW,1017.02,7.71,Medium,High,Active,87.3,0.79,153.97,Decreasing
17-07-2024 03:00,NODE_02,Sensor_Node_2_Factory_Area,33.08,24.3,1.367,470.3,29.98,11.53,24.22,32.7,78.8,3.4,95,Moderate,NE,1013.76,6.92,High,Peak,Active,70.8,0.9,102.32,Stable
17-07-2024 04:00,NODE_02,Sensor_Node_2_Factory_Area,20.57,58.14,0.792,466.3,19.08,4.56,21.56,31.5,75,2.3,69,Moderate,NE,1006.41,6.38,Medium,High,Active,44.1,0.95,69.26,Increasing
17-07-2024 05:00,NODE_02,Sensor_Node_2_Factory_Area,38.05,30.28,2.979,439.9,27.66,7.77,19.98,32.2,74.3,5.1,107,Unhealthy for Sensitive Groups,N,1021.4,3.54,Medium,Normal,Active,96.5,0.85,113.32,Stable
17-07-2024 06:00,NODE_02,Sensor_Node_2_Factory_Area,106.32,216.86,6.092,486,89.66,39.73,16.15,33.1,60.6,2.2,177,Unhealthy,SW,1018.97,6.79,High,Peak,Active,76.6,0.85,190.9,Increasing
17-07-2024 07:00,NODE_02,Sensor_Node_2_Factory_Area,119.77,190.83,6.287,534.3,76.73,33.52,12.42,35.5,70.8,6.7,184,Unhealthy,SE,1007.1,5.67,High,Normal,Maintenance,37.1,0.99,186.52,Decreasing
17-07-2024 08:00,NODE_02,Sensor_Node_2_Factory_Area,111.6,177.67,7.142,496.8,92.31,48.56,11.63,36.5,68.2,4.6,180,Unhealthy,NE,1007.69,1.25,Medium,Peak,Active,45.9,0.77,197.61,Stable
17-07-2024 09:00,NODE_02,Sensor_Node_2_Factory_Area,126.25,193.18,6.35,518.6,84.65,37.93,17.07,35.9,66.1,4.5,188,Unhealthy,S,1008.2,9.21,Medium,High,Active,87.6,1,172.49,Increasing
17-07-2024 10:00,NODE_02,Sensor_Node_2_Factory_Area,119.96,216.03,6.139,507.4,82.65,31.57,18.82,38.6,60.3,0.7,184,Unhealthy,S,1015.51,5.4,Medium,Normal,Active,94.7,0.77,183.06,Increasing
17-07-2024 11:00,NODE_02,Sensor_Node_2_Factory_Area,107,183.39,5.646,504.3,75.98,36.64,17.35,38.5,68.9,2.5,178,Unhealthy,SE,1016.07,8.9,Low,Low,Active,20.1,0.74,181.71,Stable
17-07-2024 12:00,NODE_02,Sensor_Node_2_Factory_Area,103.93,199.17,6.334,525.3,87.93,43.67,15.54,35.8,68,4.6,176,Unhealthy,SE,1015.53,1.15,Low,Low,Active,97.3,0.99,175.67,Increasing
17-07-2024 13:00,NODE_02,Sensor_Node_2_Factory_Area,109.43,182.52,5.895,502.4,67.33,36.32,13.96,39.2,54.3,0.3,179,Unhealthy,N,1016.27,8.05,Medium,High,Active,67.9,0.74,190.57,Stable
17-07-2024 14:00,NODE_02,Sensor_Node_2_Factory_Area,110.05,212.07,6.738,522.7,86.38,29.35,16.83,38.1,60.3,2.9,179,Unhealthy,N,1004.29,9.59,Low,Low,Active,66.4,0.91,173.39,Increasing
17-07-2024 15:00,NODE_02,Sensor_Node_2_Factory_Area,86.99,145.89,5.821,476.1,65.34,28.48,15.45,37.9,55.8,3.9,167,Unhealthy,W,1008.63,4.04,High,Peak,Active,37.9,0.96,176.31,Increasing
17-07-2024 16:00,NODE_02,Sensor_Node_2_Factory_Area,97.09,151.83,5.771,437.5,50.15,27.63,20.93,35.2,72.5,4,172,Unhealthy,E,1000.53,6.44,Low,High,Active,44.5,0.84,173.57,Stable
17-07-2024 17:00,NODE_02,Sensor_Node_2_Factory_Area,95.85,161.32,5.172,488.7,62.9,28.58,13.28,33.9,73.5,4.2,172,Unhealthy,SW,1017.03,1.02,Low,Low,Active,62.1,0.74,163.56,Stable
17-07-2024 18:00,NODE_02,Sensor_Node_2_Factory_Area,84.3,141.67,5.345,493.8,65.69,28.2,20.48,35.5,73.2,5,166,Unhealthy,W,1018.09,4.28,Low,Peak,Active,61,0.72,162.22,Stable
17-07-2024 19:00,NODE_02,Sensor_Node_2_Factory_Area,78.46,148.9,4.916,468,70.69,31.1,22.03,31.5,74.5,7.4,163,Unhealthy,S,1018.57,4.33,High,Normal,Active,45.9,0.78,152.97,Increasing
17-07-2024 20:00,NODE_02,Sensor_Node_2_Factory_Area,89.04,151.82,5.054,506.9,61.17,28.11,23.81,30.8,70.4,3.4,168,Unhealthy,E,1009.6,9.19,Low,Normal,Active,37.4,0.83,165.8,Increasing
17-07-2024 21:00,NODE_02,Sensor_Node_2_Factory_Area,93.87,145.15,5.325,465,75.5,23.93,22.02,29.4,87.1,3.8,171,Unhealthy,S,1014.01,4.02,Medium,Peak,Active,93.1,0.84,186.29,Decreasing
17-07-2024 22:00,NODE_02,Sensor_Node_2_Factory_Area,81.45,145.8,5.725,461.3,62.31,30.78,13.31,31.3,78.2,2,164,Unhealthy,E,1014.32,7.92,Low,Normal,Active,53.7,0.88,156.2,Increasing
17-07-2024 23:00,NODE_02,Sensor_Node_2_Factory_Area,53.89,124.8,3.904,460.8,42.66,22.92,16.44,31.9,85.3,3.1,146,Unhealthy for Sensitive Groups,NW,1021.1,8.95,High,Peak,Active,29,0.83,148.76,Stable
18-07-2024 00:00,NODE_02,Sensor_Node_2_Factory_Area,62.77,109.84,3.655,473.5,53.46,26.53,20.9,27.9,75.6,0.8,155,Unhealthy,N,1000.53,9.04,Low,Normal,Maintenance,58.2,0.81,159.68,Increasing
18-07-2024 01:00,NODE_02,Sensor_Node_2_Factory_Area,78.45,92.21,4.21,462,44.22,23.18,28.6,30.6,76.2,2.8,163,Unhealthy,NE,1016.45,4.91,High,Peak,Active,57.7,0.92,164.79,Decreasing
18-07-2024 02:00,NODE_02,Sensor_Node_2_Factory_Area,55.34,109.66,3.808,426.5,60.12,16.65,19.87,31.3,85,3,150,Unhealthy for Sensitive Groups,SW,1009.97,9.68,Low,Peak,Active,41.5,0.97,147.17,Increasing
18-07-2024 03:00,NODE_02,Sensor_Node_2_Factory_Area,21.16,30.01,1.78,445.1,2,2.54,22.7,27.3,68.2,1.7,70,Moderate,W,1009.89,9.76,High,High,Active,59,0.75,70.59,Decreasing
18-07-2024 04:00,NODE_02,Sensor_Node_2_Factory_Area,29.92,53.79,0.759,414.4,26.33,15.1,20.16,32.4,79.8,1,88,Moderate,SE,1015.78,8.42,High,High,Active,67,0.7,80.51,Increasing
18-07-2024 05:00,NODE_02,Sensor_Node_2_Factory_Area,29.4,75.29,1.648,444.5,23.27,5.75,25.25,32.5,71.5,0.9,87,Moderate,S,1014.59,9.04,High,Normal,Active,94.3,0.86,82.26,Increasing
18-07-2024 06:00,NODE_02,Sensor_Node_2_Factory_Area,334.75,527.05,13.797,514,80.28,61.79,6.36,35.4,75.1,2,414,Hazardous,SW,1006.9,1.76,Low,Normal,Active,21.1,0.8,425.43,Increasing
18-07-2024 07:00,NODE_02,Sensor_Node_2_Factory_Area,115.66,178.96,6.463,528.1,92.28,37.37,10.14,34.3,84.9,6.1,182,Unhealthy,N,1015.13,4.88,Medium,Peak,Active,94,0.97,172.36,Stable
18-07-2024 08:00,NODE_02,Sensor_Node_2_Factory_Area,117.58,186.76,5.77,470.8,92.51,40.94,15.81,35.4,75.8,3.2,183,Unhealthy,W,1014.43,4.47,Medium,Peak,Active,23.7,0.77,193.26,Stable
18-07-2024 09:00,NODE_02,Sensor_Node_2_Factory_Area,98.17,172.46,6.793,492.7,74.65,39.13,10.48,34.8,70.7,5.1,173,Unhealthy,N,1021.9,2.79,Medium,Low,Active,49.1,0.79,161.24,Decreasing
18-07-2024 10:00,NODE_02,Sensor_Node_2_Factory_Area,107.6,184.54,5.382,514,83.88,40.75,19.8,38,62.4,2.7,178,Unhealthy,N,1013.5,3.93,Low,Peak,Active,44.4,0.93,190.82,Decreasing
18-07-2024 11:00,NODE_02,Sensor_Node_2_Factory_Area,106.68,209.85,7.057,500.5,84.65,32.82,15.49,39.3,62.9,3.6,177,Unhealthy,E,1016.7,3.32,High,Low,Maintenance,85.3,0.75,174.2,Stable
18-07-2024 12:00,NODE_02,Sensor_Node_2_Factory_Area,107.06,173.64,6.118,516,82.31,31.39,17.06,37.9,72.7,5.2,178,Unhealthy,SW,1003.11,6.75,Low,Peak,Active,31.2,0.92,192.11,Increasing
18-07-2024 13:00,NODE_02,Sensor_Node_2_Factory_Area,108.91,176.07,6.882,487.5,74.89,31.84,12.95,35,55.8,2.5,179,Unhealthy,NW,1009.27,3.81,Low,High,Active,21.2,0.79,168.16,Increasing
18-07-2024 14:00,NODE_02,Sensor_Node_2_Factory_Area,108.68,189.21,6.682,490.3,87.92,36.45,11.21,38.4,67.1,3.7,178,Unhealthy,NW,1006.17,3.69,High,Low,Active,54.9,0.95,178.54,Increasing
18-07-2024 15:00,NODE_02,Sensor_Node_2_Factory_Area,79.63,166.2,5.261,503,75.83,27.9,19.22,37.8,60.9,3.8,163,Unhealthy,SE,1011.69,2.54,Low,High,Active,24.6,0.96,160.81,Stable
18-07-2024 16:00,NODE_02,Sensor_Node_2_Factory_Area,82.09,192.18,5.517,484.3,52.66,28.43,20.51,36.5,61.1,4.2,165,Unhealthy,W,1022.24,3.22,High,Low,Active,98,0.97,179.11,Increasing
18-07-2024 17:00,NODE_02,Sensor_Node_2_Factory_Area,82.71,165.19,5.179,486.4,70.78,29.18,10.75,37.3,76,1.7,165,Unhealthy,N,1001.65,6.36,Medium,Normal,Active,48.1,0.85,157.51,Increasing
18-07-2024 18:00,NODE_02,Sensor_Node_2_Factory_Area,94.7,145.86,5.535,496.8,64.82,33.01,12.44,34.1,82,3.1,171,Unhealthy,E,1010.15,6.7,Low,Peak,Active,38.9,0.91,170.24,Increasing
18-07-2024 19:00,NODE_02,Sensor_Node_2_Factory_Area,91.89,151.7,4.51,484.2,71.92,24.42,13.59,33.6,78.5,5.1,170,Unhealthy,W,1011.73,4.81,Low,Normal,Active,37.8,0.84,184.68,Increasing
18-07-2024 20:00,NODE_02,Sensor_Node_2_Factory_Area,104.12,148.16,4.996,502,71.19,27.77,18.26,31.1,68.1,2.5,176,Unhealthy,N,1008.97,7.28,Medium,Low,Active,89.6,0.88,175.21,Stable
18-07-2024 21:00,NODE_02,Sensor_Node_2_Factory_Area,86.92,131.91,4.618,496.6,70.2,33.88,23.71,31.6,80.1,4.2,167,Unhealthy,NW,1020.32,2.49,High,High,Active,27.8,0.82,178.1,Decreasing
18-07-2024 22:00,NODE_02,Sensor_Node_2_Factory_Area,87.13,163.91,5.329,478.5,59.5,26.8,19.32,29.3,76.3,3.5,167,Unhealthy,E,1018.72,5.98,Low,High,Active,70.5,0.83,158.98,Decreasing
18-07-2024 23:00,NODE_02,Sensor_Node_2_Factory_Area,74.7,133.09,3.207,492.4,40.88,21.64,16.74,31.2,68.4,2.6,161,Unhealthy,NW,1018.07,7,Medium,Peak,Active,29.4,0.82,175.85,Stable
19-07-2024 00:00,NODE_02,Sensor_Node_2_Factory_Area,60.2,106.01,3.503,481.4,49.81,27.8,21.95,31.3,81.5,4.6,153,Unhealthy,SW,1010.18,6.72,Low,Normal,Active,88,0.95,149.28,Stable
19-07-2024 01:00,NODE_02,Sensor_Node_2_Factory_Area,58.81,89.13,4.083,465.8,45.19,20.53,28.9,27.6,70.5,2.7,153,Unhealthy,NE,1011.37,5.73,Medium,Normal,Active,50.5,0.84,155.51,Increasing
19-07-2024 02:00,NODE_02,Sensor_Node_2_Factory_Area,61,116.25,3.6,477.1,44.89,29.99,23.87,31.3,81,1.6,154,Unhealthy,NW,1015.14,2.1,Medium,Peak,Active,93.7,0.95,166.31,Increasing
19-07-2024 03:00,NODE_02,Sensor_Node_2_Factory_Area,19.13,40.89,1.426,452.4,20.59,10.2,16.56,28.5,70.6,3.2,66,Moderate,E,1012.86,1.61,Medium,High,Active,39.1,0.84,69.35,Stable
19-07-2024 04:00,NODE_02,Sensor_Node_2_Factory_Area,35.36,41.98,1.813,460.2,33.98,4.4,26.02,31.5,78.5,3.5,100,Moderate,S,1007.09,3.96,Medium,Peak,Active,28.9,0.92,97.83,Decreasing
19-07-2024 05:00,NODE_02,Sensor_Node_2_Factory_Area,27.92,37.75,1.582,437.7,32.81,10.28,24.55,34.1,68.2,6,84,Moderate,NW,1016.47,4.8,High,High,Active,56.1,0.98,81.53,Stable
19-07-2024 06:00,NODE_02,Sensor_Node_2_Factory_Area,114.71,182.59,6.582,517.2,77.66,33.58,14.39,37.5,67.5,1.3,182,Unhealthy,SE,999.34,2.82,Medium,High,Maintenance,55.1,0.94,178.83,Decreasing
19-07-2024 07:00,NODE_02,Sensor_Node_2_Factory_Area,112.6,199.77,5.695,531,76.72,33.34,18.86,36.2,71.8,1.9,180,Unhealthy,E,1018.44,3.21,Medium,Normal,Active,52.3,0.92,195.13,Stable
19-07-2024 08:00,NODE_02,Sensor_Node_2_Factory_Area,109.28,178.1,7.606,507.4,74.98,34.67,19.79,37.7,67.1,1.6,179,Unhealthy,SE,1022.39,1.01,Low,Low,Active,20.4,0.83,182,Stable
19-07-2024 09:00,NODE_02,Sensor_Node_2_Factory_Area,109.05,194.86,6.543,514.6,83.73,29.74,17.14,35.5,78.1,6.6,179,Unhealthy,NW,1014.16,2.48,High,High,Active,61.4,0.97,162.24,Stable
19-07-2024 10:00,NODE_02,Sensor_Node_2_Factory_Area,124.04,173.97,5.972,463.5,89.15,33.71,17.35,36.7,57.2,2.9,186,Unhealthy,E,1017.26,1.42,Low,Low,Active,92.8,0.82,197.3,Decreasing
19-07-2024 11:00,NODE_02,Sensor_Node_2_Factory_Area,111.69,175.62,6.326,514.2,82.59,31.61,26.1,35.6,79.9,5.4,180,Unhealthy,SE,1011.83,5.43,High,Normal,Active,87,0.92,181.38,Stable
19-07-2024 12:00,NODE_02,Sensor_Node_2_Factory_Area,315.19,501.36,15.944,516.1,83.33,65.86,15.31,34.7,55.7,2.4,386,Hazardous,NW,1005.78,7.38,Low,High,Active,46.5,0.75,407.75,Increasing
19-07-2024 13:00,NODE_02,Sensor_Node_2_Factory_Area,109.82,166.85,5.771,488.3,78.67,32.63,21.1,36.5,74.8,4.5,179,Unhealthy,NW,1020.1,8.22,Low,High,Active,22.2,0.94,186.57,Increasing
19-07-2024 14:00,NODE_02,Sensor_Node_2_Factory_Area,113.77,177.43,6.236,495.9,86.61,35.48,12.26,37.6,68.8,3.2,181,Unhealthy,SW,1006.72,6.81,Medium,Low,Active,81.1,0.93,163.94,Increasing
19-07-2024 15:00,NODE_02,Sensor_Node_2_Factory_Area,102.8,158,4.645,455.9,65.02,33.09,24.57,34,71.8,3,175,Unhealthy,NE,1025.29,3.4,Low,High,Active,99.8,0.98,169.68,Stable
19-07-2024 16:00,NODE_02,Sensor_Node_2_Factory_Area,91.19,127.86,5.62,518.4,66.76,29.36,25.8,34.3,62.4,4.7,169,Unhealthy,S,1009.88,4.51,Medium,High,Active,70.8,0.94,168.21,Decreasing
19-07-2024 17:00,NODE_02,Sensor_Node_2_Factory_Area,81.28,144.25,4.97,477.3,63.76,25.73,14.6,32,69.1,3.2,164,Unhealthy,S,1012.38,5.46,Low,High,Active,62.3,0.89,174.89,Increasing
19-07-2024 18:00,NODE_02,Sensor_Node_2_Factory_Area,83.52,150.33,4.933,482.6,76.04,23.39,10.28,34.2,69,1.8,165,Unhealthy,S,1012.04,3.65,High,High,Active,31.7,0.87,166.68,Decreasing
19-07-2024 19:00,NODE_02,Sensor_Node_2_Factory_Area,90.88,160.45,4.609,488.3,58.54,29.33,18.3,31.3,65.4,2,169,Unhealthy,W,1014.46,6.28,High,High,Active,65,0.72,152.22,Decreasing
19-07-2024 20:00,NODE_02,Sensor_Node_2_Factory_Area,96.1,144.39,5.771,469.9,77.51,29.5,20.4,30.5,79.4,6.4,172,Unhealthy,W,1008.53,5.44,Medium,Low,Active,48.3,0.83,180.47,Stable
19-07-2024 21:00,NODE_02,Sensor_Node_2_Factory_Area,94.11,147.46,4.053,467,59.41,30.6,16.07,30.5,72.8,3,171,Unhealthy,E,1010.03,8.15,Medium,Normal,Active,48.4,0.85,181.48,Decreasing
19-07-2024 22:00,NODE_02,Sensor_Node_2_Factory_Area,89.58,143.33,5.105,469.4,69.61,24.21,22.12,29.4,82.9,4.6,169,Unhealthy,NW,1019.27,9.12,Medium,Normal,Active,53.1,0.91,161.92,Increasing
19-07-2024 23:00,NODE_02,Sensor_Node_2_Factory_Area,81.26,124.52,3.124,471,53.91,23.99,21.69,30.4,77.8,1.5,164,Unhealthy,W,1003.41,4.44,High,Normal,Active,43.4,0.78,164.47,Stable
20-07-2024 00:00,NODE_02,Sensor_Node_2_Factory_Area,41.01,53.76,2.247,458.4,28.18,9.83,22.15,29.5,75.5,0.4,115,Unhealthy for Sensitive Groups,S,1007.91,8.9,Low,Normal,Active,76.6,0.89,106.51,Decreasing
20-07-2024 01:00,NODE_02,Sensor_Node_2_Factory_Area,31.64,69.93,3.069,489.9,35.37,12.86,23.59,29.1,76,4.3,92,Moderate,N,1006.68,5.84,Low,Peak,Active,21.3,0.7,97.6,Increasing
20-07-2024 02:00,NODE_02,Sensor_Node_2_Factory_Area,49.14,73.61,3.362,476.4,35.25,15.04,14.49,29.2,76.9,1.6,135,Unhealthy for Sensitive Groups,N,1011.36,3.37,High,Normal,Active,43.5,0.81,133.66,Decreasing
20-07-2024 03:00,NODE_02,Sensor_Node_2_Factory_Area,17.5,31.86,1.084,439.8,13.76,1,13.69,29.8,73.1,2.8,62,Moderate,W,1012.4,8.9,Low,Low,Active,69.1,0.79,66.61,Increasing
20-07-2024 04:00,NODE_02,Sensor_Node_2_Factory_Area,26.6,41.04,1.273,455.2,7.18,4.02,28.07,31.3,72.5,0.6,81,Moderate,W,1010.76,9.35,Low,Low,Active,81.7,0.85,82.6,Stable
20-07-2024 05:00,NODE_02,Sensor_Node_2_Factory_Area,32.77,32.21,1.922,404.7,9.23,7.49,25.47,29.9,72.2,3,94,Moderate,S,1013.75,9.13,Medium,Peak,Active,64.8,0.88,99.54,Increasing
20-07-2024 06:00,NODE_02,Sensor_Node_2_Factory_Area,76.34,114.48,4.282,504.8,62.43,27.75,18.04,34.1,61.9,5.4,162,Unhealthy,SW,1017.72,5.01,High,Low,Active,36.2,0.97,152.58,Decreasing
20-07-2024 07:00,NODE_02,Sensor_Node_2_Factory_Area,57.79,142.14,3.715,477.8,61.13,20.14,8.11,34.3,67.4,3.6,152,Unhealthy,S,1016.79,5.85,Medium,High,Active,40,0.99,150.49,Increasing
20-07-2024 08:00,NODE_02,Sensor_Node_2_Factory_Area,65.6,143.07,4.223,524.1,63.89,22.35,18.86,35.4,74.6,1.7,156,Unhealthy,E,1010.98,2.41,Low,Low,Active,98.3,0.76,169.12,Decreasing
20-07-2024 09:00,NODE_02,Sensor_Node_2_Factory_Area,72.22,136.94,4.922,514.9,53.95,23.09,5,35.8,73.4,2.1,160,Unhealthy,W,1013.37,9.44,Medium,Low,Active,93.6,0.93,158.97,Increasing
20-07-2024 10:00,NODE_02,Sensor_Node_2_Factory_Area,72.82,120.85,4.505,544.8,59.56,20.72,15.61,39.6,58.4,4.1,160,Unhealthy,S,1006.78,1.32,High,Low,Active,81.8,0.73,158.25,Increasing
20-07-2024 11:00,NODE_02,Sensor_Node_2_Factory_Area,66.58,132.03,3.857,514.7,57.5,24.8,15.51,37.9,60.8,2.9,157,Unhealthy,SE,1019.93,8.41,Low,Peak,Active,25.6,0.72,159.75,Increasing
20-07-2024 12:00,NODE_02,Sensor_Node_2_Factory_Area,75.89,120.45,4.583,481.6,42.38,23.28,26.27,39.8,61.1,4.1,162,Unhealthy,SW,1013.09,2.83,High,Peak,Active,74.8,0.94,163.62,Decreasing
20-07-2024 13:00,NODE_02,Sensor_Node_2_Factory_Area,75.63,130.56,4.623,476.8,45.74,23.1,10.84,36.2,67.8,3.7,161,Unhealthy,NE,997.36,3.82,High,Normal,Active,77.3,0.95,169.14,Stable
20-07-2024 14:00,NODE_02,Sensor_Node_2_Factory_Area,64.17,155.11,3.893,500.1,56.68,17.37,18.54,38,64.7,4.3,155,Unhealthy,E,1009.92,7.43,Medium,Normal,Active,38,0.92,144.39,Stable
20-07-2024 15:00,NODE_02,Sensor_Node_2_Factory_Area,59.39,133.8,2.797,463.6,44.4,10.4,21.65,37,70,4.5,153,Unhealthy,E,1006.56,1.59,Medium,Normal,Active,30.8,0.73,163.66,Decreasing
20-07-2024 16:00,NODE_02,Sensor_Node_2_Factory_Area,60.98,101.6,2.655,490.1,56.66,19.68,19.09,38.3,64.5,4.5,154,Unhealthy,W,1017.93,7.97,High,Normal,Active,24.7,0.99,159.43,Decreasing
20-07-2024 17:00,NODE_02,Sensor_Node_2_Factory_Area,64.32,109.97,3.122,482.2,50.52,11.3,16.19,36,68.6,2.2,156,Unhealthy,N,1008.43,1.48,Low,Peak,Active,29.6,0.73,166.28,Increasing
20-07-2024 18:00,NODE_02,Sensor_Node_2_Factory_Area,50.36,108.31,2.952,463.6,51.11,20.78,12.96,34.2,65.7,1.1,138,Unhealthy for Sensitive Groups,E,1007.93,8.46,Low,Peak,Active,96.5,0.96,132.02,Stable
20-07-2024 19:00,NODE_02,Sensor_Node_2_Factory_Area,55.98,109.19,3.777,491.7,46.58,12.91,25.21,32.8,67.9,5.6,151,Unhealthy,E,1008.97,5.52,Low,Normal,Active,60.4,0.84,161.98,Decreasing
20-07-2024 20:00,NODE_02,Sensor_Node_2_Factory_Area,61.3,83.61,3.707,485.9,47.19,15.51,23.63,32.3,82.1,2.7,154,Unhealthy,W,1001.46,9.26,Low,High,Active,85.2,0.99,139.87,Increasing
20-07-2024 21:00,NODE_02,Sensor_Node_2_Factory_Area,44.92,119.35,4.309,471,44.05,19.34,21.99,32.5,69.6,2.2,124,Unhealthy for Sensitive Groups,NE,1003.22,6.03,High,High,Active,68,0.81,134.42,Increasing
20-07-2024 22:00,NODE_02,Sensor_Node_2_Factory_Area,63.69,94.06,2.725,493,41.09,23.77,13.94,33.9,82.3,3.6,155,Unhealthy,SW,1015.19,2.97,Medium,High,Active,97.4,1,169.55,Decreasing
20-07-2024 23:00,NODE_02,Sensor_Node_2_Factory_Area,193.8,208.09,6.968,492.5,36.31,19.85,26.48,30.6,75.3,2.2,244,Very Unhealthy,NW,1007.2,3.12,Medium,Peak,Fault,56.3,0.84,232.71,Increasing
21-07-2024 00:00,NODE_02,Sensor_Node_2_Factory_Area,48.08,67.37,2.394,448.9,38.63,9.67,27.96,30.4,77.1,1.7,132,Unhealthy for Sensitive Groups,SE,1019.01,5.21,Low,Low,Active,47.8,0.71,125.83,Decreasing
21-07-2024 01:00,NODE_02,Sensor_Node_2_Factory_Area,42.8,98.04,1.823,446.1,39.48,10.35,17.1,29.5,84.5,0.9,119,Unhealthy for Sensitive Groups,W,1005.73,9.93,Medium,Normal,Active,34.2,0.9,111.21,Decreasing
21-07-2024 02:00,NODE_02,Sensor_Node_2_Factory_Area,49.38,72.12,2.696,475.8,25.74,10.3,10.62,32.8,73.2,6.6,135,Unhealthy for Sensitive Groups,NE,1012.38,4.28,High,Normal,Active,74.5,0.98,131.45,Increasing
21-07-2024 03:00,NODE_02,Sensor_Node_2_Factory_Area,17.98,38.42,0.554,422.2,7.2,1,24.67,34.7,73.1,1.8,63,Moderate,SW,1009.99,8.31,Low,Low,Active,46.4,0.82,68.31,Decreasing
21-07-2024 04:00,NODE_02,Sensor_Node_2_Factory_Area,20.37,43.22,0.623,445.8,13.05,7.05,27.26,30.5,71.8,5.5,68,Moderate,SW,1005.11,6.18,Low,Normal,Active,63.3,0.99,61.21,Increasing
21-07-2024 05:00,NODE_02,Sensor_Node_2_Factory_Area,21.57,27.76,1.545,402.2,15.91,1,30.61,32.7,71.5,4,71,Moderate,SW,1012.86,9.45,High,Peak,Active,60.1,0.87,73.24,Decreasing
21-07-2024 06:00,NODE_02,Sensor_Node_2_Factory_Area,76.05,119.56,4.493,509,55.2,26.53,25.06,34.4,73.7,2.6,500,Hazardous,SE,1008.11,7.75,Medium,Low,Active,87.1,0.99,461.25,Decreasing
21-07-2024 07:00,NODE_02,Sensor_Node_2_Factory_Area,78.85,118.09,4.31,508.9,66.91,29.4,8.43,35.6,74.7,0.7,163,Unhealthy,N,1012.04,1.16,Medium,Peak,Active,84.4,0.96,170.11,Decreasing
21-07-2024 08:00,NODE_02,Sensor_Node_2_Factory_Area,82.53,128.12,3.638,522.6,57.87,20.83,12.18,34.8,76.1,3.3,165,Unhealthy,SW,1014.62,1.88,Medium,High,Active,26.9,0.85,160.16,Stable
21-07-2024 09:00,NODE_02,Sensor_Node_2_Factory_Area,76.22,113.96,3.763,524.3,57.72,22.34,16.11,38.3,71.1,2,162,Unhealthy,NE,1006.67,2.53,High,High,Active,69.1,0.87,162.84,Decreasing
21-07-2024 10:00,NODE_02,Sensor_Node_2_Factory_Area,66.78,123.82,4.016,504.1,50.81,18.04,20.77,38.3,65.2,3.5,157,Unhealthy,NE,1026.79,5.4,Medium,Peak,Active,73,0.96,158.29,Decreasing
21-07-2024 11:00,NODE_02,Sensor_Node_2_Factory_Area,68.93,141.06,4.116,510.9,47.68,23.74,12.56,36.8,64.5,2.3,158,Unhealthy,NE,1008.48,8.4,High,Low,Active,23.6,0.78,144.05,Stable
21-07-2024 12:00,NODE_02,Sensor_Node_2_Factory_Area,79.95,93.93,3.893,516.4,55.96,20.28,26.53,42,65.9,1.4,164,Unhealthy,S,1016.72,8.79,High,Low,Active,56.1,0.95,160.44,Decreasing
21-07-2024 13:00,NODE_02,Sensor_Node_2_Factory_Area,63.57,129.11,4.448,522.7,57.4,24.32,10.96,36,54.1,5.5,500,Hazardous,S,1011.54,5.72,Medium,Low,Active,73.8,0.77,530.77,Increasing
21-07-2024 14:00,NODE_02,Sensor_Node_2_Factory_Area,80.71,135.23,3.976,538.5,47.96,19.42,19.83,39.6,77.6,4.3,164,Unhealthy,W,1012.54,6.52,High,Low,Active,60,0.99,177.23,Decreasing
21-07-2024 15:00,NODE_02,Sensor_Node_2_Factory_Area,65.18,94.91,2.927,491.9,31.81,17.49,15.75,37.7,69.1,3.4,156,Unhealthy,NW,1013.04,3.06,High,Peak,Active,33.8,0.72,169.73,Stable
21-07-2024 16:00,NODE_02,Sensor_Node_2_Factory_Area,52.09,108.22,2.464,500.2,38.46,16.29,25.11,36.6,67.8,2.4,142,Unhealthy for Sensitive Groups,SW,1007.71,1.72,High,Low,Active,43.2,0.92,150.79,Stable
21-07-2024 17:00,NODE_02,Sensor_Node_2_Factory_Area,65.33,88.81,3.734,492.5,30.65,25.85,15.99,33.5,70.5,1.5,156,Unhealthy,NE,1011.74,1.62,Medium,Peak,Active,32.2,0.72,156.32,Increasing
21-07-2024 18:00,NODE_02,Sensor_Node_2_Factory_Area,64.42,114.69,3.357,532.6,63.44,20.51,18.09,33.5,71.1,5,156,Unhealthy,E,1012.14,1.95,Low,Peak,Maintenance,34.3,0.81,162.32,Stable
21-07-2024 19:00,NODE_02,Sensor_Node_2_Factory_Area,69.16,108.51,3.631,506.6,49.47,20.63,27.62,31,75.3,4.6,158,Unhealthy,N,1013,3.8,Low,Low,Active,61.1,0.95,146.16,Decreasing
21-07-2024 20:00,NODE_02,Sensor_Node_2_Factory_Area,44.13,102.06,3.569,509,40.72,29.88,15.47,30.3,78.6,2.6,122,Unhealthy for Sensitive Groups,E,1009.71,4.28,Low,Low,Active,45.8,0.82,126.15,Stable
21-07-2024 21:00,NODE_02,Sensor_Node_2_Factory_Area,56.18,99.3,3.737,475,33.93,24.51,14.2,32.7,70.7,5.2,151,Unhealthy,N,1011.8,8.78,Low,Low,Active,85.9,0.85,163.74,Decreasing
21-07-2024 22:00,NODE_02,Sensor_Node_2_Factory_Area,60.03,85.76,3.593,447.9,35.28,25.7,17.55,31.6,81.3,1.3,153,Unhealthy,NW,1004.31,9.39,Low,High,Active,35.4,0.85,149.38,Stable
21-07-2024 23:00,NODE_02,Sensor_Node_2_Factory_Area,40.15,75.74,1.91,471.3,29.33,22.41,17.29,30.9,76.2,2,112,Unhealthy for Sensitive Groups,W,1010.26,2.41,Low,Low,Active,25.6,0.89,110.15,Stable
22-07-2024 00:00,NODE_02,Sensor_Node_2_Factory_Area,64.94,122.29,3.958,477.9,44.6,20.21,20.71,31.2,86.4,1.2,156,Unhealthy,W,1008.43,7.45,Medium,Normal,Active,87.7,0.84,157.02,Increasing
22-07-2024 01:00,NODE_02,Sensor_Node_2_Factory_Area,51.13,103.17,3.973,469.6,42.55,16.92,23.11,28.5,73.6,3.2,139,Unhealthy for Sensitive Groups,SW,1012.26,6.1,High,Peak,Active,47.5,0.96,145.89,Decreasing
22-07-2024 02:00,NODE_02,Sensor_Node_2_Factory_Area,78.38,112.5,4.956,465.7,58.78,18.24,17.55,33.1,73,4.3,163,Unhealthy,W,1014.25,6.08,Medium,Normal,Active,82.6,0.89,162.57,Decreasing
22-07-2024 03:00,NODE_02,Sensor_Node_2_Factory_Area,25.76,30.57,2.254,441.9,22.31,8.77,31.25,30.8,72,2.6,80,Moderate,N,1012.07,5.77,Low,Low,Active,77.5,0.94,85.06,Stable
22-07-2024 04:00,NODE_02,Sensor_Node_2_Factory_Area,43.19,60.27,1.773,463.3,10.84,11.24,25.51,31.7,73.3,3.1,120,Unhealthy for Sensitive Groups,S,1022.58,1.8,Low,High,Maintenance,25.6,0.91,119.97,Increasing
22-07-2024 05:00,NODE_02,Sensor_Node_2_Factory_Area,36.41,27.47,1.478,436.6,32.32,6.87,25.27,31.1,76.6,2.4,103,Unhealthy for Sensitive Groups,W,1003.89,2.46,Low,Low,Active,54.8,0.77,97.92,Decreasing
22-07-2024 06:00,NODE_02,Sensor_Node_2_Factory_Area,97.93,186.03,6.283,525.4,94.66,41.99,21.75,37.1,74.7,2.6,173,Unhealthy,N,1019.13,4.07,High,Low,Active,75.3,0.96,167.7,Increasing
22-07-2024 07:00,NODE_02,Sensor_Node_2_Factory_Area,113.76,203.16,6.376,529,92.27,35.34,9.98,37.1,67.6,1.3,181,Unhealthy,W,1014.95,4.7,Medium,Low,Active,50.4,0.91,192.27,Decreasing
22-07-2024 08:00,NODE_02,Sensor_Node_2_Factory_Area,107.12,204.23,6.593,491.5,70.85,38.75,13.92,36.3,68.2,1.6,178,Unhealthy,NW,1012.01,1.18,Medium,Peak,Active,85,0.89,186.58,Decreasing
22-07-2024 09:00,NODE_02,Sensor_Node_2_Factory_Area,106.6,192.09,6.607,529.3,84.37,31.23,19.37,35.5,63.7,2.3,177,Unhealthy,NE,1000.65,1.33,Medium,Normal,Active,35.4,0.9,187.79,Stable
22-07-2024 10:00,NODE_02,Sensor_Node_2_Factory_Area,120.34,199.13,5.85,532.2,91.43,37.67,5,36.2,66.9,2.3,184,Unhealthy,NW,1014.72,1.84,Low,Low,Maintenance,72.7,0.9,176.99,Increasing
22-07-2024 11:00,NODE_02,Sensor_Node_2_Factory_Area,123.24,166.48,6.309,507.5,75.31,32.52,26.58,37.3,64.4,2.9,186,Unhealthy,NW,1009.77,1.59,High,Low,Active,40.1,0.71,180.66,Increasing
22-07-2024 12:00,NODE_02,Sensor_Node_2_Factory_Area,101.91,180.07,6.546,496.5,83.09,35.83,31.74,39.1,60.3,4.2,175,Unhealthy,NE,1013.39,9.39,Low,High,Active,64,0.98,166.79,Decreasing
22-07-2024 13:00,NODE_02,Sensor_Node_2_Factory_Area,108.61,167.54,5.691,513.5,79.54,32.89,16.94,39,64.8,2.7,178,Unhealthy,SW,1003.52,2.97,Medium,Normal,Active,23.1,0.72,186.1,Stable
22-07-2024 14:00,NODE_02,Sensor_Node_2_Factory_Area,100.72,197.86,7.425,510.2,87.09,39.25,22.74,36.6,66.5,0.3,174,Unhealthy,SW,1008.5,9.65,High,High,Active,33.3,0.72,173.98,Stable
22-07-2024 15:00,NODE_02,Sensor_Node_2_Factory_Area,95.59,138.82,4.365,478.6,75.99,29.36,16.07,38.4,71.1,2.5,172,Unhealthy,W,1011.36,1.66,High,Normal,Active,74.8,0.86,181.14,Decreasing
22-07-2024 16:00,NODE_02,Sensor_Node_2_Factory_Area,79.81,154.01,5.438,442.8,60.06,35.51,16.72,38.5,61.3,1.1,500,Hazardous,N,1020.26,8.47,High,Peak,Active,77,0.95,466.31,Decreasing
22-07-2024 17:00,NODE_02,Sensor_Node_2_Factory_Area,83.75,169.72,5.061,499.8,59.56,29.86,16.83,33.5,73.2,2.4,166,Unhealthy,W,1009.45,6.31,High,Normal,Active,80.7,0.79,156.85,Decreasing
22-07-2024 18:00,NODE_02,Sensor_Node_2_Factory_Area,91.38,148.99,5.174,502.1,77.29,33.77,14.65,32,59.9,4.5,170,Unhealthy,S,1000.55,4.6,Medium,High,Active,28.2,0.88,175.2,Stable
22-07-2024 19:00,NODE_02,Sensor_Node_2_Factory_Area,93.06,137.51,5.343,455.1,70.73,30.37,12.9,33.3,86,5.5,170,Unhealthy,E,1013.7,5.6,Medium,High,Active,88.5,0.91,182.49,Stable
22-07-2024 20:00,NODE_02,Sensor_Node_2_Factory_Area,93.5,193.37,5.197,497.4,63.87,29.79,13.52,33.4,70.2,2.6,171,Unhealthy,S,1020.97,9.94,High,Normal,Active,30.1,0.79,163,Stable
22-07-2024 21:00,NODE_02,Sensor_Node_2_Factory_Area,101.33,148.52,4.561,491.2,63.47,34.42,14.34,31.8,75.7,3.8,175,Unhealthy,S,1010.21,2.33,Medium,Normal,Active,86.4,0.86,158.74,Decreasing
22-07-2024 22:00,NODE_02,Sensor_Node_2_Factory_Area,93.67,125.58,5.144,472.1,61.95,29.77,23.9,32.9,73.7,2,171,Unhealthy,NW,1007.52,5.06,Low,Normal,Active,42.9,0.83,159.93,Stable
22-07-2024 23:00,NODE_02,Sensor_Node_2_Factory_Area,43.21,120.18,3.39,475.2,44.43,16.94,15.1,30.7,69.9,4.1,120,Unhealthy for Sensitive Groups,E,1013.93,9.91,Medium,Peak,Active,36,0.89,128.46,Increasing
23-07-2024 00:00,NODE_02,Sensor_Node_2_Factory_Area,70.37,138.88,4.676,440.3,40.97,23.52,15.46,30.9,67.7,2.1,159,Unhealthy,NE,1003.55,6.8,Medium,Normal,Active,25.8,0.95,164.24,Stable
23-07-2024 01:00,NODE_02,Sensor_Node_2_Factory_Area,65.43,112.36,3.775,479.9,45.72,15.89,8.18,32.1,82.8,0.3,156,Unhealthy,W,1012.88,9.91,Medium,Low,Active,88.5,0.93,143.06,Increasing
23-07-2024 02:00,NODE_02,Sensor_Node_2_Factory_Area,65.8,113.28,4.053,486.4,36.28,14.48,11.17,30,78.3,2.8,156,Unhealthy,SW,1011.07,2.02,High,Normal,Active,97.4,1,156.46,Stable
23-07-2024 03:00,NODE_02,Sensor_Node_2_Factory_Area,35.6,49.33,1.727,433.9,13.12,6.2,24.32,28.6,71.1,3.3,101,Unhealthy for Sensitive Groups,W,1010.45,2.37,Medium,Normal,Active,68.8,0.79,102.33,Decreasing
23-07-2024 04:00,NODE_02,Sensor_Node_2_Factory_Area,90.83,131.38,4.828,451,20.84,36.2,29.74,30.9,75.8,2,169,Unhealthy,SE,1010.75,3.56,High,Normal,Maintenance,78.6,0.98,173.56,Stable
23-07-2024 05:00,NODE_02,Sensor_Node_2_Factory_Area,36.28,37.28,2.193,434.2,15.61,13.8,20.64,34.3,76.4,1.7,103,Unhealthy for Sensitive Groups,S,1007.95,6.68,High,Normal,Active,96.4,0.94,104.81,Increasing
23-07-2024 06:00,NODE_02,Sensor_Node_2_Factory_Area,119.93,197.01,6.014,509.4,91.04,36.45,17.19,35.5,81.2,1.4,184,Unhealthy,NE,1008.9,3.8,High,High,Active,82,0.79,200.82,Stable
23-07-2024 07:00,NODE_02,Sensor_Node_2_Factory_Area,109.04,171.28,5.749,492.6,77.46,29.27,25.24,35.8,67.3,0.9,179,Unhealthy,N,1007.54,6.66,Medium,Normal,Active,65.5,0.79,170.9,Decreasing
23-07-2024 08:00,NODE_02,Sensor_Node_2_Factory_Area,109.74,164.99,6.979,469.9,87.57,28.65,13.93,37.9,59.2,4.2,179,Unhealthy,S,1013.6,1.46,High,Normal,Active,68.4,0.85,187.18,Stable
23-07-2024 09:00,NODE_02,Sensor_Node_2_Factory_Area,108.81,190.98,6.648,494,97.53,29.56,21.81,37.1,71.5,4,179,Unhealthy,S,1012.42,3,Medium,High,Active,72.7,0.84,185.67,Increasing
23-07-2024 10:00,NODE_02,Sensor_Node_2_Factory_Area,103.51,185.99,5.674,499.6,86.26,38.43,17.96,34.8,63.4,2.3,176,Unhealthy,NW,1009.08,4.98,Medium,Peak,Active,61.3,0.8,159.44,Increasing
23-07-2024 11:00,NODE_02,Sensor_Node_2_Factory_Area,104.7,190.02,7.107,487.8,76.1,33.6,17.69,39.7,65.7,2.4,176,Unhealthy,W,1015.15,5.26,Low,Peak,Active,44.8,0.74,185.06,Increasing
23-07-2024 12:00,NODE_02,Sensor_Node_2_Factory_Area,111.51,203.93,7.308,483.7,84.98,31.88,11.51,36.5,64,2.8,180,Unhealthy,N,1014.84,5.1,High,Peak,Active,41.2,0.73,178.15,Stable
23-07-2024 13:00,NODE_02,Sensor_Node_2_Factory_Area,102.94,203.83,6.07,545.2,86.37,39.35,13.04,39.3,68.2,1.5,175,Unhealthy,NW,1022.57,5.8,High,Low,Active,52.3,0.94,182.83,Decreasing
23-07-2024 14:00,NODE_02,Sensor_Node_2_Factory_Area,108.1,185.48,6.835,500.8,70.55,38.58,22.47,35,77.6,1.7,178,Unhealthy,SE,1017.39,4.76,Medium,Peak,Active,46.4,0.77,183.44,Increasing
23-07-2024 15:00,NODE_02,Sensor_Node_2_Factory_Area,396.63,666.86,14.19,475,57.99,69.17,25.73,37.4,73.9,3.5,500,Hazardous,SE,1011.89,9.13,Medium,Normal,Active,57.3,0.82,525.98,Increasing
23-07-2024 16:00,NODE_02,Sensor_Node_2_Factory_Area,87.81,157.84,4.769,457.8,68.96,22.93,28.87,37.7,68.1,4.5,168,Unhealthy,E,1005.7,8.26,Medium,Low,Active,80.1,0.97,184.34,Decreasing
23-07-2024 17:00,NODE_02,Sensor_Node_2_Factory_Area,441.47,578.09,15.904,479.7,66.75,66.77,20.68,33.5,71.2,3.1,471,Hazardous,SW,1013.53,4.81,Medium,Low,Maintenance,27.9,0.72,467.15,Stable
23-07-2024 18:00,NODE_02,Sensor_Node_2_Factory_Area,87.35,154.68,4.944,457.5,58.88,30.63,15.61,34.8,72.1,1.2,500,Hazardous,N,1004.88,8.4,Medium,Peak,Active,78.4,0.98,489.2,Stable
23-07-2024 19:00,NODE_02,Sensor_Node_2_Factory_Area,86.42,157.61,4.91,532.7,59.26,27.37,16.82,30.9,77.9,2.4,167,Unhealthy,NW,1015.96,8.06,Low,Normal,Active,35.6,0.99,166.09,Decreasing
23-07-2024 20:00,NODE_02,Sensor_Node_2_Factory_Area,93.56,143.09,5.068,499.2,64.65,27.31,30.72,28.8,67.3,2.6,171,Unhealthy,NE,1010.12,5.83,High,Normal,Active,80,0.97,173.61,Increasing
23-07-2024 21:00,NODE_02,Sensor_Node_2_Factory_Area,79.26,155.36,4.883,497.9,67.11,29.81,24.84,31.8,71.8,4.5,163,Unhealthy,NE,1019.31,6.1,Low,High,Active,55.5,0.77,174.94,Decreasing
23-07-2024 22:00,NODE_02,Sensor_Node_2_Factory_Area,90.5,185.86,5.402,489.7,57.61,31.7,22.76,31,77.9,4,169,Unhealthy,SE,1005.48,5.31,Low,Peak,Active,44.9,0.78,168.21,Increasing
23-07-2024 23:00,NODE_02,Sensor_Node_2_Factory_Area,88.66,114.94,3.774,480.4,49.47,21.4,23.12,29.4,79.1,1.4,168,Unhealthy,E,1011.69,5.95,Low,Peak,Active,99.1,1,169.05,Decreasing
24-07-2024 00:00,NODE_02,Sensor_Node_2_Factory_Area,66.64,127.54,3.534,433,48.23,23.19,25.62,29,81.3,1.8,157,Unhealthy,SW,1013.24,5.59,High,Normal,Active,69.3,0.76,167.92,Decreasing
24-07-2024 01:00,NODE_02,Sensor_Node_2_Factory_Area,75.08,104.43,4.058,498.3,50.5,20.94,13.95,29.6,73.5,1.7,161,Unhealthy,E,1008.24,3.48,Low,Normal,Active,32.5,0.92,158.6,Stable
24-07-2024 02:00,NODE_02,Sensor_Node_2_Factory_Area,63.37,99.87,4.31,453.5,46.39,22.73,18.53,34.1,82.8,2.4,155,Unhealthy,W,1020.35,4.06,High,Peak,Active,32.4,0.96,141.58,Stable
24-07-2024 03:00,NODE_02,Sensor_Node_2_Factory_Area,27.64,64.74,1.856,436.2,24.96,11.75,22.92,31.7,82.5,2,84,Moderate,NE,1028.95,9.77,High,Low,Active,28.2,0.85,85.26,Increasing
24-07-2024 04:00,NODE_02,Sensor_Node_2_Factory_Area,128.37,287.26,6.848,416.6,25.11,27.89,30.82,32,72.8,1.9,189,Unhealthy,SW,1018.2,9.75,Low,Low,Active,65.5,0.94,188.84,Decreasing
24-07-2024 05:00,NODE_02,Sensor_Node_2_Factory_Area,16.55,52.75,1.344,414.2,14.76,9.69,27.41,34.6,78.2,2.3,60,Moderate,SW,1007.15,1.67,High,High,Active,88.1,0.71,60.68,Decreasing
24-07-2024 06:00,NODE_02,Sensor_Node_2_Factory_Area,116.02,182.76,5.679,515,85.25,39.54,13.33,34,61.2,2.3,182,Unhealthy,W,1005.46,8.56,Medium,Peak,Active,47.4,0.71,193.02,Stable
24-07-2024 07:00,NODE_02,Sensor_Node_2_Factory_Area,125.69,175.57,6.503,489.7,91.55,37.26,8.55,36.2,75.9,1.8,187,Unhealthy,E,1010.14,8.6,Low,Low,Active,21.7,0.92,181.42,Decreasing
24-07-2024 08:00,NODE_02,Sensor_Node_2_Factory_Area,113.19,199.22,5.898,521.6,79.98,40.73,8.1,34.9,67.7,0.5,181,Unhealthy,SW,1011.02,6.92,Medium,Low,Maintenance,94.2,0.71,178.85,Stable
24-07-2024 09:00,NODE_02,Sensor_Node_2_Factory_Area,102.07,187.06,6.198,481.8,83.84,35.5,10.96,38.7,69.6,8.7,175,Unhealthy,SE,1009.24,9.2,Low,Normal,Active,59.2,0.85,158.34,Stable
24-07-2024 10:00,NODE_02,Sensor_Node_2_Factory_Area,115.76,178.68,5.246,536.4,85.18,37.45,17.6,38.1,60.4,0.8,182,Unhealthy,SE,1004,9.44,Low,Peak,Active,93.1,0.82,179.26,Decreasing
24-07-2024 11:00,NODE_02,Sensor_Node_2_Factory_Area,101.77,175.64,6.676,483.2,73.3,33.43,14.64,37.8,63.3,5.9,175,Unhealthy,E,1015.09,4.22,High,High,Active,25.9,0.87,164.28,Decreasing
24-07-2024 12:00,NODE_02,Sensor_Node_2_Factory_Area,113.87,206.34,6.425,525.9,87.85,32.18,11.77,36.7,64.9,2.4,181,Unhealthy,SE,1009.06,9.4,High,Normal,Active,25.2,0.83,167.13,Decreasing
24-07-2024 13:00,NODE_02,Sensor_Node_2_Factory_Area,107.77,193.47,5.816,509.3,80.65,33.79,12.77,40.1,59.1,2.8,178,Unhealthy,SW,1013.82,4.48,Medium,High,Active,93.3,0.91,189.38,Increasing
24-07-2024 14:00,NODE_02,Sensor_Node_2_Factory_Area,99.12,185.83,5.232,536,81.42,40.46,22.73,36.6,67,2.8,174,Unhealthy,W,1026.72,4.77,Medium,Normal,Active,55.4,0.93,178.12,Decreasing
24-07-2024 15:00,NODE_02,Sensor_Node_2_Factory_Area,89.48,151.25,4.42,470.9,63.7,34.01,27.87,37.6,69.9,1.7,500,Hazardous,SE,1000.76,5.89,Low,High,Active,54.9,0.74,508.04,Decreasing
24-07-2024 16:00,NODE_02,Sensor_Node_2_Factory_Area,99.12,131.97,4.893,498.8,63.83,38.67,21.74,37.5,64.4,3.9,174,Unhealthy,E,1011.59,9.11,Medium,High,Active,31.1,0.94,178.52,Decreasing
24-07-2024 17:00,NODE_02,Sensor_Node_2_Factory_Area,95.72,121.31,4.73,493.1,69.76,28.62,10.76,35.3,72.3,0.3,172,Unhealthy,SE,1012.34,3.86,Low,Low,Active,50.4,0.86,156.82,Increasing
24-07-2024 18:00,NODE_02,Sensor_Node_2_Factory_Area,95.54,149.84,4.495,512.3,76.63,28.64,22.78,31.7,71.1,0.6,500,Hazardous,NW,1012.03,6.98,Medium,Peak,Active,92.2,0.86,471.78,Increasing
24-07-2024 19:00,NODE_02,Sensor_Node_2_Factory_Area,74.29,167.74,4.372,479.6,68.71,32.1,21.04,34.7,78.4,2.4,161,Unhealthy,N,1011.61,4.62,High,High,Active,64.5,0.83,168.54,Stable
24-07-2024 20:00,NODE_02,Sensor_Node_2_Factory_Area,84.12,158.32,5.907,477.9,80.96,30.21,14.84,30.3,79.4,4.1,166,Unhealthy,SE,1013.4,6.93,Low,High,Active,88.1,0.94,168.08,Increasing
24-07-2024 21:00,NODE_02,Sensor_Node_2_Factory_Area,82.88,154.79,6.076,494.1,62.97,25.81,26.74,30.4,79.8,5.7,500,Hazardous,S,1005.16,8.5,Low,High,Active,53.3,0.88,475.86,Stable
24-07-2024 22:00,NODE_02,Sensor_Node_2_Factory_Area,276.99,435.53,12.352,492.5,64.03,51.57,15.15,28.8,80.7,0.3,322,Hazardous,NE,1011.94,3.96,Medium,High,Active,69.5,1,334.41,Stable
24-07-2024 23:00,NODE_02,Sensor_Node_2_Factory_Area,69.71,112.76,4.377,472.9,50.32,22.55,15.16,28.4,68.3,5.2,158,Unhealthy,N,1008.87,3.13,Low,Peak,Maintenance,92.4,0.83,149.44,Decreasing
25-07-2024 00:00,NODE_02,Sensor_Node_2_Factory_Area,72.12,130.01,4.567,471.6,49.95,27.5,17.29,28.2,76,1,160,Unhealthy,E,1005.46,8.92,Low,Peak,Active,51.1,0.78,151.29,Decreasing
25-07-2024 01:00,NODE_02,Sensor_Node_2_Factory_Area,62.35,119.18,3.555,491.1,42.04,21.04,19.13,30.5,83.4,2,155,Unhealthy,NE,1009.92,4.57,Medium,Normal,Active,23.3,0.95,149.95,Decreasing
25-07-2024 02:00,NODE_02,Sensor_Node_2_Factory_Area,71.53,125.8,3.975,476,54.93,15.02,19.05,31.1,75.4,1.6,159,Unhealthy,S,1000.93,7.28,High,Normal,Active,53.3,0.84,167.68,Decreasing
25-07-2024 03:00,NODE_02,Sensor_Node_2_Factory_Area,25.19,52.75,1.799,445.9,15.45,3.33,29.02,30.1,71.4,4,79,Moderate,NE,996.41,6.36,Medium,Low,Active,51.5,0.98,85.53,Stable
25-07-2024 04:00,NODE_02,Sensor_Node_2_Factory_Area,29.2,52.3,1.945,436.7,28.09,4.21,19.57,30.3,77.5,2.1,87,Moderate,SE,1013.19,8.31,Low,Low,Active,99.1,0.83,84.35,Increasing
25-07-2024 05:00,NODE_02,Sensor_Node_2_Factory_Area,113.9,235.57,3.618,442.8,16.2,28.99,28.14,30.9,72,5.6,181,Unhealthy,NE,1009.09,1.46,Medium,Peak,Active,40.9,0.78,166.83,Stable
25-07-2024 06:00,NODE_02,Sensor_Node_2_Factory_Area,104.61,159.19,7.443,544.5,88.39,31.86,29.67,31.9,74.4,3,176,Unhealthy,NW,1013.24,2.09,High,High,Active,85.9,0.79,173.69,Stable
25-07-2024 07:00,NODE_02,Sensor_Node_2_Factory_Area,96.3,195.03,6.459,531.9,83.66,39.25,12.09,37,78.7,5.2,172,Unhealthy,E,1016.53,5.07,High,Normal,Active,71.3,0.74,161.59,Increasing
25-07-2024 08:00,NODE_02,Sensor_Node_2_Factory_Area,104.41,186.91,6.769,513.7,71.9,31.45,13.06,36.3,63.5,3,176,Unhealthy,SE,1020.16,2.61,Medium,Low,Fault,38.8,0.78,183.71,Increasing
25-07-2024 09:00,NODE_02,Sensor_Node_2_Factory_Area,98.69,192.83,5.679,523.6,94.46,36.85,19.12,38.8,71.4,2,173,Unhealthy,NW,1016.18,5.52,Low,Peak,Active,80.7,0.75,159.97,Increasing
25-07-2024 10:00,NODE_02,Sensor_Node_2_Factory_Area,88.17,202.06,6.288,496.8,90.81,32.18,15.82,37.5,70.9,1.4,168,Unhealthy,SE,1016.09,3.91,High,High,Active,89.7,0.94,158.97,Stable
25-07-2024 11:00,NODE_02,Sensor_Node_2_Factory_Area,112.73,184.7,6.57,496,78.2,41.15,12.63,37.2,73.6,3.7,181,Unhealthy,S,1011.93,7.48,Medium,Peak,Maintenance,39.4,0.97,180.92,Stable
25-07-2024 12:00,NODE_02,Sensor_Node_2_Factory_Area,113.27,188.74,6.206,484.7,88.4,40.41,20.98,38.6,54.1,0.8,181,Unhealthy,W,1020.07,8.09,Low,Normal,Maintenance,28.6,0.86,168.21,Increasing
25-07-2024 13:00,NODE_02,Sensor_Node_2_Factory_Area,116.16,199.21,6.513,523.2,86.39,34.93,14.26,38.8,58.2,2.3,182,Unhealthy,SW,1007.01,7.24,High,Peak,Active,49.6,0.85,195.81,Increasing
25-07-2024 14:00,NODE_02,Sensor_Node_2_Factory_Area,113.37,199.03,6.015,485.3,90.67,33.14,19.22,37.4,63.6,4.3,181,Unhealthy,NW,1009.55,3.23,High,Normal,Fault,40.3,0.77,173.88,Decreasing
25-07-2024 15:00,NODE_02,Sensor_Node_2_Factory_Area,92.64,141.71,4.458,486.7,70.53,28.05,27.39,38.6,64.6,4.8,500,Hazardous,NE,1004.02,3.72,High,Normal,Active,32.2,0.79,475.39,Stable
25-07-2024 16:00,NODE_02,Sensor_Node_2_Factory_Area,88.51,126.73,5.646,474.8,68.59,27.77,10.95,37.3,62.6,1.9,168,Unhealthy,SW,1014.12,1.4,Low,Low,Active,41.5,0.71,184.43,Stable
25-07-2024 17:00,NODE_02,Sensor_Node_2_Factory_Area,83.85,172.87,4.627,465.9,67.53,35.34,18.37,36.5,62.4,1.6,166,Unhealthy,NW,1008.77,8.33,Medium,Low,Active,96.3,0.99,152.5,Decreasing
25-07-2024 18:00,NODE_02,Sensor_Node_2_Factory_Area,77.91,129.72,4.999,515.4,68.73,26.07,8.21,33.4,69.4,5.5,163,Unhealthy,S,1014.36,5.55,Low,High,Active,69.8,0.9,146.84,Decreasing
25-07-2024 19:00,NODE_02,Sensor_Node_2_Factory_Area,91.08,162.75,5.085,486,67.44,21.82,22,35.5,73.9,2.9,169,Unhealthy,W,1013.72,3.69,Medium,Peak,Active,88.3,0.86,160.85,Decreasing
25-07-2024 20:00,NODE_02,Sensor_Node_2_Factory_Area,84.52,152.38,4.964,448.2,67.87,37.7,11.72,33.6,77.4,3.2,166,Unhealthy,SE,1024.26,7.08,Low,Normal,Maintenance,96.7,0.77,157.46,Increasing
25-07-2024 21:00,NODE_02,Sensor_Node_2_Factory_Area,80.65,157.05,4.366,503.7,63.74,30.77,21.92,32.5,70.3,2.7,164,Unhealthy,SE,1006.48,9.63,Medium,Normal,Active,98.2,0.98,160.88,Stable
25-07-2024 22:00,NODE_02,Sensor_Node_2_Factory_Area,95.16,145.01,5.146,484.8,70.47,32.99,15.34,29.2,64.8,0.3,171,Unhealthy,W,1012.69,1.74,High,High,Fault,26.6,0.98,162.5,Increasing
25-07-2024 23:00,NODE_02,Sensor_Node_2_Factory_Area,67.44,111.63,3.894,467.2,55.71,19.57,22.55,30.1,72,4.4,157,Unhealthy,S,1011.18,7.73,Medium,Normal,Fault,59.2,0.71,142.85,Stable
26-07-2024 00:00,NODE_02,Sensor_Node_2_Factory_Area,72.59,124.34,3.756,428.6,38.75,20.55,13.21,31.7,73.1,3.3,160,Unhealthy,W,1020.19,4.92,High,Low,Active,80.7,0.89,151.94,Decreasing
26-07-2024 01:00,NODE_02,Sensor_Node_2_Factory_Area,63.8,118.85,3.951,455.4,55.73,22.45,20.12,31.1,81.7,3.9,155,Unhealthy,SE,1010.43,3.87,Low,Low,Active,21.2,0.79,145.48,Stable
26-07-2024 02:00,NODE_02,Sensor_Node_2_Factory_Area,65.32,115.17,3.182,445.9,40.22,31.17,32.14,28,68.1,3.7,156,Unhealthy,W,1004.28,4.92,Medium,High,Active,89.8,0.87,156.44,Decreasing
26-07-2024 03:00,NODE_02,Sensor_Node_2_Factory_Area,23.4,77.84,1.448,424.9,21.39,8.3,24.86,31.3,89,1.3,75,Moderate,SW,1002.07,2.82,Low,High,Active,74.5,0.98,70.06,Increasing
26-07-2024 04:00,NODE_02,Sensor_Node_2_Factory_Area,25.18,57.66,1.9,447.3,9.11,2.76,24.34,32.7,70,1.7,78,Moderate,SW,1012.22,2.74,Medium,High,Active,71.9,0.92,75.42,Stable
26-07-2024 05:00,NODE_02,Sensor_Node_2_Factory_Area,39.45,86.42,1.367,430.9,18.09,9.17,19.63,34.1,78.8,1.9,111,Unhealthy for Sensitive Groups,NE,1019.62,3.87,Low,High,Active,99.5,0.95,112,Increasing
26-07-2024 06:00,NODE_02,Sensor_Node_2_Factory_Area,106.41,198.58,6.508,490.6,69.83,34.42,18.61,34.7,62.9,2.8,177,Unhealthy,N,1011.14,9.08,Medium,Low,Active,56.1,0.99,181.03,Stable
26-07-2024 07:00,NODE_02,Sensor_Node_2_Factory_Area,116.7,187.15,6.138,498.6,92.48,32.86,17.21,34.6,71.6,4.9,183,Unhealthy,SW,1016.77,1.49,Low,High,Active,67.7,0.87,167.37,Decreasing
26-07-2024 08:00,NODE_02,Sensor_Node_2_Factory_Area,107.71,201.49,6.92,511.7,82.49,39.15,12.25,36.6,65.9,3.9,178,Unhealthy,W,1011.57,3.71,Medium,Peak,Active,20.1,0.97,169.33,Decreasing
26-07-2024 09:00,NODE_02,Sensor_Node_2_Factory_Area,111.72,172.4,6.336,478.4,92.14,42.22,10.05,37.3,66,4.1,180,Unhealthy,S,1007.55,3.23,High,Peak,Active,43,0.84,172.14,Stable
26-07-2024 10:00,NODE_02,Sensor_Node_2_Factory_Area,113.08,179.28,6.055,498.6,78.91,39.04,20.23,39.4,64.3,2.5,181,Unhealthy,E,1019.35,6.41,Low,Normal,Active,52.4,0.8,165.61,Stable
26-07-2024 11:00,NODE_02,Sensor_Node_2_Factory_Area,119.23,183.18,6.346,519.8,93.38,29.08,12.65,39.6,61.1,4,184,Unhealthy,N,998.77,2.86,Medium,Low,Active,78.7,0.89,194.56,Stable
26-07-2024 12:00,NODE_02,Sensor_Node_2_Factory_Area,116.22,201.06,6.187,500.2,81.58,36.9,5.34,38.7,76.3,4.2,182,Unhealthy,E,1008.82,1.1,Low,Low,Active,20.6,0.89,178.32,Increasing
26-07-2024 13:00,NODE_02,Sensor_Node_2_Factory_Area,111.58,197.43,6.972,503.8,82.83,30.5,16.23,36.1,62.9,4.1,180,Unhealthy,SE,1013.01,2.38,Low,Peak,Active,23.8,0.75,191.77,Stable
26-07-2024 14:00,NODE_02,Sensor_Node_2_Factory_Area,113.71,207,5.575,534.3,78.06,37.2,12.67,37.9,66.9,3,181,Unhealthy,N,1006.19,4.26,Medium,Normal,Active,38.5,0.8,174.03,Stable
26-07-2024 15:00,NODE_02,Sensor_Node_2_Factory_Area,97.1,150.33,5.886,456.5,63.14,27.88,17.01,35.7,71.9,0.3,172,Unhealthy,SE,1013.86,8.23,Medium,Peak,Active,68,0.79,163.08,Decreasing
26-07-2024 16:00,NODE_02,Sensor_Node_2_Factory_Area,99.27,145.75,5.634,482.1,65.43,25.76,11.12,35,58.3,5,174,Unhealthy,NW,1017.64,8.62,High,Normal,Active,37.7,0.95,191.17,Increasing
26-07-2024 17:00,NODE_02,Sensor_Node_2_Factory_Area,90.05,147.59,5.662,473.9,65.4,33.67,22.85,35.2,64.2,7.3,169,Unhealthy,SE,1011.02,6.82,High,Normal,Active,92.8,0.91,179.9,Decreasing
26-07-2024 18:00,NODE_02,Sensor_Node_2_Factory_Area,92.69,147.96,4.86,511,77.46,25.25,26.98,33.9,76.7,6.5,170,Unhealthy,NW,1010.07,4.72,Medium,Low,Active,68.6,0.99,186.33,Increasing
26-07-2024 19:00,NODE_02,Sensor_Node_2_Factory_Area,102.65,149.72,5.251,500,78.26,28.88,22.45,31.8,64.7,1.7,175,Unhealthy,NW,1009.58,6.86,Low,Low,Active,80.1,0.89,175.33,Stable
26-07-2024 20:00,NODE_02,Sensor_Node_2_Factory_Area,95.8,150.97,4.815,471,64.28,32.47,13.95,31.8,72.7,6.5,172,Unhealthy,NW,1008.02,2.76,Medium,Low,Active,81,0.75,180.46,Increasing
26-07-2024 21:00,NODE_02,Sensor_Node_2_Factory_Area,90.83,177.77,4.794,492.7,67.09,26.94,18.65,33.9,75.8,0.6,169,Unhealthy,W,1011.3,8.12,Low,Peak,Active,34.7,0.76,153.13,Stable
26-07-2024 22:00,NODE_02,Sensor_Node_2_Factory_Area,91.32,138,5.181,495,61.26,35.19,26.21,33.9,80.6,3.6,169,Unhealthy,SW,1009.5,4.99,High,Normal,Active,25.8,0.86,175.12,Decreasing
26-07-2024 23:00,NODE_02,Sensor_Node_2_Factory_Area,69.32,112.91,3.874,485.7,50.52,21,23.59,29.2,87.3,1.3,158,Unhealthy,S,1010.74,9.69,Low,Low,Active,73.1,0.76,151.45,Decreasing
27-07-2024 00:00,NODE_02,Sensor_Node_2_Factory_Area,42.97,84.81,2.095,468.2,30,12.63,15.11,31.6,80.9,1.4,119,Unhealthy for Sensitive Groups,W,1027.67,3.32,High,Normal,Active,39.6,0.87,126.29,Decreasing
27-07-2024 01:00,NODE_02,Sensor_Node_2_Factory_Area,31.55,79.68,2.423,488.6,39.51,22.87,9.67,32.2,82.6,1.1,92,Moderate,W,1007.1,6.75,Low,High,Active,28.6,0.79,94.14,Decreasing
27-07-2024 02:00,NODE_02,Sensor_Node_2_Factory_Area,42.19,77.57,2.226,440.1,29.12,12.98,23.65,28.8,81.1,1.1,117,Unhealthy for Sensitive Groups,E,1013.38,8.68,Medium,High,Active,79.9,0.84,127.5,Stable
27-07-2024 03:00,NODE_02,Sensor_Node_2_Factory_Area,8.24,36.44,1.316,435.2,13.97,8.64,22.09,31.6,74.1,3.3,34,Good,W,1012.81,3.22,High,High,Active,99.2,0.94,32.75,Stable
27-07-2024 04:00,NODE_02,Sensor_Node_2_Factory_Area,9.52,56.32,1.541,415.8,2.97,1,20.09,32.2,75.5,5.6,52,Moderate,SW,1024.09,1.2,High,High,Active,57.1,0.94,48.19,Stable
27-07-2024 05:00,NODE_02,Sensor_Node_2_Factory_Area,23.75,26.52,0.91,439.5,21.53,1,23.72,34.9,74,1.2,76,Moderate,NE,1006.1,4.93,Low,Peak,Active,96.1,0.86,68.83,Stable
27-07-2024 06:00,NODE_02,Sensor_Node_2_Factory_Area,78.72,116.76,3.915,529.5,47.27,29.93,16.85,34,73.7,4.1,163,Unhealthy,S,1011.76,5.61,Medium,Normal,Active,49.1,0.83,154.41,Decreasing
27-07-2024 07:00,NODE_02,Sensor_Node_2_Factory_Area,71.67,116.64,4.374,546.6,59.22,22.65,17.28,34.6,69.3,6.2,159,Unhealthy,S,1007.74,2.94,Low,Peak,Active,30.9,0.77,171.21,Increasing
27-07-2024 08:00,NODE_02,Sensor_Node_2_Factory_Area,78.75,153.03,4.484,485.3,45.63,23.13,21,35.7,67.8,1,500,Hazardous,E,1013.51,8.24,Medium,Peak,Active,53.2,0.94,538.92,Increasing
27-07-2024 09:00,NODE_02,Sensor_Node_2_Factory_Area,78.7,123.13,4.677,477.9,57.94,16.3,17.33,38.2,58,3.1,163,Unhealthy,S,1018.06,7.56,Low,Normal,Active,78.7,0.96,166.59,Decreasing
27-07-2024 10:00,NODE_02,Sensor_Node_2_Factory_Area,75.1,108.12,4.282,495.3,53.35,22.33,9.35,38.8,60.4,1.7,161,Unhealthy,NW,1007.52,6.09,Medium,Peak,Active,96.4,0.8,147.45,Increasing
27-07-2024 11:00,NODE_02,Sensor_Node_2_Factory_Area,72.24,119.65,3.906,536,61,26.44,27.05,38.4,64.2,2.2,160,Unhealthy,E,1010.64,9.85,Low,Normal,Active,37.4,0.87,147.3,Decreasing
27-07-2024 12:00,NODE_02,Sensor_Node_2_Factory_Area,59.98,113.71,4.24,521.8,50.02,29.73,8.3,37.4,68.4,3.5,153,Unhealthy,S,1017.05,6.1,High,High,Maintenance,57.7,0.88,146.4,Decreasing
27-07-2024 13:00,NODE_02,Sensor_Node_2_Factory_Area,72.55,132.58,4.038,499.6,48.83,32.09,15.61,38.5,64.9,5.4,160,Unhealthy,N,1011.98,4.72,Low,Low,Active,24.8,0.78,148.77,Increasing
27-07-2024 14:00,NODE_02,Sensor_Node_2_Factory_Area,84.24,123.34,4.324,489.3,66.92,24.27,24.98,36.6,64.2,5.3,166,Unhealthy,NW,1012.34,2.36,Medium,High,Active,30.4,0.83,168.99,Stable
27-07-2024 15:00,NODE_02,Sensor_Node_2_Factory_Area,52.98,70.12,3.304,472.9,37.46,20.59,19.9,38.1,70.1,0.9,144,Unhealthy for Sensitive Groups,E,1007.25,9.72,High,Low,Active,70.9,0.73,145.19,Increasing
27-07-2024 16:00,NODE_02,Sensor_Node_2_Factory_Area,49.78,107.19,3.2,494.2,43.65,10.55,20.82,35.1,74.2,0.8,136,Unhealthy for Sensitive Groups,NE,1021.07,5.06,Medium,Normal,Active,95.7,0.75,126.54,Decreasing
27-07-2024 17:00,NODE_02,Sensor_Node_2_Factory_Area,155.76,461.38,8.92,495.5,38.69,36.24,21.83,34.7,69.7,1.4,341,Hazardous,W,1009.42,4.01,High,Normal,Maintenance,40.3,0.97,317.53,Decreasing
27-07-2024 18:00,NODE_02,Sensor_Node_2_Factory_Area,60.82,120.4,3.521,504.6,40,23.11,16.3,34.4,69.8,2.1,154,Unhealthy,SW,1010.31,7.93,Low,High,Active,29.7,0.94,155.57,Increasing
27-07-2024 19:00,NODE_02,Sensor_Node_2_Factory_Area,64.31,117.35,4.516,480.6,42.79,23.68,18.73,33,84.9,2.4,156,Unhealthy,S,1010.21,8.22,Medium,High,Active,93.9,0.8,158.58,Increasing
27-07-2024 20:00,NODE_02,Sensor_Node_2_Factory_Area,60.54,76.13,3.141,480.1,50.41,21.49,9.98,31,70.9,3.5,154,Unhealthy,SW,1017.83,1.82,Medium,Peak,Active,66.8,0.77,159.35,Decreasing
27-07-2024 21:00,NODE_02,Sensor_Node_2_Factory_Area,55.47,89.08,3.622,486.9,36.87,24.27,25.49,31.6,74.8,3.9,500,Hazardous,W,1019,1.79,High,Peak,Active,22.4,0.81,472.92,Increasing
27-07-2024 22:00,NODE_02,Sensor_Node_2_Factory_Area,63.78,87.4,2.985,495.2,35.45,16.22,13.2,29,72.9,0.3,155,Unhealthy,N,1010.89,1.8,Medium,Low,Active,49.4,0.82,154.46,Decreasing
27-07-2024 23:00,NODE_02,Sensor_Node_2_Factory_Area,50.15,49.54,2.713,473.6,39.54,15.07,18.91,28.9,83.7,1.6,137,Unhealthy for Sensitive Groups,SW,1012.04,1.3,Medium,High,Active,56.7,0.74,125.6,Decreasing
28-07-2024 00:00,NODE_02,Sensor_Node_2_Factory_Area,50.17,67.86,2.496,458.1,36.5,10.06,19.31,29,79.6,1.8,137,Unhealthy for Sensitive Groups,NE,1015.04,6.06,Medium,Normal,Active,37.8,0.76,132.3,Stable
28-07-2024 01:00,NODE_02,Sensor_Node_2_Factory_Area,46.01,58.64,2.699,442.4,48.1,11.99,26.05,30.4,79.2,3.7,127,Unhealthy for Sensitive Groups,W,1013.17,2.66,Low,High,Maintenance,96.2,0.73,134.48,Decreasing
28-07-2024 02:00,NODE_02,Sensor_Node_2_Factory_Area,43.29,80.68,2.451,471.3,26.55,13.43,18.7,29.5,78,2.2,120,Unhealthy for Sensitive Groups,S,1016.71,7.02,Medium,High,Active,73.5,0.8,112.67,Decreasing
28-07-2024 03:00,NODE_02,Sensor_Node_2_Factory_Area,20.78,36.63,1.161,439.3,14.81,10.58,18.97,30.7,78.3,3.4,69,Moderate,S,1018.6,8.63,Medium,Low,Active,98.5,0.8,63.18,Decreasing
28-07-2024 04:00,NODE_02,Sensor_Node_2_Factory_Area,19.91,44.27,1.6,444.9,2,6.44,26.06,30.4,64.3,3.4,67,Moderate,SW,1008.17,5.74,Medium,Peak,Active,97.4,0.82,64.76,Stable
28-07-2024 05:00,NODE_02,Sensor_Node_2_Factory_Area,21.57,34.56,1.716,438.1,18.91,6.06,30.03,29.9,78.9,2.5,71,Moderate,SW,1010.65,8.46,Medium,Normal,Active,28.5,0.8,72,Increasing
28-07-2024 06:00,NODE_02,Sensor_Node_2_Factory_Area,68.23,119.31,4.301,526.9,50.86,16.59,28.42,35,69.7,3.7,158,Unhealthy,SW,1011.69,4.3,Medium,High,Maintenance,95.8,0.71,145.17,Decreasing
28-07-2024 07:00,NODE_02,Sensor_Node_2_Factory_Area,81.01,116.82,4.494,524.6,42.56,24.3,17.49,35.4,70.7,2.7,500,Hazardous,SE,1009.05,8.12,Medium,Peak,Active,98.7,0.95,453.81,Decreasing
28-07-2024 08:00,NODE_02,Sensor_Node_2_Factory_Area,71.48,127.92,4.071,480.1,56.1,24.3,14.17,35.8,49.9,1,159,Unhealthy,S,998.52,8.5,Medium,Peak,Active,90.2,0.86,165.56,Decreasing
28-07-2024 09:00,NODE_02,Sensor_Node_2_Factory_Area,81.17,136.11,3.491,492.8,64.74,18.78,18.39,36.1,70.2,0.5,164,Unhealthy,NE,1007.21,3.12,Low,Peak,Active,94.9,0.9,155.81,Stable
28-07-2024 10:00,NODE_02,Sensor_Node_2_Factory_Area,74.61,116.6,3.268,488.3,47.26,16.98,17.85,37.2,68.9,3.8,161,Unhealthy,NE,1007.14,9.91,Medium,High,Active,51.9,0.9,152.37,Stable
28-07-2024 11:00,NODE_02,Sensor_Node_2_Factory_Area,75.67,109.79,4.45,509,69.93,23.43,17.91,37.7,66.5,0.5,500,Hazardous,N,1013.44,7.52,High,Peak,Active,21.7,0.91,487.03,Increasing
28-07-2024 12:00,NODE_02,Sensor_Node_2_Factory_Area,241.66,438.14,10.473,520,59.6,39.53,11.18,38.7,62.5,4.2,316,Hazardous,SE,1014.63,1.45,Low,Low,Maintenance,76.3,0.94,308.73,Decreasing
28-07-2024 13:00,NODE_02,Sensor_Node_2_Factory_Area,63.13,109.63,4.409,500.2,48.11,27.1,9.38,37.6,71.5,3.7,500,Hazardous,N,1013.81,2.48,Medium,High,Active,96,0.84,492.95,Increasing
28-07-2024 14:00,NODE_02,Sensor_Node_2_Factory_Area,64.46,125.75,4.338,497,57.24,17.49,7.23,36.5,71,3.6,156,Unhealthy,NW,1013.66,8.53,Medium,Peak,Active,62.5,0.76,148.34,Stable
28-07-2024 15:00,NODE_02,Sensor_Node_2_Factory_Area,64.08,100.06,2.554,492.5,52.59,16.78,23.29,39,68,4.2,155,Unhealthy,W,1006.53,6.5,High,Normal,Active,22.3,0.74,146.59,Increasing
28-07-2024 16:00,NODE_02,Sensor_Node_2_Factory_Area,66.53,81.18,3.277,500,49.11,17.56,13.61,38.4,69.5,2.3,157,Unhealthy,N,1003.22,4.97,Low,Normal,Active,45.7,0.87,144.8,Stable
28-07-2024 17:00,NODE_02,Sensor_Node_2_Factory_Area,55.77,76.76,3.827,482.1,28.98,14.78,23.19,34.8,65.7,0.8,151,Unhealthy,S,1016.81,5.86,High,High,Active,98,0.86,142.78,Increasing
28-07-2024 18:00,NODE_02,Sensor_Node_2_Factory_Area,58.08,103.27,2.92,476.6,38.54,15.9,15.26,33.6,68.4,4.5,152,Unhealthy,W,1003.13,3.57,Low,Peak,Active,94,0.71,144.71,Increasing
28-07-2024 19:00,NODE_02,Sensor_Node_2_Factory_Area,58.48,94.41,2.975,452.3,37.36,17.26,23.19,32.9,64.5,0.7,153,Unhealthy,N,1023.76,6.18,Low,High,Active,85.4,0.75,155.21,Decreasing
28-07-2024 20:00,NODE_02,Sensor_Node_2_Factory_Area,61.77,78.33,3.934,495,42.22,12.54,11.1,33,79.8,3.3,154,Unhealthy,E,1013.75,1.21,High,Low,Active,39.2,0.75,139.3,Decreasing
28-07-2024 21:00,NODE_02,Sensor_Node_2_Factory_Area,65.53,104.5,4.522,477.2,42.98,12.55,21.52,30.9,72.5,1.6,156,Unhealthy,SE,1012.69,9.68,Medium,Peak,Active,54.9,0.8,141.28,Decreasing
28-07-2024 22:00,NODE_02,Sensor_Node_2_Factory_Area,55.85,78.61,2.652,467.1,39.34,16.86,8.16,29.8,72.1,4,151,Unhealthy,S,1014.34,10,Low,Normal,Active,69.3,0.87,146.07,Increasing
28-07-2024 23:00,NODE_02,Sensor_Node_2_Factory_Area,49.16,98.49,3.079,451.3,36.4,10.18,16.67,29,78.6,3,135,Unhealthy for Sensitive Groups,E,1009.23,3.04,High,High,Active,89.1,0.98,128.47,Stable
29-07-2024 00:00,NODE_02,Sensor_Node_2_Factory_Area,76.1,98.57,3.036,457.5,60.4,24.35,16.53,28.4,79.9,1.7,162,Unhealthy,NE,1016.33,4.22,Low,Low,Active,55.8,0.83,162.16,Decreasing
29-07-2024 01:00,NODE_02,Sensor_Node_2_Factory_Area,66.78,112.83,4.288,489.3,41.73,21.26,19.37,28.9,73.4,1.6,157,Unhealthy,SE,1011.2,3.96,Medium,Peak,Active,92.2,0.76,161.39,Increasing
29-07-2024 02:00,NODE_02,Sensor_Node_2_Factory_Area,65.01,120.81,4.716,474.4,55.45,22.65,19.77,30.2,76.5,5.6,156,Unhealthy,NW,1006.97,3.23,Low,Normal,Maintenance,29.8,0.88,141.44,Increasing
29-07-2024 03:00,NODE_02,Sensor_Node_2_Factory_Area,10.38,42.92,1.819,424.2,31.17,9.5,24.34,32.4,79.6,1.5,43,Good,NE,1014.66,1.99,Medium,High,Active,77.4,0.93,39.58,Decreasing
29-07-2024 04:00,NODE_02,Sensor_Node_2_Factory_Area,36.56,66.09,2.333,445.7,13.74,8.05,33.19,32.4,72.4,3.8,104,Unhealthy for Sensitive Groups,SW,1028.34,7.2,High,Peak,Active,66.8,0.88,108.19,Stable
29-07-2024 05:00,NODE_02,Sensor_Node_2_Factory_Area,23.14,41.18,1.109,421.8,2.74,11.82,23.81,31.1,81.9,2.3,74,Moderate,W,1005.31,4.01,High,Peak,Active,50.7,0.87,76.23,Decreasing
29-07-2024 06:00,NODE_02,Sensor_Node_2_Factory_Area,115.77,175.85,6.698,514.1,84.96,30.99,9.84,33.9,66.4,1.2,182,Unhealthy,NE,1010.63,2.76,Medium,Low,Active,53.8,0.75,174.6,Decreasing
29-07-2024 07:00,NODE_02,Sensor_Node_2_Factory_Area,119.75,203.98,5.445,502.6,87.89,31.88,13.84,34,63.7,5.5,184,Unhealthy,S,1019.99,5.79,High,High,Active,36.3,0.74,200.18,Increasing
29-07-2024 08:00,NODE_02,Sensor_Node_2_Factory_Area,480.38,764.86,19.105,525.1,76.1,77.42,20.76,35,69.3,2.3,500,Hazardous,E,1009.05,4.37,Low,Peak,Active,63.7,0.99,475.34,Stable
29-07-2024 09:00,NODE_02,Sensor_Node_2_Factory_Area,310.96,604.65,14.006,500.7,85.99,58.24,5.98,35.1,67.4,2.8,500,Hazardous,SE,1020.15,1.96,Low,High,Active,91.1,0.71,458.73,Stable
29-07-2024 10:00,NODE_02,Sensor_Node_2_Factory_Area,102.99,185.79,6.139,514.9,82.83,42.51,26.97,37,61.7,2.6,176,Unhealthy,S,1018.51,4.48,Medium,High,Fault,41,0.74,182.55,Increasing
29-07-2024 11:00,NODE_02,Sensor_Node_2_Factory_Area,95.89,182.44,6.05,499.1,80.66,39.31,5,37.6,70.5,4.2,172,Unhealthy,N,1012.09,7.41,Medium,Normal,Active,50.1,0.77,173.46,Stable
29-07-2024 12:00,NODE_02,Sensor_Node_2_Factory_Area,110.72,179.95,5.494,512.3,86.23,33.04,19.8,37.3,72.2,3.2,180,Unhealthy,SE,1010.96,6.23,High,High,Active,43.7,0.97,180.11,Increasing
29-07-2024 13:00,NODE_02,Sensor_Node_2_Factory_Area,112.42,190.39,5.458,506,82.33,42.46,17.07,39,74.6,0.8,180,Unhealthy,S,1017.64,5.17,Low,Low,Fault,62.4,0.99,164.54,Stable
29-07-2024 14:00,NODE_02,Sensor_Node_2_Factory_Area,120.72,188.78,7.464,495.9,93.31,33.01,20.3,36,70.5,2.1,185,Unhealthy,NW,1007.34,9.49,High,Peak,Active,35.5,0.98,181.95,Increasing
29-07-2024 15:00,NODE_02,Sensor_Node_2_Factory_Area,81.17,158.97,5.367,495.8,68.75,26.86,14.79,35.3,61.2,2.2,164,Unhealthy,SE,1016.57,7.68,High,Normal,Fault,76.7,0.71,153.12,Stable
29-07-2024 16:00,NODE_02,Sensor_Node_2_Factory_Area,80.54,138.03,4.457,492.5,63.45,28.14,17.82,36.4,69.6,1.8,500,Hazardous,NW,1020.41,9.5,Medium,High,Maintenance,42.1,0.86,497.48,Stable
29-07-2024 17:00,NODE_02,Sensor_Node_2_Factory_Area,97.47,150.76,5.083,460.3,56.16,28.24,25.33,37.3,63.7,3.7,173,Unhealthy,SE,1019.39,8.22,High,Low,Active,39.9,0.79,186.66,Decreasing
29-07-2024 18:00,NODE_02,Sensor_Node_2_Factory_Area,90.43,138.37,5.971,476.7,69.78,27.48,16.78,35.1,77.9,2,169,Unhealthy,W,1018.01,2.39,Low,Peak,Active,28.2,0.87,171.78,Increasing
29-07-2024 19:00,NODE_02,Sensor_Node_2_Factory_Area,93.45,189.24,5.273,470.8,73.8,25.18,28.24,32.4,78.7,1.6,171,Unhealthy,S,1006.13,2.86,Medium,Normal,Active,59.8,0.73,159.15,Decreasing
29-07-2024 20:00,NODE_02,Sensor_Node_2_Factory_Area,87.64,130.66,4.628,473.2,62.41,29.55,6.24,32.3,63.1,3.2,168,Unhealthy,NE,1016.07,1.59,Medium,Low,Active,45.9,0.98,177.1,Decreasing
29-07-2024 21:00,NODE_02,Sensor_Node_2_Factory_Area,90.86,133.32,4.805,450.2,58.48,34.41,25.54,29.3,74.2,3.3,169,Unhealthy,W,1011.58,4.57,Low,Low,Active,99.7,0.99,170.32,Decreasing
29-07-2024 22:00,NODE_02,Sensor_Node_2_Factory_Area,83.39,130.2,5.559,477.9,55.68,28.62,16.68,29.8,78,2.1,165,Unhealthy,NE,1005.66,5.45,Low,Normal,Active,97.5,0.82,162.73,Stable
29-07-2024 23:00,NODE_02,Sensor_Node_2_Factory_Area,64.3,103.21,4.226,513.9,66.77,24.53,19.05,29.3,75.5,3.2,156,Unhealthy,W,1011.16,9.91,Medium,High,Active,22.7,0.71,152.04,Stable
30-07-2024 00:00,NODE_02,Sensor_Node_2_Factory_Area,76.57,112.11,4.886,518.1,56.6,18.92,16.51,31.2,84.3,2.3,162,Unhealthy,S,1003.4,9.14,Medium,Normal,Maintenance,42.8,0.7,147.41,Increasing
30-07-2024 01:00,NODE_02,Sensor_Node_2_Factory_Area,211.15,345.48,10.097,488.6,46.39,19.46,17.52,29.6,75.7,0.7,261,Very Unhealthy,SE,1010.93,2.91,Low,Peak,Active,92.4,0.71,251.53,Decreasing
30-07-2024 02:00,NODE_02,Sensor_Node_2_Factory_Area,53.37,105.07,3.523,480.4,53.34,15.39,18.86,29.8,88.9,2.1,145,Unhealthy for Sensitive Groups,NE,1011.26,4.59,High,Normal,Active,58.8,0.93,143.52,Increasing
30-07-2024 03:00,NODE_02,Sensor_Node_2_Factory_Area,29.84,42.2,1.781,446.2,22.4,8.16,24.32,31,65.5,1.8,88,Moderate,E,1015.23,5.63,Medium,Normal,Active,79.7,0.9,84.77,Stable
30-07-2024 04:00,NODE_02,Sensor_Node_2_Factory_Area,27.01,39.42,0.774,481,23.18,9.05,23.14,33.1,68,3.9,82,Moderate,N,1018.39,6.15,High,High,Active,47.3,0.87,83.36,Increasing
30-07-2024 05:00,NODE_02,Sensor_Node_2_Factory_Area,25,35.93,2.151,435.7,26.42,10.6,30.3,31.6,79,2.9,78,Moderate,N,1003.59,3.13,Low,Peak,Active,50.7,0.73,78.03,Stable
30-07-2024 06:00,NODE_02,Sensor_Node_2_Factory_Area,105.63,170.34,5.953,493.5,82.62,33.9,16.4,32.8,69.1,5.4,177,Unhealthy,E,1004.03,3.6,Medium,Peak,Active,85.4,0.72,163.54,Decreasing
30-07-2024 07:00,NODE_02,Sensor_Node_2_Factory_Area,107.69,201.95,6.519,512.7,86.18,34.74,20.5,33.7,58.2,3.8,178,Unhealthy,NW,999.72,6.54,Low,High,Active,38.9,0.75,165.8,Stable
30-07-2024 08:00,NODE_02,Sensor_Node_2_Factory_Area,107.64,193.84,6.263,515.1,84.49,35.73,19.07,35.3,71.2,1.7,178,Unhealthy,W,1017.03,4.04,Low,Low,Active,67.6,0.8,190.96,Decreasing
30-07-2024 09:00,NODE_02,Sensor_Node_2_Factory_Area,108.6,188.5,5.991,501.1,80.21,40.52,7.58,38.2,57.3,1.5,178,Unhealthy,E,1007.88,7.48,High,Low,Active,75.5,0.73,195.74,Stable
30-07-2024 10:00,NODE_02,Sensor_Node_2_Factory_Area,114.53,188.3,5.684,529.5,89.44,38.01,12.8,38.7,59.1,2.5,181,Unhealthy,E,1008.63,3.69,High,Low,Active,32.6,0.85,173.6,Decreasing
30-07-2024 11:00,NODE_02,Sensor_Node_2_Factory_Area,92.18,179.43,6.183,498,79.45,27.53,16.96,37.5,62,2.7,170,Unhealthy,SE,1011.73,2.89,Low,Peak,Active,83,0.9,163.52,Increasing
30-07-2024 12:00,NODE_02,Sensor_Node_2_Factory_Area,110.47,201.14,5.655,504.6,89.55,35.63,9.48,37.3,67.1,3.3,179,Unhealthy,NE,1011.97,5.84,High,Normal,Active,70.5,0.83,187.07,Increasing
30-07-2024 13:00,NODE_02,Sensor_Node_2_Factory_Area,93.14,196.78,7.142,520.6,86.76,34.76,17.91,40,71.2,1.4,170,Unhealthy,E,1016.11,1.95,Medium,Low,Active,69.6,0.95,181.98,Stable
30-07-2024 14:00,NODE_02,Sensor_Node_2_Factory_Area,113.99,182.55,6.649,492.4,81.52,31.89,13.8,36.4,77,1.1,181,Unhealthy,S,999.04,9.41,High,Low,Active,76.8,0.94,166.49,Increasing
30-07-2024 15:00,NODE_02,Sensor_Node_2_Factory_Area,80.84,157.39,4.647,487.8,69.23,21.4,11.41,35.4,59.9,6.4,164,Unhealthy,SW,1010.82,3,High,Normal,Active,21.4,0.82,150.32,Increasing
30-07-2024 16:00,NODE_02,Sensor_Node_2_Factory_Area,79.5,153.74,4.908,485.2,62.8,30.75,26.57,37.2,77.4,4.2,163,Unhealthy,N,1004.6,5.15,High,Normal,Active,45.3,0.72,178.91,Decreasing
30-07-2024 17:00,NODE_02,Sensor_Node_2_Factory_Area,76.78,173.12,5.445,468.5,64.16,30.13,17.58,33.8,68.7,1,162,Unhealthy,N,1022.15,7.44,Low,Normal,Active,32.7,0.73,166.76,Stable
30-07-2024 18:00,NODE_02,Sensor_Node_2_Factory_Area,87.88,136.81,5.612,479.1,66.69,32.94,17.78,35.5,65.8,0.8,168,Unhealthy,E,1015.19,6.44,Low,High,Active,72.2,0.88,177.29,Decreasing
30-07-2024 19:00,NODE_02,Sensor_Node_2_Factory_Area,91.46,163.75,4.705,483.8,66.1,29.64,20.77,31.6,73.2,4.8,170,Unhealthy,NE,1014.11,3.62,High,Normal,Active,37.4,0.8,176.04,Stable
30-07-2024 20:00,NODE_02,Sensor_Node_2_Factory_Area,100.73,166.75,5.517,483.5,82.1,32.92,18.59,32.3,72.2,4.5,174,Unhealthy,E,1025.03,9.42,Low,Peak,Active,60.4,0.93,181.8,Decreasing
30-07-2024 21:00,NODE_02,Sensor_Node_2_Factory_Area,91.15,149.47,4.383,491.4,72.15,24.89,17.95,33.2,69,4.3,169,Unhealthy,S,1011.12,5.11,High,Low,Active,46.6,0.7,161.05,Stable
30-07-2024 22:00,NODE_02,Sensor_Node_2_Factory_Area,89.26,144.64,5.116,501.9,65.78,31.19,19.57,31,81.2,3.7,168,Unhealthy,E,1017.38,7.13,High,Peak,Active,86,0.95,165.56,Decreasing
30-07-2024 23:00,NODE_02,Sensor_Node_2_Factory_Area,63.64,112.15,3.616,478.5,59.34,20.98,20.84,28.4,76.5,2.7,155,Unhealthy,SE,1003.23,2.31,Low,High,Active,23.2,0.89,166.74,Increasing
31-07-2024 00:00,NODE_02,Sensor_Node_2_Factory_Area,63.1,124.16,3.869,515.6,51.85,10.61,15.24,30.8,74.1,2.4,155,Unhealthy,NW,1013.21,3.36,Low,Low,Active,40.9,0.7,145.85,Stable
31-07-2024 01:00,NODE_02,Sensor_Node_2_Factory_Area,61.35,116.71,4.033,450.6,56.04,16.83,22.99,30.6,72.2,3.5,154,Unhealthy,W,1025.65,2.47,Low,High,Active,57.1,0.86,157.19,Increasing
31-07-2024 02:00,NODE_02,Sensor_Node_2_Factory_Area,61.52,111.33,4.184,477.6,43.99,21.39,16.13,31.8,86.4,5.4,154,Unhealthy,W,1014.99,6.52,Medium,Normal,Active,76.4,0.84,151.53,Decreasing
31-07-2024 03:00,NODE_02,Sensor_Node_2_Factory_Area,20.74,47.84,1.881,438.4,13.6,9.48,30.64,31.6,86,3.1,69,Moderate,W,1007.49,1.71,High,Peak,Active,63,0.71,74.85,Decreasing
31-07-2024 04:00,NODE_02,Sensor_Node_2_Factory_Area,22.32,35.24,2.267,432.9,18.54,10.37,14.24,34,86.4,2,72,Moderate,W,1006.15,4.8,Low,High,Active,85,0.94,72.95,Increasing
31-07-2024 05:00,NODE_02,Sensor_Node_2_Factory_Area,34.82,32.45,2.197,454,24.15,10.33,26.5,32.2,88.6,1.2,99,Moderate,E,1002.56,4.67,Medium,Low,Active,61.6,0.97,93.05,Increasing
31-07-2024 06:00,NODE_02,Sensor_Node_2_Factory_Area,118.96,189.59,6.391,530.5,88.75,38.92,8.91,34.6,66,0.3,184,Unhealthy,SE,1014.66,2.64,Medium,Peak,Active,69.9,0.72,166.14,Increasing
31-07-2024 07:00,NODE_02,Sensor_Node_2_Factory_Area,106.36,192.46,6.382,516.8,89.39,39.38,9.28,38.6,70.3,2.6,177,Unhealthy,NE,1017.17,2.63,Low,Low,Active,41,0.7,160.65,Stable
31-07-2024 08:00,NODE_02,Sensor_Node_2_Factory_Area,107.88,169.55,5.969,505.9,81.66,41.26,24.84,34.5,66.1,1.5,178,Unhealthy,W,1012.76,3.95,High,Normal,Active,73.3,0.72,190.79,Decreasing
31-07-2024 09:00,NODE_02,Sensor_Node_2_Factory_Area,306.51,621.08,15.615,505.6,86.19,62.82,11.72,36.9,66.2,1.2,500,Hazardous,SW,1007.13,5.66,Low,High,Active,67.3,0.73,529.17,Stable
31-07-2024 10:00,NODE_02,Sensor_Node_2_Factory_Area,103.74,191.34,7.181,523.8,93.73,37.27,21.66,34.8,56.6,4,176,Unhealthy,W,1013.45,6.52,Medium,Peak,Active,67.2,0.87,161.58,Increasing
31-07-2024 11:00,NODE_02,Sensor_Node_2_Factory_Area,101.96,168.88,5.722,502.8,84.96,39.5,14.66,37.6,71.5,3.6,175,Unhealthy,NE,1007.88,7.37,Low,Peak,Maintenance,58.4,0.96,177.1,Decreasing
31-07-2024 12:00,NODE_02,Sensor_Node_2_Factory_Area,102.8,191.72,6.685,498.3,90.02,32.57,23.81,37.5,63.4,2.2,175,Unhealthy,NW,1019.32,8.3,Medium,Low,Active,67.4,0.84,159.96,Stable
31-07-2024 13:00,NODE_02,Sensor_Node_2_Factory_Area,98.31,174.21,5.809,505.8,88.21,37.12,5,36.3,73,2.8,173,Unhealthy,S,1009.53,4.61,Low,High,Active,80.1,0.86,187.26,Decreasing
31-07-2024 14:00,NODE_02,Sensor_Node_2_Factory_Area,101.23,208.28,6.003,517.4,78.93,26.3,18.35,34.6,61.3,2.9,175,Unhealthy,NE,1006.7,4.71,High,Normal,Maintenance,34.2,0.76,164.47,Stable
31-07-2024 15:00,NODE_02,Sensor_Node_2_Factory_Area,345.09,467.78,13.768,463.3,64.24,70.83,19.45,34.7,70.2,1.7,376,Hazardous,SE,1008.73,6.01,Medium,Peak,Active,96.1,0.93,371.14,Decreasing
31-07-2024 16:00,NODE_02,Sensor_Node_2_Factory_Area,75.9,146.61,4.826,511.6,75.29,34.39,22.41,36.3,63.8,7.3,162,Unhealthy,NE,1014.32,8.19,Medium,Peak,Active,66.4,0.86,161.24,Stable
31-07-2024 17:00,NODE_02,Sensor_Node_2_Factory_Area,441.31,702.05,16.097,470.6,58.35,55.29,20.34,33.2,65.9,1.3,500,Hazardous,SE,1004.62,6.17,Low,Low,Active,30.7,0.89,495.58,Decreasing
31-07-2024 18:00,NODE_02,Sensor_Node_2_Factory_Area,97.24,161.36,5.89,499.4,56.11,22.86,13.1,33.5,67.3,2.2,173,Unhealthy,S,1016,2.4,High,Low,Active,92.8,0.81,172.94,Decreasing
31-07-2024 19:00,NODE_02,Sensor_Node_2_Factory_Area,93.54,129,5.942,491.2,63.45,35.13,24.63,32.1,78.8,3.7,171,Unhealthy,SE,1010.37,2.28,Low,Peak,Active,36.2,1,173.14,Decreasing
31-07-2024 20:00,NODE_02,Sensor_Node_2_Factory_Area,316.67,447.54,13.249,516.6,64.47,50.76,18.96,29.6,77,2,354,Hazardous,E,1012.49,1.69,Low,Normal,Active,47.9,0.73,364.47,Decreasing
31-07-2024 21:00,NODE_02,Sensor_Node_2_Factory_Area,74.67,171.02,5.385,487.9,77.94,30.11,14.09,31.4,88,2.2,161,Unhealthy,W,1011.22,1.03,Medium,Low,Active,36.2,0.98,157.12,Decreasing
31-07-2024 22:00,NODE_02,Sensor_Node_2_Factory_Area,92.92,148.86,4.854,464.3,53.55,22.97,26.47,30.5,65.4,3.7,170,Unhealthy,NE,1025.58,7.76,Low,Peak,Active,86.7,0.79,170.24,Increasing
31-07-2024 23:00,NODE_02,Sensor_Node_2_Factory_Area,75.47,108.08,3.706,471.5,60.21,19.38,17.03,31.2,85.1,6,161,Unhealthy,W,1010.98,2.4,Low,Peak,Active,58.7,0.77,157.32,Decreasing
01-08-2024 00:00,NODE_02,Sensor_Node_2_Factory_Area,66.9,110.48,3.425,448.2,46.1,17.7,22.22,31.8,79.2,3.5,157,Unhealthy,W,1017.07,1.46,High,High,Active,22.9,0.78,170.35,Decreasing
01-08-2024 01:00,NODE_02,Sensor_Node_2_Factory_Area,58.63,120.93,3.58,489.4,58.3,20.86,24.39,31.8,75,4.8,153,Unhealthy,N,1026.72,7.33,Medium,Low,Active,45,0.96,163.99,Decreasing
01-08-2024 02:00,NODE_02,Sensor_Node_2_Factory_Area,57.22,120.18,4.351,466.4,52.78,27.19,18.77,31.1,73.8,4.3,152,Unhealthy,W,1014.55,4.66,High,Low,Active,71.4,0.85,155.96,Increasing
01-08-2024 03:00,NODE_02,Sensor_Node_2_Factory_Area,22.72,55.27,1.638,445.9,32.66,13.24,26.69,31.9,74.4,6,73,Moderate,E,1023.09,7.98,Low,High,Active,48.6,0.8,68.64,Decreasing
01-08-2024 04:00,NODE_02,Sensor_Node_2_Factory_Area,28.2,58.6,2.234,435.7,6.94,17.14,21.74,32.3,79.4,2.7,85,Moderate,SW,1012.58,6.91,Medium,Normal,Fault,42.1,0.89,81.32,Increasing
01-08-2024 05:00,NODE_02,Sensor_Node_2_Factory_Area,38.77,64.16,1.699,486.9,28.7,8.29,21.03,29,77.6,3.8,109,Unhealthy for Sensitive Groups,W,1016.78,4.85,High,Low,Active,63.4,0.78,109.65,Decreasing
01-08-2024 06:00,NODE_02,Sensor_Node_2_Factory_Area,91.17,172.39,6.64,537.1,83.61,40.37,10.83,34.3,70.4,3.9,169,Unhealthy,W,1008.47,9.86,Low,Peak,Active,56.8,0.95,155.95,Stable
01-08-2024 07:00,NODE_02,Sensor_Node_2_Factory_Area,119.5,185.69,5.865,486.3,79.64,37.48,12.95,33.8,75.8,2.9,184,Unhealthy,SE,1005.33,1.86,High,High,Active,33.4,0.71,195.04,Stable
01-08-2024 08:00,NODE_02,Sensor_Node_2_Factory_Area,99.33,177.84,6.522,501.3,81.93,40.76,15.93,38.7,73.3,3,174,Unhealthy,NW,1006.19,1.44,Medium,Normal,Active,74.8,0.91,164.58,Increasing
01-08-2024 09:00,NODE_02,Sensor_Node_2_Factory_Area,102.27,216.2,6.267,509.9,87.02,35.33,22.36,39.7,54,1.8,175,Unhealthy,SW,1011.86,3.98,Low,Peak,Maintenance,46.2,0.78,160.8,Increasing
01-08-2024 10:00,NODE_02,Sensor_Node_2_Factory_Area,89.26,197.24,6.66,517.2,86.6,39.5,12.98,37.9,71,0.4,168,Unhealthy,SW,1013.71,9.67,Low,Low,Active,85.3,0.82,170.69,Stable
01-08-2024 11:00,NODE_02,Sensor_Node_2_Factory_Area,120.82,189.23,5.803,518.9,73.8,37.56,16.42,35.5,57.2,2.3,185,Unhealthy,SW,1005.3,1.12,High,Low,Active,77,0.99,200.67,Increasing
01-08-2024 12:00,NODE_02,Sensor_Node_2_Factory_Area,121.84,188.45,6.673,527.8,91.51,35.97,12.47,38.7,61.9,3.3,185,Unhealthy,E,1003.73,1.54,Medium,Low,Maintenance,86.9,0.94,177.08,Stable
01-08-2024 13:00,NODE_02,Sensor_Node_2_Factory_Area,124.52,197.18,6.489,498.4,87.49,35.03,25.68,36.8,69.3,1.8,187,Unhealthy,E,1000.74,9.11,Low,Normal,Active,55.8,0.91,181.88,Stable
01-08-2024 14:00,NODE_02,Sensor_Node_2_Factory_Area,95.71,195.76,6.134,524.5,86.89,36.59,8.95,38.3,62.8,1.6,172,Unhealthy,E,1024.76,9,High,Normal,Active,83.1,0.78,174.57,Stable
01-08-2024 15:00,NODE_02,Sensor_Node_2_Factory_Area,76.54,122.72,5.769,476.9,54.99,24.95,14.79,38.5,57.8,3.6,162,Unhealthy,W,1012.65,8.46,High,Normal,Active,46.2,0.86,146.71,Decreasing
01-08-2024 16:00,NODE_02,Sensor_Node_2_Factory_Area,226.19,415.9,10.451,523.4,58.17,48.12,25.91,35.4,64.5,2.3,288,Very Unhealthy,W,999.13,7.18,Medium,High,Active,30.9,0.73,290.77,Decreasing
01-08-2024 17:00,NODE_02,Sensor_Node_2_Factory_Area,94.14,146.6,4.771,488.2,78.54,31.45,22.2,35,86.3,5.7,171,Unhealthy,E,1011.95,9.33,High,Low,Active,52.1,0.88,176.56,Decreasing
01-08-2024 18:00,NODE_02,Sensor_Node_2_Factory_Area,96.79,151.28,5.224,476.7,67.33,34.65,24.22,35,77.5,2.7,172,Unhealthy,SE,1011.04,6.85,Medium,High,Maintenance,80.5,0.88,163.68,Increasing
01-08-2024 19:00,NODE_02,Sensor_Node_2_Factory_Area,87.7,129.13,6.036,483.3,74.58,27.35,5,32.9,62.5,2.4,168,Unhealthy,NE,1003.74,3.97,Medium,Peak,Active,60.9,0.98,158.34,Increasing
01-08-2024 20:00,NODE_02,Sensor_Node_2_Factory_Area,97.75,155.27,4.605,499.1,56.28,27.57,9.08,32.5,76.5,3.9,173,Unhealthy,NE,1018.96,9.32,Medium,Peak,Active,44.6,0.93,186.1,Decreasing
01-08-2024 21:00,NODE_02,Sensor_Node_2_Factory_Area,89.01,164.72,5.237,476.5,64.75,28.74,12.9,32.5,83.8,2.7,168,Unhealthy,E,1009.26,2.23,Medium,High,Active,94.8,0.84,183.92,Increasing
01-08-2024 22:00,NODE_02,Sensor_Node_2_Factory_Area,332.25,577.62,12.896,468.9,74.81,53.57,14.73,31.8,68.9,1.2,471,Hazardous,N,1012.25,8.07,High,Normal,Active,55.6,0.7,458.47,Decreasing
01-08-2024 23:00,NODE_02,Sensor_Node_2_Factory_Area,62.43,131.88,3.319,455.4,42.06,29.13,19.18,29,76.1,4,155,Unhealthy,NW,1010.29,1.11,Low,Peak,Active,30.2,0.99,159.43,Decreasing
02-08-2024 00:00,NODE_02,Sensor_Node_2_Factory_Area,61.4,108.41,3.112,471.5,59.38,19.27,23.98,29.1,71.4,3,154,Unhealthy,NE,1012.28,4.32,Medium,Normal,Active,91.4,0.77,159.26,Increasing
02-08-2024 01:00,NODE_02,Sensor_Node_2_Factory_Area,71.44,108.21,3.665,503.4,52.55,18.54,20.49,30.5,80.6,3.4,159,Unhealthy,SE,1018.11,9.81,Low,High,Active,26.2,0.83,164.89,Stable
02-08-2024 02:00,NODE_02,Sensor_Node_2_Factory_Area,255.92,429.47,12.232,458.1,57.26,47.23,23.25,33.1,80.5,2.6,306,Hazardous,W,1015.63,2.03,High,Low,Active,72.5,0.83,285.98,Stable
02-08-2024 03:00,NODE_02,Sensor_Node_2_Factory_Area,29.35,50.77,0.918,456.3,6.45,8.9,28.8,31.3,73.4,2.2,87,Moderate,SE,1009.29,6.7,Medium,Low,Active,53.7,0.71,83.06,Stable
02-08-2024 04:00,NODE_02,Sensor_Node_2_Factory_Area,40.98,44.56,1.477,450.6,18.83,9.38,27.86,30.2,78.7,0.4,114,Unhealthy for Sensitive Groups,NE,1021.45,9.06,Low,Normal,Active,35.2,0.98,117.84,Increasing
02-08-2024 05:00,NODE_02,Sensor_Node_2_Factory_Area,13.95,29.14,2.446,440.5,16.43,9.57,37.43,31.5,77.5,3.7,55,Moderate,SE,1021.24,3.24,High,Low,Maintenance,26.9,0.73,52.09,Decreasing
02-08-2024 06:00,NODE_02,Sensor_Node_2_Factory_Area,104.73,187.71,6.479,528.8,73.68,42.8,6.41,34.5,72.4,6.4,176,Unhealthy,SE,1003.22,2.79,High,Peak,Active,31.9,0.78,177.5,Stable
02-08-2024 07:00,NODE_02,Sensor_Node_2_Factory_Area,108.95,196.46,6.31,517.7,82.39,36.37,21.79,36.8,76.7,3.5,179,Unhealthy,S,1005.31,8.05,Medium,High,Maintenance,66.6,0.94,169.78,Increasing
02-08-2024 08:00,NODE_02,Sensor_Node_2_Factory_Area,113.69,214.75,6.796,493.7,81.33,25.83,15.61,35.4,65.9,1.9,181,Unhealthy,SE,1008.33,2.51,High,High,Maintenance,60.2,0.83,186.18,Stable
02-08-2024 09:00,NODE_02,Sensor_Node_2_Factory_Area,103.76,211.52,5.056,482.2,100.71,39.94,17.53,36.8,64.2,3.3,176,Unhealthy,NE,1021.15,8.83,High,Peak,Active,55.8,0.97,158.51,Increasing
02-08-2024 10:00,NODE_02,Sensor_Node_2_Factory_Area,116.4,180.3,5.492,517,89.43,39.33,15.21,34.2,59.5,3.5,182,Unhealthy,NE,1010.9,6.79,High,Peak,Active,28.9,0.9,184.92,Decreasing
02-08-2024 11:00,NODE_02,Sensor_Node_2_Factory_Area,120.29,175.7,5.839,537.9,97.04,36.65,13.58,39.4,56.7,4.7,184,Unhealthy,SW,1008.57,8.83,High,Peak,Active,63,0.82,172.71,Stable
02-08-2024 12:00,NODE_02,Sensor_Node_2_Factory_Area,119.69,218.29,6.69,484.1,94.67,37.25,15.3,36.5,59.2,1.1,184,Unhealthy,SW,1011.8,9.83,Medium,Low,Active,22.6,0.71,188.91,Increasing
02-08-2024 13:00,NODE_02,Sensor_Node_2_Factory_Area,119.23,188.93,6.357,507.3,70.33,35.91,15.97,40.1,71.2,2.5,184,Unhealthy,W,1010.66,7.02,High,High,Active,62.1,0.81,196.4,Decreasing
02-08-2024 14:00,NODE_02,Sensor_Node_2_Factory_Area,118.37,171.76,7.248,504.3,87.75,34.23,13.72,36.1,76,1.9,183,Unhealthy,N,1011.06,9.03,Medium,Peak,Active,25.3,0.79,182.05,Decreasing
02-08-2024 15:00,NODE_02,Sensor_Node_2_Factory_Area,92.73,138.47,5.473,503.9,74.77,29.93,19.25,35.4,75.7,4.4,170,Unhealthy,E,1005.58,7.2,Low,Normal,Active,24,0.85,154.27,Stable
02-08-2024 16:00,NODE_02,Sensor_Node_2_Factory_Area,72.94,165.39,5.133,501.9,58.81,36.05,15.14,37.7,67.8,3.8,160,Unhealthy,NE,1007.24,1.46,High,Normal,Active,88.9,0.88,174.43,Stable
02-08-2024 17:00,NODE_02,Sensor_Node_2_Factory_Area,102.8,151.02,4.564,492.3,66.27,26.38,24.62,33,81.9,1.1,175,Unhealthy,SE,1010.4,1.56,High,Low,Active,93.2,0.7,182.87,Decreasing
02-08-2024 18:00,NODE_02,Sensor_Node_2_Factory_Area,86.52,132.93,5.315,490.3,66.12,26.28,24.97,34.8,69.1,5.3,167,Unhealthy,SW,1020.29,2.75,Medium,Normal,Active,37.5,0.89,168.98,Increasing
02-08-2024 19:00,NODE_02,Sensor_Node_2_Factory_Area,91.19,141.08,5.609,524.7,74.95,26.16,13.59,33.1,63.9,3.9,169,Unhealthy,SW,1019.73,6.29,Medium,Low,Active,91,0.77,152.94,Stable
02-08-2024 20:00,NODE_02,Sensor_Node_2_Factory_Area,86.77,147.94,5.065,515.1,64.36,24.02,14.49,33.5,69.2,2,167,Unhealthy,N,1017.49,5.28,Medium,Peak,Active,64.3,0.74,175.76,Increasing
02-08-2024 21:00,NODE_02,Sensor_Node_2_Factory_Area,97.59,162.48,4.984,493.7,62.84,33.72,20.63,34.4,80.5,6.3,173,Unhealthy,S,1014.18,6.96,Medium,Peak,Active,53.5,0.84,165.67,Increasing
02-08-2024 22:00,NODE_02,Sensor_Node_2_Factory_Area,86.14,139.9,4.411,484.7,66.57,35.16,16.34,32.1,76.6,3.4,500,Hazardous,NW,996.33,3.78,High,Normal,Active,35.4,0.92,450.75,Decreasing
02-08-2024 23:00,NODE_02,Sensor_Node_2_Factory_Area,351.99,464.26,14.874,497.3,47.94,44.81,14.83,28.9,63.2,1.3,382,Hazardous,W,1022.68,1.36,High,Low,Maintenance,53.8,0.97,411.93,Increasing
03-08-2024 00:00,NODE_02,Sensor_Node_2_Factory_Area,36.83,70.18,2.097,487.2,36.2,22.91,18.89,29.6,85.1,3.8,104,Unhealthy for Sensitive Groups,SW,1018.71,4.54,High,Low,Active,43.6,0.75,99.72,Increasing
03-08-2024 01:00,NODE_02,Sensor_Node_2_Factory_Area,46.03,79.65,1.599,457.3,34.09,19.83,24.29,29.3,73.5,1.9,127,Unhealthy for Sensitive Groups,N,1009.78,3.2,High,High,Active,77.4,0.77,133.16,Increasing
03-08-2024 02:00,NODE_02,Sensor_Node_2_Factory_Area,191.53,155.97,6.505,494.4,34.84,25.66,14.79,31.8,77.7,3.9,242,Very Unhealthy,SE,1008.11,4.14,Low,Low,Active,28.4,0.83,244.58,Stable
03-08-2024 03:00,NODE_02,Sensor_Node_2_Factory_Area,16.13,57.67,1.144,451,8,6.78,26.36,32.4,72.5,2.6,59,Moderate,NE,1013.12,9.54,Medium,Low,Active,47,0.8,55.29,Stable
03-08-2024 04:00,NODE_02,Sensor_Node_2_Factory_Area,26.37,27.9,1.275,426.7,20.93,5.43,24.4,34,84.5,1.2,81,Moderate,W,1012.27,9.45,High,Normal,Active,52.5,1,76.67,Increasing
03-08-2024 05:00,NODE_02,Sensor_Node_2_Factory_Area,28.65,18.11,0.296,420.7,7.71,1,17.41,31,73.2,4.4,86,Moderate,W,1007.84,3.78,Medium,Peak,Fault,47.3,0.76,84.67,Decreasing
03-08-2024 06:00,NODE_02,Sensor_Node_2_Factory_Area,67.33,118.62,4.344,508.5,58.53,19.55,24.67,34.9,76.5,2.2,157,Unhealthy,N,1020.96,3.58,Medium,Peak,Maintenance,64,0.89,155.24,Stable
03-08-2024 07:00,NODE_02,Sensor_Node_2_Factory_Area,63.01,133.82,3.581,513,64.81,20.57,11.32,33.9,69.5,4,155,Unhealthy,W,1008.07,2.64,Medium,Peak,Maintenance,27.7,0.93,148.09,Decreasing
03-08-2024 08:00,NODE_02,Sensor_Node_2_Factory_Area,77.89,96.29,4.066,489.1,57.43,27,13.5,38.9,63.6,3.1,163,Unhealthy,SE,1013.5,9.37,Medium,High,Active,96.5,0.73,171.53,Stable
03-08-2024 09:00,NODE_02,Sensor_Node_2_Factory_Area,75.76,131.82,4.075,516,50.74,27.91,12.38,36.5,62.7,1.3,161,Unhealthy,S,1004.77,3.09,Low,Peak,Active,33.6,0.92,149.21,Increasing
03-08-2024 10:00,NODE_02,Sensor_Node_2_Factory_Area,55.37,123.97,3.918,481.4,49.81,24.85,7.13,37.2,73.7,5.7,150,Unhealthy for Sensitive Groups,SW,1010.47,4.78,Medium,Peak,Active,86.1,0.92,148.6,Stable
03-08-2024 11:00,NODE_02,Sensor_Node_2_Factory_Area,68.04,143.97,4.698,511.6,54.43,23.43,18.45,40.9,69.2,2.4,157,Unhealthy,N,1018.49,7.27,Medium,Low,Active,66,0.94,153.79,Decreasing
03-08-2024 12:00,NODE_02,Sensor_Node_2_Factory_Area,67.18,123.73,4.832,472.8,75.72,23.4,21.89,38,61.1,3.8,157,Unhealthy,NW,1012.26,7.66,Low,Normal,Active,45.5,0.88,159.16,Decreasing
03-08-2024 13:00,NODE_02,Sensor_Node_2_Factory_Area,85.21,120.79,3.798,511.9,58.77,24.74,18.08,38.4,73.6,0.8,166,Unhealthy,SE,1008.48,9.93,High,Low,Active,40.6,0.87,179.64,Stable
03-08-2024 14:00,NODE_02,Sensor_Node_2_Factory_Area,77.28,89,4.461,532.1,59.93,17.05,23.21,36.6,68,5,500,Hazardous,E,1000.31,2.23,Medium,High,Active,72.4,0.91,462.02,Increasing
03-08-2024 15:00,NODE_02,Sensor_Node_2_Factory_Area,67.52,90.15,3.397,463.5,42.38,14.05,20.82,34.7,67.2,1.6,157,Unhealthy,NE,1009.95,4.61,Medium,Low,Active,96.4,0.73,148.12,Increasing
03-08-2024 16:00,NODE_02,Sensor_Node_2_Factory_Area,66.01,83.76,3.057,490.5,48.18,11.5,17.51,37.1,79,4.5,156,Unhealthy,SE,1009.87,6.09,Low,Normal,Active,27.5,0.98,151.66,Decreasing
03-08-2024 17:00,NODE_02,Sensor_Node_2_Factory_Area,57.45,79.19,3.322,478.3,46.06,26.08,12.54,36.7,75.9,1.6,152,Unhealthy,E,1016.4,8.31,Low,High,Active,48.2,0.92,157.01,Decreasing
03-08-2024 18:00,NODE_02,Sensor_Node_2_Factory_Area,62.44,102.47,4.365,510.2,39.59,18.92,12.97,36.1,72.3,2.8,155,Unhealthy,NE,1019.93,4.11,Low,High,Active,75.4,0.94,144.11,Decreasing
03-08-2024 19:00,NODE_02,Sensor_Node_2_Factory_Area,41.8,87.01,3.106,483.3,52.75,24.42,29.56,35.5,77.3,3.5,117,Unhealthy for Sensitive Groups,SW,1004.69,9.13,Low,High,Active,49.4,0.97,105.91,Stable
03-08-2024 20:00,NODE_02,Sensor_Node_2_Factory_Area,44.58,103.44,2.584,522,46.37,17.9,16.14,31.9,70.6,2.7,123,Unhealthy for Sensitive Groups,NW,1016.81,9.56,High,Low,Active,53.7,0.93,123.67,Stable
03-08-2024 21:00,NODE_02,Sensor_Node_2_Factory_Area,54.58,82.53,3.588,487.6,49.75,17.04,18.97,28.1,81.7,5.6,148,Unhealthy for Sensitive Groups,NE,1006.19,9.81,Low,High,Active,63.4,0.77,145.37,Decreasing
03-08-2024 22:00,NODE_02,Sensor_Node_2_Factory_Area,67.33,107.91,2.888,497,44.91,10.88,24.61,28.9,80.6,2.3,157,Unhealthy,NE,1018.9,2.18,Low,Peak,Active,36,0.71,151.28,Increasing
03-08-2024 23:00,NODE_02,Sensor_Node_2_Factory_Area,43.13,67.02,2.841,458.2,42.72,11.01,23.74,30.1,73.9,2.3,120,Unhealthy for Sensitive Groups,E,1009.38,2.48,Low,High,Active,33.3,0.91,121.07,Stable
04-08-2024 00:00,NODE_02,Sensor_Node_2_Factory_Area,47.15,39.14,2.657,491,31.72,14.89,29.33,31.6,64.6,4.8,130,Unhealthy for Sensitive Groups,N,1015.34,3.86,High,Low,Active,21.3,0.73,141.17,Decreasing
04-08-2024 01:00,NODE_02,Sensor_Node_2_Factory_Area,38.54,73.21,2.234,458.4,22.69,10,25,28.6,73,3.2,108,Unhealthy for Sensitive Groups,SW,1021.29,4.78,Low,Normal,Active,20.4,0.75,101.84,Increasing
04-08-2024 02:00,NODE_02,Sensor_Node_2_Factory_Area,50.58,90.38,2.301,467.8,32.96,12.37,22.45,32.2,83.2,1.6,138,Unhealthy for Sensitive Groups,E,1001.78,9.98,Low,Peak,Active,72.4,0.81,131.84,Decreasing
04-08-2024 03:00,NODE_02,Sensor_Node_2_Factory_Area,16.53,10,1.312,437.5,13.71,15.63,32.94,31.2,77.5,3.7,60,Moderate,W,1012.88,7.95,Medium,Normal,Active,75.3,0.73,63.69,Decreasing
04-08-2024 04:00,NODE_02,Sensor_Node_2_Factory_Area,19.71,18.52,1.165,456.3,28.12,1,19.28,31.9,76.4,2.5,67,Moderate,E,1021.46,6.83,High,Normal,Active,26,0.86,61.97,Decreasing
04-08-2024 05:00,NODE_02,Sensor_Node_2_Factory_Area,31.32,24.96,0.281,414,17.74,6.41,33.3,30.9,73.4,4,91,Moderate,SE,1016.67,7.48,Low,High,Fault,65.6,0.79,99.83,Increasing
04-08-2024 06:00,NODE_02,Sensor_Node_2_Factory_Area,64.32,126.53,3.464,531.1,67.46,20.61,11.91,34.4,67.1,4.4,156,Unhealthy,SE,1025,4.16,High,Low,Active,87.4,0.87,162.97,Increasing
04-08-2024 07:00,NODE_02,Sensor_Node_2_Factory_Area,80.67,108.37,3.472,511.6,66.43,19.66,18.31,34,76.8,3.4,164,Unhealthy,S,1009.02,6.78,Medium,Low,Active,55.3,0.7,157.64,Decreasing
04-08-2024 08:00,NODE_02,Sensor_Node_2_Factory_Area,80.47,104.68,4.461,498.6,60.53,24.88,13.91,35.9,58,2.7,500,Hazardous,NW,1018.51,1.35,High,High,Active,45.6,0.93,466.51,Increasing
04-08-2024 09:00,NODE_02,Sensor_Node_2_Factory_Area,78.46,122.97,4.946,472.7,58.13,30.09,12.85,36,75.7,3.8,163,Unhealthy,E,1016.31,3.48,Low,Peak,Active,88.3,0.7,165.19,Stable
04-08-2024 10:00,NODE_02,Sensor_Node_2_Factory_Area,74.5,139.39,4.096,532.6,51.91,17.51,8.3,35.8,70.9,1.1,161,Unhealthy,E,1012.3,9.85,Low,High,Active,91.3,0.77,159.54,Decreasing
04-08-2024 11:00,NODE_02,Sensor_Node_2_Factory_Area,65.49,123.24,4.205,491.1,55.69,27.16,16.18,39.2,63.9,3.7,156,Unhealthy,S,1005.93,5.97,Low,Low,Active,34.6,0.73,160.17,Stable
04-08-2024 12:00,NODE_02,Sensor_Node_2_Factory_Area,80.09,129.45,3.839,513.8,47.91,25.02,15.85,38.2,65.8,4.2,164,Unhealthy,E,1013.34,7.87,Low,High,Active,87.3,0.78,160.14,Stable
04-08-2024 13:00,NODE_02,Sensor_Node_2_Factory_Area,66.63,149.85,4.295,505.6,46,16.36,7.96,38.7,55.6,5.1,157,Unhealthy,NW,1023.6,6.58,High,Low,Active,41.3,0.79,161.65,Stable
04-08-2024 14:00,NODE_02,Sensor_Node_2_Factory_Area,76.77,108.14,4.24,497.7,47.18,17.86,7.38,35.8,80.1,0.9,162,Unhealthy,E,1019.5,7.75,High,High,Active,49.8,0.97,147.22,Increasing
04-08-2024 15:00,NODE_02,Sensor_Node_2_Factory_Area,67.63,90.59,3.383,476.7,39.64,20.67,13.35,33.1,64.2,2.4,157,Unhealthy,S,1014.93,5.47,Medium,Normal,Active,30.1,0.71,141.64,Decreasing
04-08-2024 16:00,NODE_02,Sensor_Node_2_Factory_Area,47.29,89.89,2.529,514.1,44.36,11.61,17.76,35.9,67.6,6,130,Unhealthy for Sensitive Groups,S,1009.04,9.98,Low,Peak,Active,74.4,0.93,125.1,Decreasing
04-08-2024 17:00,NODE_02,Sensor_Node_2_Factory_Area,55.88,104.03,2.579,488.1,44.95,16.28,26.93,34.9,73.5,1.8,151,Unhealthy,S,1003.55,9.32,High,Low,Active,39.7,0.75,162.04,Stable
04-08-2024 18:00,NODE_02,Sensor_Node_2_Factory_Area,59.94,79.42,3.701,464.8,49.85,17.65,28.7,35.5,77.9,0.9,153,Unhealthy,NE,1010.81,8.67,High,Low,Active,45.3,0.92,151.18,Increasing
04-08-2024 19:00,NODE_02,Sensor_Node_2_Factory_Area,58.36,112.93,3.708,452.1,37.58,15,14.51,32.6,76.7,3.6,152,Unhealthy,SE,1006.55,1.65,Medium,Low,Active,69.5,0.92,153.62,Stable
04-08-2024 20:00,NODE_02,Sensor_Node_2_Factory_Area,67.13,84.01,3.076,482.3,39.01,14.23,20.35,30.9,79.8,3.3,157,Unhealthy,S,1009.86,1.1,Medium,Low,Active,28.8,0.77,160.85,Stable
04-08-2024 21:00,NODE_02,Sensor_Node_2_Factory_Area,47.42,101.81,3.45,485.5,43.23,17.64,19.9,32,73.5,2.6,130,Unhealthy for Sensitive Groups,NE,1018.62,4.3,Medium,Peak,Active,40.1,0.98,121.73,Stable
04-08-2024 22:00,NODE_02,Sensor_Node_2_Factory_Area,51.58,96.68,2.945,495.4,42.69,21.65,18.1,30.4,74.7,4.9,141,Unhealthy for Sensitive Groups,NW,1019.35,5.93,High,Peak,Active,45.8,0.94,132.71,Decreasing
04-08-2024 23:00,NODE_02,Sensor_Node_2_Factory_Area,49.51,88.75,2.452,467.2,31.15,14.8,24.83,31.3,80.7,3,136,Unhealthy for Sensitive Groups,SW,1018.52,3.88,Low,Low,Active,49.4,0.74,146.17,Decreasing
05-08-2024 00:00,NODE_02,Sensor_Node_2_Factory_Area,77.24,128.7,3.513,483.2,37.4,26.41,20.44,28.8,67.5,3.2,162,Unhealthy,SE,1015.26,7.15,Medium,Peak,Active,48.3,0.71,172.21,Decreasing
05-08-2024 01:00,NODE_02,Sensor_Node_2_Factory_Area,64.92,108.45,3.745,492.9,55.29,21.43,25.47,31.3,72.5,4.3,156,Unhealthy,NW,1008.82,2.84,Medium,Peak,Active,74.9,0.72,147.54,Increasing
05-08-2024 02:00,NODE_02,Sensor_Node_2_Factory_Area,71.41,138.81,4.14,456.2,50.25,24.75,20.76,30.6,89.4,1.6,159,Unhealthy,NW,1014.63,4.7,Low,High,Active,73.4,0.81,159.31,Stable
05-08-2024 03:00,NODE_02,Sensor_Node_2_Factory_Area,25.6,52.01,1.73,453.9,22.82,9.52,35.08,31,80.6,2.9,79,Moderate,S,1001.64,7.5,Low,Low,Active,24.5,0.79,73.7,Increasing
05-08-2024 04:00,NODE_02,Sensor_Node_2_Factory_Area,26.73,46.49,0.74,431.1,14.92,13.35,20.67,32.9,79.1,2.4,82,Moderate,NW,1018.62,4.31,Low,High,Active,78.9,0.77,80.59,Stable
05-08-2024 05:00,NODE_02,Sensor_Node_2_Factory_Area,22.73,41.93,1.108,432.2,23.18,4.24,24.02,32.2,74.1,2.6,73,Moderate,SW,1005.4,9.92,High,Low,Active,72.3,0.77,78.77,Stable
05-08-2024 06:00,NODE_02,Sensor_Node_2_Factory_Area,109.15,193.91,6.145,511.6,73.78,34.6,5,33.6,64.6,3.2,179,Unhealthy,E,1020,5.63,Low,High,Active,33.4,0.84,191.31,Decreasing
05-08-2024 07:00,NODE_02,Sensor_Node_2_Factory_Area,373.25,626.9,16.296,500,82.15,71.79,18.38,33.9,77.3,3.1,500,Hazardous,E,1008.2,8.21,Low,High,Active,57.3,0.94,534.31,Increasing
05-08-2024 08:00,NODE_02,Sensor_Node_2_Factory_Area,115.97,229.93,7.073,497.1,99.97,36.11,17.53,35.6,67.2,2.3,182,Unhealthy,SE,1025.4,6.08,Low,Normal,Active,44.6,0.78,197.08,Increasing
05-08-2024 09:00,NODE_02,Sensor_Node_2_Factory_Area,251.47,512.07,14.292,497.5,85.85,66.92,18.02,36.6,67,1,398,Hazardous,N,1010.42,7.08,High,Normal,Active,54,0.98,401.74,Increasing
05-08-2024 10:00,NODE_02,Sensor_Node_2_Factory_Area,115.95,192.41,6.228,506.7,89.9,36.81,10.1,35.8,67,1.8,182,Unhealthy,SE,1011.31,6.79,Low,Peak,Active,28.9,0.8,190.62,Decreasing
05-08-2024 11:00,NODE_02,Sensor_Node_2_Factory_Area,96.73,173.81,7.244,495.8,85.98,38.39,23.26,37,67.3,3.4,172,Unhealthy,NE,1016.57,1.43,Low,Low,Maintenance,62.2,0.87,171.05,Stable
05-08-2024 12:00,NODE_02,Sensor_Node_2_Factory_Area,93.82,187.75,6.391,503,73.89,28.58,8.3,39.3,65.9,3.3,171,Unhealthy,E,1003.95,8.01,Medium,Normal,Active,47.7,0.96,168.68,Stable
05-08-2024 13:00,NODE_02,Sensor_Node_2_Factory_Area,95.93,194.22,6.614,506.6,79.61,28.68,10.59,37.8,69.7,3.9,172,Unhealthy,SW,1013.31,3.1,High,Low,Active,32.9,0.76,175.53,Increasing
05-08-2024 14:00,NODE_02,Sensor_Node_2_Factory_Area,108.14,188.67,6.422,506.9,79.89,37.65,10.44,37.9,57.7,3.4,178,Unhealthy,SW,1005.97,3.75,High,Low,Active,85.7,0.86,186.03,Stable
05-08-2024 15:00,NODE_02,Sensor_Node_2_Factory_Area,78.45,155.3,4.695,461.5,75.64,29.07,17.71,37.4,62,3.7,163,Unhealthy,E,1016.06,2.13,High,High,Active,37.2,0.9,162.74,Stable
05-08-2024 16:00,NODE_02,Sensor_Node_2_Factory_Area,85.73,151.13,5,511,70.22,30.97,18.75,36,80.3,3.7,167,Unhealthy,S,1015,5.35,Low,Normal,Active,73.3,0.72,157.47,Decreasing
05-08-2024 17:00,NODE_02,Sensor_Node_2_Factory_Area,85.1,170.58,5.31,459.8,82.38,27.84,18.82,36.6,69.2,3.6,166,Unhealthy,NE,1013.35,5.01,Medium,High,Active,61.7,0.96,156.43,Stable
05-08-2024 18:00,NODE_02,Sensor_Node_2_Factory_Area,85.09,156.92,4.803,466.5,70.99,33.81,14.69,33.2,72,6.2,166,Unhealthy,W,1019.42,3.69,High,Normal,Active,39.4,0.81,166.37,Decreasing
05-08-2024 19:00,NODE_02,Sensor_Node_2_Factory_Area,88.05,124.39,4.908,519.3,76.98,35.62,21.49,32.2,75.1,2,168,Unhealthy,N,1012.86,9.93,High,Normal,Active,44.8,0.96,159.67,Stable
05-08-2024 20:00,NODE_02,Sensor_Node_2_Factory_Area,74.2,164.68,4.896,498.3,56.13,26.23,20.34,32.9,79.5,5.7,161,Unhealthy,NE,998.83,9.25,Medium,High,Active,67.4,0.8,172.02,Decreasing
05-08-2024 21:00,NODE_02,Sensor_Node_2_Factory_Area,87.45,156.48,5.406,466.3,80.24,28.06,17.93,30.7,77.6,2.5,167,Unhealthy,NE,1007.48,1.95,Low,Peak,Active,66,0.8,174.83,Increasing
05-08-2024 22:00,NODE_02,Sensor_Node_2_Factory_Area,72.74,145.45,5.199,497.3,66.79,29.94,9.97,30.8,84.7,3.3,160,Unhealthy,NE,1006.24,7.65,High,Low,Active,78.4,0.83,157.13,Decreasing
05-08-2024 23:00,NODE_02,Sensor_Node_2_Factory_Area,69.71,133.11,4.125,479.7,44.9,20.15,20.46,32.8,72.3,5.2,158,Unhealthy,NE,1015.98,4.03,High,Peak,Active,79.5,0.74,168.96,Increasing
06-08-2024 00:00,NODE_02,Sensor_Node_2_Factory_Area,68.08,123.42,4.211,464.5,48.12,29.31,19.46,29.4,83.6,1.1,157,Unhealthy,NW,1010.79,6.91,High,Normal,Active,31.8,0.7,167.36,Stable
06-08-2024 01:00,NODE_02,Sensor_Node_2_Factory_Area,67.03,95.79,4.33,461.8,47.54,32.24,19.63,30.2,83.3,3.8,157,Unhealthy,N,1008.14,8.87,High,Peak,Active,88.2,0.75,165.09,Stable
06-08-2024 02:00,NODE_02,Sensor_Node_2_Factory_Area,73.39,132.57,4.17,449.1,53.45,16.22,26.95,32.1,78.5,0.5,160,Unhealthy,NE,1007.12,7.53,High,Low,Active,36,0.8,165.91,Decreasing
06-08-2024 03:00,NODE_02,Sensor_Node_2_Factory_Area,28.97,61.05,1.444,477,22.21,13.97,16.73,30.3,81.7,5.7,86,Moderate,W,1009.95,1.18,High,Peak,Active,28.5,0.79,78.29,Decreasing
06-08-2024 04:00,NODE_02,Sensor_Node_2_Factory_Area,30.08,47.9,2.13,475.7,12.91,13,22.79,33.3,72.3,1.7,89,Moderate,NW,1014.53,8.98,High,Peak,Active,44.1,0.83,95.08,Decreasing
06-08-2024 05:00,NODE_02,Sensor_Node_2_Factory_Area,31.74,40.85,1.506,408.2,24.18,14.89,18.7,34,75.6,5.4,92,Moderate,W,1017.34,6.4,Low,Low,Active,78,0.78,101.04,Decreasing
06-08-2024 06:00,NODE_02,Sensor_Node_2_Factory_Area,104.49,218.57,6.975,527.3,84.28,29.95,16.86,33.8,78.1,2.4,176,Unhealthy,W,1012.23,8.72,High,Normal,Active,30.4,0.7,170.33,Stable
06-08-2024 07:00,NODE_02,Sensor_Node_2_Factory_Area,105.27,199.88,6.027,504.3,74.67,36.29,10.96,35.9,74.6,0.8,177,Unhealthy,N,1009.34,9.52,High,High,Active,39.5,0.91,170.72,Decreasing
06-08-2024 08:00,NODE_02,Sensor_Node_2_Factory_Area,113.24,203.31,6.315,497.3,75.18,36.87,21.3,38.1,70.4,4.5,181,Unhealthy,W,1012.24,7.92,High,Normal,Active,82.2,0.87,191.25,Decreasing
06-08-2024 09:00,NODE_02,Sensor_Node_2_Factory_Area,98.79,201.51,5.883,540.6,76.42,34.44,18.52,36.7,65.8,5.1,173,Unhealthy,SE,1004.73,5.51,Medium,Normal,Active,39.2,0.96,160.03,Stable
06-08-2024 10:00,NODE_02,Sensor_Node_2_Factory_Area,125.38,194.25,6.086,506.9,97.82,39.25,22.7,38.7,72.4,2.8,187,Unhealthy,SW,1009.25,2.34,Medium,Peak,Active,89.3,0.71,197.05,Increasing
06-08-2024 11:00,NODE_02,Sensor_Node_2_Factory_Area,110.37,197.97,6.639,489.4,86.41,38.38,7.34,38.4,74,0.7,179,Unhealthy,NE,1020.57,8.07,Medium,Low,Active,90.8,0.77,161.52,Decreasing
06-08-2024 12:00,NODE_02,Sensor_Node_2_Factory_Area,123.46,198.8,6.359,522.6,78.14,39.19,15.83,39.8,63.2,3.3,186,Unhealthy,W,1018.43,5.59,Low,Low,Fault,42.7,0.83,200.16,Stable
06-08-2024 13:00,NODE_02,Sensor_Node_2_Factory_Area,123.84,194.16,7.258,544,81.71,34.86,22.61,34.4,51,3.8,186,Unhealthy,S,1025.42,9.26,Low,Normal,Active,74.5,0.75,186.2,Decreasing
06-08-2024 14:00,NODE_02,Sensor_Node_2_Factory_Area,101.48,173.1,6.183,530.4,81.6,40.63,16.78,39.9,65.7,2.3,175,Unhealthy,N,1007.6,9.43,Medium,Peak,Active,97.8,0.92,182.19,Increasing
06-08-2024 15:00,NODE_02,Sensor_Node_2_Factory_Area,91.78,164.02,5.494,492.3,54.2,24.34,14.07,37.3,67.9,1.7,170,Unhealthy,SW,1027.6,1.81,Low,Low,Active,26,0.97,181.43,Increasing
06-08-2024 16:00,NODE_02,Sensor_Node_2_Factory_Area,94.03,142.71,3.915,490.9,63.82,32.07,14.93,35.7,71,0.3,171,Unhealthy,SW,1008.96,7.15,Medium,High,Active,29.2,0.82,187.52,Increasing
06-08-2024 17:00,NODE_02,Sensor_Node_2_Factory_Area,70.89,144.33,4.76,479.3,63.92,28.98,19.56,36,73.8,3.7,159,Unhealthy,W,1008.08,6.76,High,High,Maintenance,65.9,0.9,149.23,Decreasing
06-08-2024 18:00,NODE_02,Sensor_Node_2_Factory_Area,99.48,169.79,4.884,482.3,65.9,33.69,17.49,35.3,61,3.4,174,Unhealthy,N,1013.78,5.53,High,Peak,Active,93,0.97,181.2,Stable
06-08-2024 19:00,NODE_02,Sensor_Node_2_Factory_Area,71.74,169.77,4.395,491.6,57.39,32.73,18.99,32.9,79.3,0.6,159,Unhealthy,W,1014.95,3.14,High,Normal,Active,45.6,0.73,167.28,Decreasing
06-08-2024 20:00,NODE_02,Sensor_Node_2_Factory_Area,87.99,151.52,4.442,512.9,68.63,31.28,12.05,34.2,76.5,2.6,500,Hazardous,SW,1013.17,3.72,Medium,Normal,Active,88.1,0.89,495.9,Stable
06-08-2024 21:00,NODE_02,Sensor_Node_2_Factory_Area,102.42,163.96,5.616,499.7,69.13,28.28,18.55,33.4,85.4,0.9,175,Unhealthy,NE,1011.53,6.45,High,Peak,Active,28,0.74,174.72,Decreasing
06-08-2024 22:00,NODE_02,Sensor_Node_2_Factory_Area,98.58,165.68,5.25,470.5,55.77,32.01,15.85,29.7,80,1.4,173,Unhealthy,W,1024.37,9.39,High,High,Active,69.2,0.82,188.94,Increasing
06-08-2024 23:00,NODE_02,Sensor_Node_2_Factory_Area,62.03,123.93,3.37,442.5,43.75,27.36,17.9,30.9,75.9,1.5,154,Unhealthy,S,1004.81,9.53,Low,Peak,Active,92.7,0.8,155.96,Increasing
07-08-2024 00:00,NODE_02,Sensor_Node_2_Factory_Area,64.42,133.24,3.903,499,63.97,27.94,18.2,30.3,86.9,2.1,156,Unhealthy,SW,1005.42,7.25,Low,Peak,Active,48.3,0.88,156.79,Decreasing
07-08-2024 01:00,NODE_02,Sensor_Node_2_Factory_Area,72.37,130.3,4.465,492.5,43.53,21.39,17.59,30,79.1,0.8,500,Hazardous,SW,1013.28,1.02,Medium,High,Active,35.4,0.73,503.18,Increasing
07-08-2024 02:00,NODE_02,Sensor_Node_2_Factory_Area,55.9,92.71,4.756,491.4,52.81,10.17,16.7,31.3,82.3,2.6,151,Unhealthy,S,1011.42,2.63,High,Low,Active,98.2,0.9,164.36,Increasing
07-08-2024 03:00,NODE_02,Sensor_Node_2_Factory_Area,25.02,63.41,1.582,436.2,17.51,12.02,27.08,29.4,78.6,5.2,78,Moderate,NE,1012.31,1.23,Medium,Normal,Active,20.5,0.74,75.64,Stable
07-08-2024 04:00,NODE_02,Sensor_Node_2_Factory_Area,26.78,33.86,1.374,470.5,19.51,13.13,18.15,32.6,65.8,1.8,82,Moderate,S,1025.91,1.99,Medium,Normal,Active,82.6,0.95,88.07,Decreasing
07-08-2024 05:00,NODE_02,Sensor_Node_2_Factory_Area,28.06,32.9,1.493,403.3,10.93,9.37,16.26,30.7,84.3,2.5,85,Moderate,N,1022.03,4.12,Medium,Normal,Active,25.9,0.92,85.1,Stable
07-08-2024 06:00,NODE_02,Sensor_Node_2_Factory_Area,112.63,178.46,6.009,448.6,94.7,38.22,19.71,34.8,70.8,4.4,180,Unhealthy,SW,1015.86,3.21,Low,Normal,Active,84.8,0.86,190.69,Decreasing
07-08-2024 07:00,NODE_02,Sensor_Node_2_Factory_Area,106.11,190.32,7.371,491,73.57,32.31,15.2,37.1,67.5,4.8,177,Unhealthy,W,1007.4,7.43,Medium,Normal,Active,59.9,0.96,179,Increasing
07-08-2024 08:00,NODE_02,Sensor_Node_2_Factory_Area,98.34,190.18,7.011,504.9,85.41,35.89,14.95,39.6,76.9,3,173,Unhealthy,NE,1013.53,1.67,Medium,High,Active,86.3,0.73,156.66,Stable
07-08-2024 09:00,NODE_02,Sensor_Node_2_Factory_Area,124.99,183.41,6.841,539.4,87.74,34.62,22.87,34.9,68.6,2.7,187,Unhealthy,NE,1001.55,8.82,Low,Peak,Active,22.7,0.72,205.06,Decreasing
07-08-2024 10:00,NODE_02,Sensor_Node_2_Factory_Area,115,199.14,6.68,501.6,81.18,35.54,9.14,39.5,70.1,3.3,182,Unhealthy,NE,1006.91,2.33,Low,Peak,Active,80.3,0.78,196.78,Increasing
07-08-2024 11:00,NODE_02,Sensor_Node_2_Factory_Area,111.35,191.52,6.182,523.9,76.09,32.36,21.56,40.1,67.9,3.9,180,Unhealthy,SE,1016.5,5.15,Low,Peak,Active,55.5,0.98,192.99,Decreasing
07-08-2024 12:00,NODE_02,Sensor_Node_2_Factory_Area,379.85,652.03,19.514,520,81.42,60.64,14.42,38.7,69.8,3.9,500,Hazardous,NE,1006.36,9.88,Medium,High,Fault,36.3,0.98,502.42,Increasing
07-08-2024 13:00,NODE_02,Sensor_Node_2_Factory_Area,100.19,165.25,6.358,483.6,85.11,40.74,11.1,38.2,72.2,1,174,Unhealthy,E,1008.32,1.28,High,Normal,Active,35.1,0.87,177.02,Decreasing
07-08-2024 14:00,NODE_02,Sensor_Node_2_Factory_Area,110.08,203.4,6.531,504.9,92.09,38.06,9.99,38.4,72.5,2.7,179,Unhealthy,W,1013.35,9.19,Medium,Normal,Active,83.3,0.84,171.55,Decreasing
07-08-2024 15:00,NODE_02,Sensor_Node_2_Factory_Area,78.1,150.57,5.625,471,71.09,17.23,19.3,36.2,80.3,2.9,163,Unhealthy,E,994.38,9.16,High,High,Active,73.4,0.74,170.57,Increasing
07-08-2024 16:00,NODE_02,Sensor_Node_2_Factory_Area,72.81,144.3,4.269,528.4,64.71,27.96,18.19,34.3,75.3,2,160,Unhealthy,N,1013.28,6.37,Medium,Peak,Active,72.6,0.84,168.47,Stable
07-08-2024 17:00,NODE_02,Sensor_Node_2_Factory_Area,93.12,167.89,5.63,482.8,73.47,29.89,10.43,34.8,67.6,5.1,170,Unhealthy,NW,1013.88,8.28,Medium,Normal,Active,62.3,0.73,170.39,Decreasing
07-08-2024 18:00,NODE_02,Sensor_Node_2_Factory_Area,74.87,145.79,4.709,473,61.44,29.07,21.02,34.5,73.1,2.9,161,Unhealthy,SE,1015.41,3.05,Medium,Low,Active,63.2,0.77,171.36,Decreasing
07-08-2024 19:00,NODE_02,Sensor_Node_2_Factory_Area,92.97,166.3,5.602,519,71.12,25.42,19.92,33.3,78.4,4,170,Unhealthy,W,1022.1,5.21,High,High,Active,39.1,0.76,169.26,Decreasing
07-08-2024 20:00,NODE_02,Sensor_Node_2_Factory_Area,88.04,163.75,5.275,489.2,68.84,31.49,28.19,29,78.2,0.6,168,Unhealthy,SE,1008.9,9.46,Low,Normal,Active,95.7,0.9,168.85,Stable
07-08-2024 21:00,NODE_02,Sensor_Node_2_Factory_Area,88.35,149.52,3.938,497.4,66.33,25.46,18.61,30.7,65.8,6.1,168,Unhealthy,S,1010.76,5.88,High,Peak,Active,23.4,0.79,170.48,Stable
07-08-2024 22:00,NODE_02,Sensor_Node_2_Factory_Area,83.61,155.66,5.174,505.8,66.47,32,16.83,33.5,74.6,0.9,166,Unhealthy,NE,1007.28,9.91,High,Normal,Active,75,0.77,162.51,Decreasing
07-08-2024 23:00,NODE_02,Sensor_Node_2_Factory_Area,60.52,96.52,4.204,413.9,45.38,16.23,21.51,26.9,81.1,2,154,Unhealthy,E,1008.27,6.15,Medium,Normal,Active,21.4,0.86,153.57,Increasing
08-08-2024 00:00,NODE_02,Sensor_Node_2_Factory_Area,67.52,121.22,4.31,442.6,39.13,27.61,16.69,29.2,81.8,5.2,157,Unhealthy,SE,1007.67,3.57,Low,Low,Active,69.8,0.76,171.82,Stable
08-08-2024 01:00,NODE_02,Sensor_Node_2_Factory_Area,56.65,94.1,3.59,448.7,44.98,26.34,27.83,30.5,81,1.5,152,Unhealthy,E,1007.68,5.77,High,High,Active,42.4,0.92,140.44,Decreasing
08-08-2024 02:00,NODE_02,Sensor_Node_2_Factory_Area,67.91,95.87,3.361,467.4,42.97,16.51,17.24,32.3,86.5,1.7,157,Unhealthy,W,1000.23,3.9,Low,Low,Active,98.9,0.85,155.58,Decreasing
08-08-2024 03:00,NODE_02,Sensor_Node_2_Factory_Area,27.24,18.58,1.153,431.9,21.99,8.6,23.59,30.3,78.3,3.5,83,Moderate,W,1005.15,3.6,Medium,Peak,Active,32.1,0.75,88.63,Stable
08-08-2024 04:00,NODE_02,Sensor_Node_2_Factory_Area,22.81,76.44,1.442,428.9,17.06,7.12,28.04,31.9,80.9,7,74,Moderate,E,1016.78,6.77,Low,Peak,Active,78.3,0.81,69.38,Increasing
08-08-2024 05:00,NODE_02,Sensor_Node_2_Factory_Area,31.22,64.25,1.928,442.6,23.96,4.39,37.86,33.8,77.3,2.4,91,Moderate,NE,1009.96,9.35,High,Low,Active,54.2,0.83,87.52,Stable
08-08-2024 06:00,NODE_02,Sensor_Node_2_Factory_Area,107.88,191.06,5.989,490,81.63,39.09,22.28,34.3,68.6,6,178,Unhealthy,E,1009.05,3.24,Low,Normal,Active,38,0.96,171.94,Stable
08-08-2024 07:00,NODE_02,Sensor_Node_2_Factory_Area,107.1,196.09,6.18,514.5,87.15,34.42,7.4,33.7,79.9,0.9,178,Unhealthy,NW,1009.39,4.37,Low,Normal,Maintenance,91.5,0.94,166.73,Increasing
08-08-2024 08:00,NODE_02,Sensor_Node_2_Factory_Area,96.45,208.45,5.536,491.1,81.38,43.13,16.13,35.7,63.4,2.1,172,Unhealthy,NW,1013.88,2.66,Low,High,Active,27.8,0.76,164.13,Decreasing
08-08-2024 09:00,NODE_02,Sensor_Node_2_Factory_Area,114.18,184.98,6.76,518.7,77.77,33.49,12.37,37.1,73.2,2.3,181,Unhealthy,N,1004.04,1.99,High,High,Active,39.3,0.94,179.57,Increasing
08-08-2024 10:00,NODE_02,Sensor_Node_2_Factory_Area,116.08,171.11,6.042,508.6,83.41,39.49,12.95,36,64.9,3.2,182,Unhealthy,N,1017.46,4.48,High,High,Active,91.9,1,168.49,Increasing
08-08-2024 11:00,NODE_02,Sensor_Node_2_Factory_Area,117.82,208.56,6.972,519.2,75.75,39.13,14.99,37.3,62.1,0.9,183,Unhealthy,SE,999.52,9.26,Medium,Normal,Maintenance,76.2,0.94,187.32,Decreasing
08-08-2024 12:00,NODE_02,Sensor_Node_2_Factory_Area,111.36,187.58,6.51,515,81.94,33.05,5.97,39.2,66.5,2.2,180,Unhealthy,W,1018.11,5.29,High,Peak,Active,97.2,0.87,195.01,Increasing
08-08-2024 13:00,NODE_02,Sensor_Node_2_Factory_Area,108.59,190.79,5.918,516.8,68.42,39.22,19.81,36.5,66.6,3.7,178,Unhealthy,SE,1014.56,5.06,High,Peak,Active,27.2,0.88,161.33,Increasing
08-08-2024 14:00,NODE_02,Sensor_Node_2_Factory_Area,116.56,175.93,5.752,524.7,97.59,37.98,18.84,37,67.9,4.5,183,Unhealthy,S,999.65,9.57,Medium,Normal,Active,76.5,0.77,188.77,Stable
08-08-2024 15:00,NODE_02,Sensor_Node_2_Factory_Area,90.81,154.47,5.273,484.1,66.78,33.67,19.13,37.1,68.9,1.7,500,Hazardous,E,1012.52,9.68,Low,Normal,Active,25.1,0.7,513.44,Stable
08-08-2024 16:00,NODE_02,Sensor_Node_2_Factory_Area,100.58,166.96,5.745,467.7,77.31,36.67,23.62,38.5,73.8,1.5,174,Unhealthy,SE,1014.4,5.64,Medium,High,Active,48,0.91,163.2,Stable
08-08-2024 17:00,NODE_02,Sensor_Node_2_Factory_Area,81.23,143.64,5.278,490.3,70.44,21.63,17.63,35.9,74.9,3.5,164,Unhealthy,NE,1004.83,7.22,Medium,Low,Active,60.9,0.7,165,Increasing
08-08-2024 18:00,NODE_02,Sensor_Node_2_Factory_Area,84.97,159.02,4.97,503.2,70.19,28.55,14.56,35.7,75.4,1.2,166,Unhealthy,SE,1011.61,6.69,High,Normal,Maintenance,87.6,0.93,156.36,Increasing
08-08-2024 19:00,NODE_02,Sensor_Node_2_Factory_Area,104.82,159.37,5.425,460.6,69.37,27.53,22.53,33.5,79.5,0.4,176,Unhealthy,N,1002.9,4.32,Medium,High,Active,82.1,0.95,193.09,Decreasing
08-08-2024 20:00,NODE_02,Sensor_Node_2_Factory_Area,105.06,140.82,5.593,499.3,81.06,31.62,21.41,33.3,80.5,2.2,177,Unhealthy,NW,1017.21,8.82,Medium,Peak,Active,96.3,0.99,167.5,Decreasing
08-08-2024 21:00,NODE_02,Sensor_Node_2_Factory_Area,99.63,176.29,4.141,485.5,68.25,28.09,26.3,31.9,73.9,3.7,174,Unhealthy,E,1016.22,5.69,Medium,Low,Active,36,1,183.46,Decreasing
08-08-2024 22:00,NODE_02,Sensor_Node_2_Factory_Area,97.33,153.94,5.053,474.5,69.82,30.07,14.78,32.1,87.4,1.4,173,Unhealthy,NW,1011.92,6.9,High,Low,Active,65.2,0.82,176.48,Decreasing
08-08-2024 23:00,NODE_02,Sensor_Node_2_Factory_Area,66.39,124.32,4.072,463.1,45.2,28.99,22.71,28.8,82.9,0.4,157,Unhealthy,N,996.69,4.84,Medium,Peak,Active,43,0.73,150.26,Stable
09-08-2024 00:00,NODE_02,Sensor_Node_2_Factory_Area,67.84,114.82,4.329,422,37.75,27.12,20.16,29.4,70,4.3,157,Unhealthy,SE,1011.65,1.37,Medium,Low,Active,90.3,0.98,158.24,Stable
09-08-2024 01:00,NODE_02,Sensor_Node_2_Factory_Area,67.55,119.21,3.689,476.3,58.17,25.16,23.91,30.5,74.3,4.5,157,Unhealthy,W,1010.93,4.03,High,High,Fault,65.3,0.75,171.33,Decreasing
09-08-2024 02:00,NODE_02,Sensor_Node_2_Factory_Area,177.16,298.63,9.909,478,58.06,43.9,26.05,30.3,81.8,1.8,227,Very Unhealthy,SE,1007.97,3.65,Low,Peak,Active,32.2,0.87,238.19,Increasing
09-08-2024 03:00,NODE_02,Sensor_Node_2_Factory_Area,19.49,64.65,1.587,413.5,21.26,5.46,25.46,32.4,79.1,2.7,67,Moderate,N,1003.25,2.16,Medium,High,Active,32.1,0.86,68.29,Stable
09-08-2024 04:00,NODE_02,Sensor_Node_2_Factory_Area,29.15,66.9,1.526,446.5,22.23,6.65,22.73,31.7,82.6,0.9,87,Moderate,SW,1006.95,2.26,Low,Normal,Active,98,0.84,83.6,Stable
09-08-2024 05:00,NODE_02,Sensor_Node_2_Factory_Area,21.28,65.77,1.792,462.2,2.34,12.71,20.5,32.1,72.4,1.5,70,Moderate,NW,1009.05,9.06,Low,High,Active,30.3,0.71,64.86,Increasing
09-08-2024 06:00,NODE_02,Sensor_Node_2_Factory_Area,104.32,188.53,6.352,475.3,86.41,36.05,16.96,33.3,72.2,1.7,176,Unhealthy,NW,1011.37,7,Low,High,Active,39.1,0.97,171.06,Increasing
09-08-2024 07:00,NODE_02,Sensor_Node_2_Factory_Area,92.65,189.3,6.385,522.2,76.22,38.88,26.02,34.3,74.8,5.5,170,Unhealthy,S,1015.95,4.94,Low,Peak,Fault,40.8,0.72,156.48,Increasing
09-08-2024 08:00,NODE_02,Sensor_Node_2_Factory_Area,121.46,209.69,6.254,524.5,90.02,40.82,19.45,37.8,67.6,5.9,185,Unhealthy,S,1015.77,8.33,High,Peak,Active,92.4,0.74,168.62,Stable
09-08-2024 09:00,NODE_02,Sensor_Node_2_Factory_Area,106.33,159.48,6.189,499.4,71.38,36.18,21.36,35.5,79,5,177,Unhealthy,SE,1013.22,3.92,Medium,Low,Active,65.8,0.7,170.7,Decreasing
09-08-2024 10:00,NODE_02,Sensor_Node_2_Factory_Area,109.61,177.54,6.671,518.7,82.8,37.02,15.97,36.5,68.8,5.3,179,Unhealthy,S,1005.83,3.68,Low,Low,Active,38.4,0.7,181.13,Stable
09-08-2024 11:00,NODE_02,Sensor_Node_2_Factory_Area,104.36,200.69,7.559,524.8,82.7,37.4,21.67,37.7,69.6,3.6,176,Unhealthy,N,1013.2,8.85,High,Low,Active,98.8,0.7,180.14,Increasing
09-08-2024 12:00,NODE_02,Sensor_Node_2_Factory_Area,111.52,204.72,7.266,503.4,92.68,30.05,18.42,34.7,61.4,2.7,180,Unhealthy,E,1015.94,5.25,Low,Normal,Active,36.6,0.75,177.64,Increasing
09-08-2024 13:00,NODE_02,Sensor_Node_2_Factory_Area,101.71,189.32,6.29,479,86.01,36.3,11.94,39.9,74.3,2.3,175,Unhealthy,SE,1016.14,1.96,High,Normal,Active,33.8,0.95,171.66,Decreasing
09-08-2024 14:00,NODE_02,Sensor_Node_2_Factory_Area,113.76,183.49,6.291,486.7,76.95,33.92,16.65,37.8,61.9,3.7,181,Unhealthy,NW,1017.75,1.11,High,High,Active,93.1,0.76,194.61,Decreasing
09-08-2024 15:00,NODE_02,Sensor_Node_2_Factory_Area,78.81,181.75,5.335,440.8,71.18,33.54,15.15,38.1,74.2,2.4,163,Unhealthy,NE,998.07,7.65,High,Low,Active,51.5,0.95,168.72,Increasing
09-08-2024 16:00,NODE_02,Sensor_Node_2_Factory_Area,88.6,154.55,5.779,479.6,73.79,29.89,23.2,37.1,65.1,2.9,500,Hazardous,SW,1003.34,6.97,Medium,Low,Active,80,0.89,495.21,Increasing
09-08-2024 17:00,NODE_02,Sensor_Node_2_Factory_Area,90.15,176.47,4.908,476,65.91,31.5,21.74,35.6,65.7,4.4,169,Unhealthy,S,1009.64,8.04,High,Low,Maintenance,95.2,0.73,158.29,Increasing
09-08-2024 18:00,NODE_02,Sensor_Node_2_Factory_Area,75.86,155.62,5.01,495.4,68.15,22.8,21.34,32.5,64.9,0.9,162,Unhealthy,S,1016.7,1.04,High,Peak,Active,57.7,0.82,162.2,Stable
09-08-2024 19:00,NODE_02,Sensor_Node_2_Factory_Area,88.41,146.24,4.721,480,62.07,34.99,19.97,32.7,78.1,1.2,168,Unhealthy,NW,1017.06,3.56,High,Peak,Active,98,0.71,170.61,Decreasing
09-08-2024 20:00,NODE_02,Sensor_Node_2_Factory_Area,95.47,142.28,4.609,498.8,68.35,29.42,16.65,32.9,66.8,5,172,Unhealthy,NE,1008.24,7.02,Low,Peak,Active,90.1,0.79,178.2,Decreasing
09-08-2024 21:00,NODE_02,Sensor_Node_2_Factory_Area,72.5,169.42,5.394,470.4,60.8,33.64,22.93,32,81.8,1.2,160,Unhealthy,NW,1024.48,7.17,High,Low,Maintenance,46.4,0.88,156.48,Decreasing
09-08-2024 22:00,NODE_02,Sensor_Node_2_Factory_Area,86.72,160.92,5.239,451.6,73.38,31.14,20.03,32.6,72.4,0.3,167,Unhealthy,NW,1000.83,5.43,High,Low,Active,46.9,0.99,156.94,Increasing
09-08-2024 23:00,NODE_02,Sensor_Node_2_Factory_Area,57.47,121.01,3.462,499,45.55,18.73,18.79,29.7,75.6,1.2,152,Unhealthy,NW,1010.05,1.83,High,Low,Active,87.4,0.99,151.67,Decreasing
10-08-2024 00:00,NODE_02,Sensor_Node_2_Factory_Area,30.45,81.16,2.278,466.2,24.26,7.94,20.33,32.3,87.1,3.3,90,Moderate,SW,1016.15,4.77,Low,High,Active,29.3,0.94,85.37,Stable
10-08-2024 01:00,NODE_02,Sensor_Node_2_Factory_Area,35.63,36.78,2.203,473,31.15,6.44,11.66,28,77.3,3.8,101,Unhealthy for Sensitive Groups,NW,1009.21,6.06,High,High,Active,61.7,0.83,94.76,Increasing
10-08-2024 02:00,NODE_02,Sensor_Node_2_Factory_Area,32.21,91.29,1.894,514.3,37.4,5.17,26.88,29.8,82.8,1.8,93,Moderate,NE,1006.37,9.9,High,Peak,Fault,20.6,0.88,96.72,Increasing
10-08-2024 03:00,NODE_02,Sensor_Node_2_Factory_Area,17.79,14.48,0.82,414.2,10.35,6.63,30.29,33.4,76.2,1.3,63,Moderate,SW,1019.27,4.87,High,Peak,Active,46.3,0.85,64.72,Increasing
10-08-2024 04:00,NODE_02,Sensor_Node_2_Factory_Area,8.87,30.15,0.959,461.2,19.78,6.78,32.6,31.2,78.8,2.3,37,Good,N,1011.22,6.91,High,High,Active,85.9,0.9,34.95,Decreasing
10-08-2024 05:00,NODE_02,Sensor_Node_2_Factory_Area,13.84,32.29,1.105,435,16.83,9.85,24.91,33.9,75.8,3.6,55,Moderate,NW,1013.27,8.64,High,Low,Maintenance,63.9,0.72,56.23,Decreasing
10-08-2024 06:00,NODE_02,Sensor_Node_2_Factory_Area,236.27,349.16,8.106,527.7,59.09,41.67,8.29,36.2,78,5.3,286,Very Unhealthy,SW,1019.21,4.96,High,Low,Active,59.2,0.87,258.32,Stable
10-08-2024 07:00,NODE_02,Sensor_Node_2_Factory_Area,74.01,123.46,4.065,533.6,39.13,19.21,23.17,34.3,62.6,0.3,161,Unhealthy,N,1007.2,2.39,Low,Low,Active,34.2,0.94,174.17,Stable
10-08-2024 08:00,NODE_02,Sensor_Node_2_Factory_Area,83.6,103.45,4.671,476.9,44.5,24.2,11.76,36.4,79.8,3.1,166,Unhealthy,S,1013.22,8.11,Low,Low,Active,23,0.85,160.87,Decreasing
10-08-2024 09:00,NODE_02,Sensor_Node_2_Factory_Area,70.26,136.88,2.983,516.5,57.98,21.96,25.48,36.1,58.1,2,159,Unhealthy,SW,1009.51,9.47,Low,Low,Active,47.1,0.73,144.16,Decreasing
10-08-2024 10:00,NODE_02,Sensor_Node_2_Factory_Area,72.11,142.26,4.409,500.5,52.14,28.46,9.9,38.6,80,1.8,500,Hazardous,E,1004.81,7.13,Low,High,Fault,99.1,0.95,532.17,Decreasing
10-08-2024 11:00,NODE_02,Sensor_Node_2_Factory_Area,75.85,116.77,3.834,507.1,59.36,29.84,6.22,34.2,76,5.9,162,Unhealthy,N,1018.41,6.49,Low,Low,Active,40.5,0.8,170.93,Increasing
10-08-2024 12:00,NODE_02,Sensor_Node_2_Factory_Area,75.51,120.88,5.148,513.9,51.47,21.97,15.28,36.8,76.1,3.4,161,Unhealthy,SW,1015.23,8.92,Low,Low,Active,47.1,0.71,163.01,Stable
10-08-2024 13:00,NODE_02,Sensor_Node_2_Factory_Area,72.49,143.65,4.69,491.3,46.84,29.11,7.88,38.4,62.8,2.3,160,Unhealthy,N,1013.71,9.32,Low,Peak,Active,76.7,0.71,169.42,Increasing
10-08-2024 14:00,NODE_02,Sensor_Node_2_Factory_Area,65.13,132.14,4.558,529.5,57.91,24.8,21.25,35.4,61.5,3,156,Unhealthy,W,1012.5,3.46,Medium,High,Active,90.9,0.89,161.07,Decreasing
10-08-2024 15:00,NODE_02,Sensor_Node_2_Factory_Area,46.91,118.82,3.606,493.8,44.27,18.94,26.88,39.2,64.2,3.8,129,Unhealthy for Sensitive Groups,SE,1020.44,8.43,Medium,High,Active,39.2,0.77,129.71,Increasing
10-08-2024 16:00,NODE_02,Sensor_Node_2_Factory_Area,62.4,104.23,3.505,460.3,32.69,21.85,12.9,33.9,56.5,4.9,155,Unhealthy,SW,996.52,2.94,Low,Low,Maintenance,63.1,0.89,151.7,Increasing
10-08-2024 17:00,NODE_02,Sensor_Node_2_Factory_Area,53.39,110.71,3.132,488.9,49.6,20.58,15.48,35.5,58.5,0.8,145,Unhealthy for Sensitive Groups,SE,1010.27,3.03,High,Low,Active,93.8,0.91,149.2,Stable
10-08-2024 18:00,NODE_02,Sensor_Node_2_Factory_Area,69.35,85.12,3.386,479.3,39.77,20.23,16.31,36.8,60.2,1.9,158,Unhealthy,N,1003.28,4.55,High,Low,Active,67.7,0.81,144.76,Increasing
10-08-2024 19:00,NODE_02,Sensor_Node_2_Factory_Area,62.25,103.03,3.827,491.8,50.69,18.91,13.23,32.8,80.5,1.5,154,Unhealthy,E,1013.45,3.13,Medium,Low,Fault,82.5,0.82,167.46,Decreasing
10-08-2024 20:00,NODE_02,Sensor_Node_2_Factory_Area,62.16,103.51,2.943,482.8,42.41,18.75,21.63,31.4,79.2,3.3,154,Unhealthy,W,1019.34,8.1,Low,Normal,Active,24.8,0.94,163.74,Decreasing
10-08-2024 21:00,NODE_02,Sensor_Node_2_Factory_Area,52.93,86.81,2.715,504.6,45.49,20.93,15.13,31,74.2,1.7,144,Unhealthy for Sensitive Groups,S,1006.89,6.1,Low,Low,Active,71,0.98,151.04,Stable
10-08-2024 22:00,NODE_02,Sensor_Node_2_Factory_Area,59.63,81.36,3.278,464.4,40.07,18.33,20.94,31.4,81.8,2.3,153,Unhealthy,NE,1021.16,9.72,Low,Peak,Active,35.5,0.77,166.05,Increasing
10-08-2024 23:00,NODE_02,Sensor_Node_2_Factory_Area,31.04,66.09,2.63,462.9,35.29,16.23,16.98,29.9,76.9,2.2,91,Moderate,SW,1014.22,4.16,Medium,Peak,Active,30.5,0.72,87.96,Decreasing
11-08-2024 00:00,NODE_02,Sensor_Node_2_Factory_Area,38.83,59.8,2.041,444.7,27.84,20.41,24.25,31.9,72.3,3.9,109,Unhealthy for Sensitive Groups,N,1016.69,7.78,Low,Normal,Active,27.8,0.98,111.52,Decreasing
11-08-2024 01:00,NODE_02,Sensor_Node_2_Factory_Area,27.32,67.31,2.547,440.7,32.96,13.54,10.33,28.6,71.1,2.5,83,Moderate,E,1016.85,8.94,Medium,Peak,Fault,30.2,0.76,76.16,Stable
11-08-2024 02:00,NODE_02,Sensor_Node_2_Factory_Area,46.97,65.24,3.07,462.5,35.04,16.03,28.47,29.5,79.9,2.5,129,Unhealthy for Sensitive Groups,NW,1014.37,6.65,Low,Low,Active,83.5,0.85,135.06,Increasing
11-08-2024 03:00,NODE_02,Sensor_Node_2_Factory_Area,10.3,36.25,1.82,416,17.82,1.88,36.64,28.3,67.1,2.1,43,Good,W,1006.38,7.11,High,Normal,Active,24.6,0.83,41.06,Increasing
11-08-2024 04:00,NODE_02,Sensor_Node_2_Factory_Area,22.04,56.07,1.618,441.7,13.72,3.42,26.96,31.7,76.1,2.9,72,Moderate,E,1007.65,4.72,Medium,Low,Active,27.6,0.73,76.47,Decreasing
11-08-2024 05:00,NODE_02,Sensor_Node_2_Factory_Area,11.95,30.92,0.742,423.7,17.56,7.67,34.38,35,66.4,1.6,50,Good,E,1011.8,5.35,Low,High,Active,33.9,0.86,50.8,Increasing
11-08-2024 06:00,NODE_02,Sensor_Node_2_Factory_Area,56.79,154.24,4.9,493.7,63.3,28.97,6.4,35.3,69.1,3,500,Hazardous,N,1009.17,6.22,High,Peak,Active,21.2,0.97,519.56,Decreasing
11-08-2024 07:00,NODE_02,Sensor_Node_2_Factory_Area,74.56,121.71,4.871,470.4,58.13,25.51,19.53,34.3,72.7,2.5,161,Unhealthy,NW,1015.38,2.94,Medium,Normal,Active,40.2,0.94,161.93,Decreasing
11-08-2024 08:00,NODE_02,Sensor_Node_2_Factory_Area,68.97,110.85,4.491,529.8,50.32,19.05,16.59,34.3,67.6,3.9,500,Hazardous,W,998.39,1.5,High,High,Active,67.5,0.78,521.95,Stable
11-08-2024 09:00,NODE_02,Sensor_Node_2_Factory_Area,68.84,125.76,4.978,509.9,51.68,22.22,12.18,35.3,59.4,2.2,158,Unhealthy,N,1014.06,1.68,Low,Normal,Active,29.2,0.85,163.5,Stable
11-08-2024 10:00,NODE_02,Sensor_Node_2_Factory_Area,74.03,119.3,4.145,525.8,55.84,19.71,13.18,38.8,69.7,7.3,161,Unhealthy,SW,1011.41,9.49,High,Low,Active,32.4,0.71,168.17,Decreasing
11-08-2024 11:00,NODE_02,Sensor_Node_2_Factory_Area,78.88,120.16,3.462,514.1,56.37,24.52,9.09,36.9,60.6,4.7,163,Unhealthy,SW,1010.56,6.37,High,High,Active,42.3,0.71,173.57,Decreasing
11-08-2024 12:00,NODE_02,Sensor_Node_2_Factory_Area,71.15,137.05,4.905,511.4,59.3,21.23,12.37,39.5,60.8,3.2,159,Unhealthy,E,1011.42,1.05,Low,Normal,Maintenance,71.6,0.86,152.32,Decreasing
11-08-2024 13:00,NODE_02,Sensor_Node_2_Factory_Area,77.08,122.37,3.49,507.9,61.66,22.68,21.11,38.4,68,4.8,162,Unhealthy,E,998.83,2.07,High,Low,Active,97,0.89,176.1,Stable
11-08-2024 14:00,NODE_02,Sensor_Node_2_Factory_Area,68.97,103.12,3.947,497.2,58.63,23.34,21.42,37.9,63.8,3.4,158,Unhealthy,NW,1016.17,8.12,High,Normal,Active,84.9,0.85,146.07,Decreasing
11-08-2024 15:00,NODE_02,Sensor_Node_2_Factory_Area,50.68,93.58,2.79,505.1,44.75,19.82,14.29,35.3,66.8,3.1,138,Unhealthy for Sensitive Groups,W,1012.17,3.94,Low,Normal,Active,73.5,0.79,139.77,Decreasing
11-08-2024 16:00,NODE_02,Sensor_Node_2_Factory_Area,51.57,95.05,3.541,483,35.5,24.74,10.74,32.6,74.2,3.3,141,Unhealthy for Sensitive Groups,SW,1026.72,7.47,Medium,Normal,Active,54.3,0.7,154.41,Decreasing
11-08-2024 17:00,NODE_02,Sensor_Node_2_Factory_Area,45.52,102.76,3.043,472.1,41.05,15.21,24.44,33.9,73.5,7.2,126,Unhealthy for Sensitive Groups,N,1016.31,7.53,Medium,Peak,Active,92.1,0.93,113.78,Stable
11-08-2024 18:00,NODE_02,Sensor_Node_2_Factory_Area,65.24,86.46,3.516,470.9,42.47,16.89,14.92,34.2,64.7,2.1,156,Unhealthy,S,1013.28,7.49,Medium,Peak,Active,70.8,0.96,164.46,Stable
11-08-2024 19:00,NODE_02,Sensor_Node_2_Factory_Area,64.63,95.27,3.142,493.4,44.27,12.21,23.33,32.5,75,5.1,156,Unhealthy,NW,1005.48,1.21,Medium,Low,Active,29.3,0.71,159.84,Increasing
11-08-2024 20:00,NODE_02,Sensor_Node_2_Factory_Area,74.82,116.81,3.433,462.3,34.19,23.37,16.39,31.7,68.1,3.6,161,Unhealthy,N,1006.68,3.4,High,Peak,Active,60.6,0.99,148.85,Stable
11-08-2024 21:00,NODE_02,Sensor_Node_2_Factory_Area,60.77,92.53,3.65,485.3,49.84,18.7,14.28,33.2,76.8,3.9,154,Unhealthy,SE,1006.36,3.68,Medium,Low,Active,60.3,0.86,163.97,Decreasing
11-08-2024 22:00,NODE_02,Sensor_Node_2_Factory_Area,51.31,104.61,3.23,472.7,60.32,14.69,20.17,30.6,71,3.3,140,Unhealthy for Sensitive Groups,E,1023.53,1.98,High,High,Maintenance,63,0.82,152.61,Decreasing
11-08-2024 23:00,NODE_02,Sensor_Node_2_Factory_Area,40.2,70.35,2.405,504,26.99,19.22,23.76,27.2,75.6,3.1,113,Unhealthy for Sensitive Groups,S,1007.04,5.01,Low,Peak,Active,45.9,0.85,121.92,Increasing
12-08-2024 00:00,NODE_02,Sensor_Node_2_Factory_Area,66.31,105.5,3.484,463.4,64.13,17.97,18.39,30,69.2,2.3,157,Unhealthy,NW,1002.87,9.25,Medium,Peak,Active,20.9,0.96,144.49,Stable
12-08-2024 01:00,NODE_02,Sensor_Node_2_Factory_Area,69.46,98.11,3.02,491.8,54.05,25.29,24.96,29.9,77.6,3.7,158,Unhealthy,NW,1017.53,1.84,High,Low,Active,98.3,0.84,169.02,Increasing
12-08-2024 02:00,NODE_02,Sensor_Node_2_Factory_Area,55.94,149.28,3.182,460.7,50.92,22.26,30.62,32.1,79.7,1.2,151,Unhealthy,W,1017.24,2.8,Medium,High,Fault,33.4,0.96,145.79,Stable
12-08-2024 03:00,NODE_02,Sensor_Node_2_Factory_Area,35.78,54.3,1.634,422.3,29.84,8.78,19.4,29.7,79.5,3.6,500,Hazardous,NE,1011.4,5.06,Medium,Peak,Active,80.3,0.91,523.66,Decreasing
12-08-2024 04:00,NODE_02,Sensor_Node_2_Factory_Area,31.39,36.16,1.646,431.6,19.64,8.55,21.7,33.1,68.9,4.2,92,Moderate,N,1017.64,4.65,Medium,Peak,Maintenance,99.7,0.83,95.22,Decreasing
12-08-2024 05:00,NODE_02,Sensor_Node_2_Factory_Area,17.11,52.25,0.708,448.3,20.66,7.33,23.79,31,74.6,2.6,62,Moderate,E,1013.65,7.13,Medium,Normal,Active,46.8,0.88,57.45,Stable
12-08-2024 06:00,NODE_02,Sensor_Node_2_Factory_Area,107.21,200.78,6.42,517.7,75.63,35.57,18.65,35.9,65.2,4,178,Unhealthy,N,1004.36,2.79,Low,High,Active,40.8,0.72,166.5,Stable
12-08-2024 07:00,NODE_02,Sensor_Node_2_Factory_Area,103.27,194,5.845,485.4,84.94,37.43,14.89,33.4,77.1,5.1,176,Unhealthy,NE,1024.64,4.58,Medium,Peak,Active,72.1,0.87,160.69,Decreasing
12-08-2024 08:00,NODE_02,Sensor_Node_2_Factory_Area,95.81,206.82,6.058,529.2,88.29,30.29,17.23,38.5,65.4,4.4,172,Unhealthy,N,998.71,8.35,High,Low,Active,47.1,0.71,180.34,Stable
12-08-2024 09:00,NODE_02,Sensor_Node_2_Factory_Area,123.27,192.23,6.338,538.1,89.05,35.06,18.12,36,68.4,0.3,186,Unhealthy,NW,1009.95,6.54,Medium,Low,Active,28.4,0.86,176.52,Increasing
12-08-2024 10:00,NODE_02,Sensor_Node_2_Factory_Area,119.56,187.73,5.963,487.6,84.52,32.77,8.84,35.7,73.9,1.2,184,Unhealthy,S,1020.8,5.22,High,Normal,Fault,51.5,0.81,177.17,Increasing
12-08-2024 11:00,NODE_02,Sensor_Node_2_Factory_Area,108.86,181.86,6.093,500,72.39,40.36,15.92,38.2,71.7,2,179,Unhealthy,NW,1023.82,6.11,Medium,Normal,Active,27.2,0.8,189.53,Decreasing
12-08-2024 12:00,NODE_02,Sensor_Node_2_Factory_Area,502.73,868.21,22.968,524.1,89.6,102.2,22.83,38,66.3,0.6,500,Hazardous,NE,1006.45,5.79,High,Normal,Active,52.7,0.73,483.12,Decreasing
12-08-2024 13:00,NODE_02,Sensor_Node_2_Factory_Area,116.55,174.03,5.643,474.1,82.45,41.47,18.17,39.2,61,3.7,183,Unhealthy,SE,1011.96,6.06,Medium,Normal,Active,39.7,1,188.77,Decreasing
12-08-2024 14:00,NODE_02,Sensor_Node_2_Factory_Area,116.39,184.76,5.553,481.4,88.6,36.88,24.98,37.6,57.9,1.3,182,Unhealthy,W,1006.07,1.19,Medium,Normal,Maintenance,54.6,0.72,175.01,Increasing
12-08-2024 15:00,NODE_02,Sensor_Node_2_Factory_Area,86.18,152.6,4.927,486.9,69.81,20.69,15.04,38.7,77.4,2.3,167,Unhealthy,SE,1020.93,9.8,Medium,Low,Active,20.3,0.76,176.04,Increasing
12-08-2024 16:00,NODE_02,Sensor_Node_2_Factory_Area,94.11,180.38,5.23,489,62.24,32.85,16.89,38.4,71.2,1.9,171,Unhealthy,NW,1013.68,1.56,High,High,Active,35.3,0.96,182.68,Decreasing
12-08-2024 17:00,NODE_02,Sensor_Node_2_Factory_Area,90.07,143.35,5.074,506.9,72.95,26.92,7.94,33.9,71.4,3.9,169,Unhealthy,W,1009.91,3.94,High,Normal,Active,30,0.97,165.3,Increasing
12-08-2024 18:00,NODE_02,Sensor_Node_2_Factory_Area,99.45,163.12,4.795,492.1,70.79,34.07,13.45,35.3,75.6,2.5,174,Unhealthy,NW,1015.33,9.71,Medium,High,Active,64.7,0.85,189.78,Stable
12-08-2024 19:00,NODE_02,Sensor_Node_2_Factory_Area,83.93,182.42,5.778,483.5,64.24,28.66,14.64,32.6,78.5,4.3,166,Unhealthy,NW,1002.75,6,Low,Low,Maintenance,98.1,0.72,169.92,Increasing
12-08-2024 20:00,NODE_02,Sensor_Node_2_Factory_Area,86.02,167.31,5.801,469,52.43,29.46,19.68,30.2,85,0.7,167,Unhealthy,E,1004.45,5.14,Medium,Peak,Active,44.8,0.85,166.44,Stable
12-08-2024 21:00,NODE_02,Sensor_Node_2_Factory_Area,239.15,452.31,10.687,460.1,75.37,42.31,22.33,29.9,74.9,2.6,331,Hazardous,NW,1013.63,7.19,Medium,High,Active,28.1,0.94,306.39,Decreasing
12-08-2024 22:00,NODE_02,Sensor_Node_2_Factory_Area,94.28,138.73,4.621,496.4,72.26,27.9,22.74,31.7,88.6,3,171,Unhealthy,SE,1019.74,1.73,Low,High,Active,48.1,0.82,167.49,Decreasing
12-08-2024 23:00,NODE_02,Sensor_Node_2_Factory_Area,71.86,133.59,4.55,466.4,45.58,19.55,22.88,28.4,75.1,3.6,159,Unhealthy,N,1010.52,8.56,High,High,Maintenance,29.8,0.8,158.37,Decreasing
13-08-2024 00:00,NODE_02,Sensor_Node_2_Factory_Area,47.18,95.34,4.919,490.2,46.32,15.65,14.55,30.8,89.9,2.7,130,Unhealthy for Sensitive Groups,S,1014.05,6.16,Medium,Low,Maintenance,99.1,0.94,130.56,Decreasing
13-08-2024 01:00,NODE_02,Sensor_Node_2_Factory_Area,81.31,102,3.908,445,46.58,18.13,23.42,29.4,75.6,4,164,Unhealthy,SE,1005.82,9.39,Low,Low,Active,58.8,0.87,166.07,Increasing
13-08-2024 02:00,NODE_02,Sensor_Node_2_Factory_Area,82.93,120.38,3.796,492.7,58.57,25.13,12.9,32.3,79.3,4.2,165,Unhealthy,E,1022.59,9.88,High,High,Active,58.6,0.89,166.57,Decreasing
13-08-2024 03:00,NODE_02,Sensor_Node_2_Factory_Area,20.35,12.34,1.537,425.7,15.7,7.17,17.6,32.8,63.5,1.1,68,Moderate,W,1017.09,9.37,Low,High,Active,97.6,0.74,69.22,Decreasing
13-08-2024 04:00,NODE_02,Sensor_Node_2_Factory_Area,43.37,47.82,0.538,447.3,13.35,12.94,28.09,34.2,76.1,5.2,120,Unhealthy for Sensitive Groups,N,1020.01,9.98,Medium,Peak,Active,47.3,0.85,122.91,Decreasing
13-08-2024 05:00,NODE_02,Sensor_Node_2_Factory_Area,113.04,159.66,3.466,456.7,12.39,17.64,22.16,34.2,67.9,3.1,181,Unhealthy,E,1022.05,4.35,High,Normal,Active,33,0.7,197.45,Stable
13-08-2024 06:00,NODE_02,Sensor_Node_2_Factory_Area,104.73,181.12,7.293,485.8,81.1,41.69,21.76,37.5,78.4,1.7,176,Unhealthy,E,1010.58,6.26,Low,High,Active,24.1,0.7,158.88,Decreasing
13-08-2024 07:00,NODE_02,Sensor_Node_2_Factory_Area,111.96,188.6,5.917,530.7,73.72,35.02,10.75,36.5,71.5,4.9,180,Unhealthy,S,1009.87,9.38,Low,Normal,Active,30.6,0.86,191.06,Stable
13-08-2024 08:00,NODE_02,Sensor_Node_2_Factory_Area,109.76,173.46,7.113,488.3,81.16,35.98,18.69,35.6,77.6,2.5,179,Unhealthy,SW,999.81,2.81,Medium,Peak,Active,56.2,0.86,175.92,Increasing
13-08-2024 09:00,NODE_02,Sensor_Node_2_Factory_Area,110.44,197.39,6.031,502.2,74.67,41.5,22.87,38.7,73.5,2.9,179,Unhealthy,S,1009.34,1.58,Medium,Peak,Active,89.8,0.85,166.19,Stable
13-08-2024 10:00,NODE_02,Sensor_Node_2_Factory_Area,123.49,189.86,6.705,519.8,71.31,35.55,14.89,37.4,62.5,1.4,186,Unhealthy,E,1016.03,5.05,High,Normal,Active,53.1,0.72,204.38,Increasing
13-08-2024 11:00,NODE_02,Sensor_Node_2_Factory_Area,111.32,190.53,6.276,526.7,88.05,32.92,20.89,37.8,66.6,3.3,180,Unhealthy,NW,1018.51,8.6,Medium,Normal,Active,62.7,0.81,193.45,Increasing
13-08-2024 12:00,NODE_02,Sensor_Node_2_Factory_Area,117.56,186.63,7.19,521.3,78.16,37.05,9.12,36.6,55.6,1.8,183,Unhealthy,E,1013.66,2,Medium,Normal,Active,91.3,0.73,183.52,Stable
13-08-2024 13:00,NODE_02,Sensor_Node_2_Factory_Area,97.15,193.18,5.952,520,82.5,37.24,5,37.9,70.9,2.9,173,Unhealthy,SE,1011.31,2,Low,Normal,Active,33.6,0.83,180.6,Increasing
13-08-2024 14:00,NODE_02,Sensor_Node_2_Factory_Area,103.69,211.57,5.756,543.9,93.05,36.45,8.82,36.8,70.9,3.8,176,Unhealthy,NW,1017.93,3.48,Low,Normal,Active,51.6,0.91,170.85,Stable
13-08-2024 15:00,NODE_02,Sensor_Node_2_Factory_Area,88.88,150.66,5.261,504.9,73.38,33.12,21.89,35.8,67.5,2.3,168,Unhealthy,SE,1014.47,7.85,Low,Low,Maintenance,21.5,0.87,181.71,Decreasing
13-08-2024 16:00,NODE_02,Sensor_Node_2_Factory_Area,78.98,159.58,5.075,456.8,72.09,30.61,31.57,36.3,81.7,2.9,163,Unhealthy,NE,1008.24,8.04,High,Peak,Active,90.5,0.97,176.58,Decreasing
13-08-2024 17:00,NODE_02,Sensor_Node_2_Factory_Area,95.87,151.1,5.075,471.4,72.81,27.42,24.28,36.6,69,1.7,172,Unhealthy,SW,1011.12,4.1,High,Normal,Active,42.1,0.93,179.76,Stable
13-08-2024 18:00,NODE_02,Sensor_Node_2_Factory_Area,88.22,156.51,4.896,479.5,69.2,32.93,19.62,34,73.4,1.5,168,Unhealthy,S,1013.64,7.22,High,Low,Active,73.6,0.97,180.31,Increasing
13-08-2024 19:00,NODE_02,Sensor_Node_2_Factory_Area,73.63,144.37,4.663,470.3,60.3,38.1,18.12,34.8,78.1,4.2,160,Unhealthy,SW,1005.41,3.1,Low,High,Active,72.9,0.91,169.84,Increasing
13-08-2024 20:00,NODE_02,Sensor_Node_2_Factory_Area,93.51,159.61,6.163,494.7,54.74,28.1,13.17,29.9,77.6,1.9,171,Unhealthy,SE,995.46,2.71,Medium,Peak,Active,20.5,0.9,171.09,Decreasing
13-08-2024 21:00,NODE_02,Sensor_Node_2_Factory_Area,71.41,149.54,5.508,475.2,58.92,27.44,21.5,31.6,75.8,2.2,159,Unhealthy,W,1016.54,5.21,High,Peak,Active,54.1,0.99,166.38,Decreasing
13-08-2024 22:00,NODE_02,Sensor_Node_2_Factory_Area,93.52,150.13,5.241,480.5,59.29,36.81,22.32,31,76.2,4.1,171,Unhealthy,E,1006.1,5.37,High,Normal,Active,25,0.76,165.21,Stable
13-08-2024 23:00,NODE_02,Sensor_Node_2_Factory_Area,317.21,469.53,12.164,464,59.54,34.72,29.13,31.7,78,2.8,354,Hazardous,SE,1017.47,5.77,Low,Peak,Active,32.8,0.9,325.43,Increasing
14-08-2024 00:00,NODE_02,Sensor_Node_2_Factory_Area,77.56,124.34,3.695,478.8,68.01,21.9,25.61,29.4,84.4,4.5,162,Unhealthy,W,1015.96,1.32,Medium,Low,Active,40.8,0.71,153.41,Increasing
14-08-2024 01:00,NODE_02,Sensor_Node_2_Factory_Area,73.25,125.55,4.21,468.3,59,17.86,20.85,30.3,84.8,3.3,160,Unhealthy,W,1011.23,4.73,Low,Normal,Active,29.8,0.8,174.2,Increasing
14-08-2024 02:00,NODE_02,Sensor_Node_2_Factory_Area,62.06,115.53,4.036,446,59.25,23.31,16.51,30,86.2,2,154,Unhealthy,NE,1022.97,7.78,Medium,Normal,Active,85.3,0.99,151.73,Stable
14-08-2024 03:00,NODE_02,Sensor_Node_2_Factory_Area,30.83,56.25,1.972,444,18.96,12.24,23.44,29.9,85.8,1.4,90,Moderate,SE,1016.06,3.41,Low,Peak,Active,63.3,0.91,98.9,Decreasing
14-08-2024 04:00,NODE_02,Sensor_Node_2_Factory_Area,28.57,47.88,1.425,441.7,14.5,12.49,24.97,29.6,73.6,2.9,86,Moderate,W,1009.89,1.68,Medium,Peak,Active,81.1,0.76,89.73,Increasing
14-08-2024 05:00,NODE_02,Sensor_Node_2_Factory_Area,22.57,62.01,1.546,450.2,21.06,7.17,21.34,31,79.1,2.3,73,Moderate,E,1021.73,4.39,High,High,Active,44.5,0.81,78.17,Decreasing
14-08-2024 06:00,NODE_02,Sensor_Node_2_Factory_Area,93.81,196.61,5.948,507.6,73.21,36.37,15.34,30.4,81.7,5.5,171,Unhealthy,W,1005.47,6.16,High,Normal,Active,61.7,0.91,177.62,Stable
14-08-2024 07:00,NODE_02,Sensor_Node_2_Factory_Area,107.39,189.29,6.582,484.4,83,28.36,14.81,37.2,61.4,2.3,178,Unhealthy,SE,996.84,8.68,Medium,Normal,Active,33,0.95,190.97,Stable
14-08-2024 08:00,NODE_02,Sensor_Node_2_Factory_Area,110.06,196.53,6.592,494.2,68.99,31.03,22.28,37.3,68.5,3.8,179,Unhealthy,SE,1009.86,4.85,High,Normal,Maintenance,46.5,0.74,185.71,Decreasing
14-08-2024 09:00,NODE_02,Sensor_Node_2_Factory_Area,111.3,179.93,6.619,481.1,82.75,40.99,11.27,38,61.3,2.9,180,Unhealthy,S,1017.69,2.14,Medium,High,Active,89.6,0.85,192.23,Increasing
14-08-2024 10:00,NODE_02,Sensor_Node_2_Factory_Area,117.77,185.83,6.709,525.6,78.6,29.9,14.22,39.4,61.9,4,183,Unhealthy,S,1014.62,5.62,Medium,High,Maintenance,96.8,1,172.19,Stable
14-08-2024 11:00,NODE_02,Sensor_Node_2_Factory_Area,118.12,221.44,6.916,475.4,67.18,36.24,20.53,38.6,61.9,3.5,183,Unhealthy,W,1010.37,4.2,Low,Normal,Active,36.8,0.7,186.97,Decreasing
14-08-2024 12:00,NODE_02,Sensor_Node_2_Factory_Area,124.87,180.62,6.813,551.9,82.67,35.32,18.8,37.6,74,1.7,187,Unhealthy,NE,1016.2,8.37,Low,Normal,Active,90.6,0.73,174.54,Decreasing
14-08-2024 13:00,NODE_02,Sensor_Node_2_Factory_Area,321.74,562.61,14.214,511.2,72.35,72.18,11.64,40.5,74.4,2,454,Hazardous,NE,1007.33,5.61,Medium,High,Active,31.8,0.84,443.81,Stable
14-08-2024 14:00,NODE_02,Sensor_Node_2_Factory_Area,99.53,195.11,6.904,486.4,79.41,35.39,11.56,36.1,63.6,3.2,174,Unhealthy,SE,1004.88,2.7,Low,Peak,Active,42.4,0.97,168.52,Decreasing
14-08-2024 15:00,NODE_02,Sensor_Node_2_Factory_Area,81.83,131.75,5.984,481.6,66.72,26.71,18.34,35.5,59.6,4.3,165,Unhealthy,NW,1008.65,1.29,Medium,Normal,Active,37.4,0.74,164.1,Decreasing
14-08-2024 16:00,NODE_02,Sensor_Node_2_Factory_Area,92.51,169.06,4.832,472.3,63.59,30.86,23.5,35.6,60.6,3.6,170,Unhealthy,S,1007.58,2.38,Low,Normal,Active,97.5,0.98,186.39,Stable
14-08-2024 17:00,NODE_02,Sensor_Node_2_Factory_Area,95.79,172,4.162,470.4,67.34,24.57,22.99,33.3,78.5,3.9,172,Unhealthy,S,1005.85,7.57,High,Normal,Active,72.4,0.87,168.3,Stable
14-08-2024 18:00,NODE_02,Sensor_Node_2_Factory_Area,81.41,118.92,5.191,499.3,59.94,35.14,25.24,33.7,73.9,4.4,164,Unhealthy,SE,1011.02,9.87,High,Peak,Active,57.9,0.78,164.17,Increasing
14-08-2024 19:00,NODE_02,Sensor_Node_2_Factory_Area,88.12,128.81,5.958,508.4,59.88,34.61,27.95,30.4,77.7,5.2,168,Unhealthy,SW,1019.51,7.52,Low,High,Active,76.5,0.95,164.95,Increasing
14-08-2024 20:00,NODE_02,Sensor_Node_2_Factory_Area,95.35,157.11,5.705,490.6,70.66,21.2,15.12,33.9,70.8,2.2,172,Unhealthy,S,1010.1,7.16,Medium,Peak,Active,34.4,0.8,184.11,Increasing
14-08-2024 21:00,NODE_02,Sensor_Node_2_Factory_Area,87.55,156.74,5.051,454.3,61.91,34.37,23.75,31.2,78.3,4.1,168,Unhealthy,N,1006.47,2.76,Medium,Peak,Active,28.5,0.89,172.28,Decreasing
14-08-2024 22:00,NODE_02,Sensor_Node_2_Factory_Area,85.9,134.76,4.269,455.7,61.65,35.39,31.77,32.1,66.7,7.2,167,Unhealthy,E,1008.77,3.62,Low,Peak,Active,62,0.83,177.61,Decreasing
14-08-2024 23:00,NODE_02,Sensor_Node_2_Factory_Area,57.08,98.46,3.697,453.9,54.76,20.46,25.17,31,85.7,1.4,152,Unhealthy,SW,1010.65,1.39,High,Low,Active,69.1,0.95,150.63,Decreasing
15-08-2024 00:00,NODE_02,Sensor_Node_2_Factory_Area,60.16,127.35,3.463,468,44.56,23.02,27.43,31.8,80.2,4.3,153,Unhealthy,W,1015.34,5.75,Low,High,Active,85.4,0.75,157.63,Decreasing
15-08-2024 01:00,NODE_02,Sensor_Node_2_Factory_Area,64.88,102.22,4.073,489.2,50.34,25.31,31.89,30,76.3,5.6,156,Unhealthy,N,1016.67,3.59,Low,Normal,Active,33.6,0.98,157.02,Decreasing
15-08-2024 02:00,NODE_02,Sensor_Node_2_Factory_Area,76.66,131.61,4.005,433.6,40.25,25.48,17.65,32.1,82.1,2.6,162,Unhealthy,N,1022.6,6.4,High,Low,Active,82.6,0.78,177.9,Stable
15-08-2024 03:00,NODE_02,Sensor_Node_2_Factory_Area,85.95,166.27,2.401,454.2,25.91,19.32,25.95,33.3,71.8,3.3,167,Unhealthy,N,1008.61,5.58,High,Peak,Active,58.3,0.73,176.86,Decreasing
15-08-2024 04:00,NODE_02,Sensor_Node_2_Factory_Area,25.83,64,1.526,435.9,34.73,3.62,26.78,31.9,73.5,2,80,Moderate,S,1015.04,4.83,High,Low,Active,76.1,0.87,73.4,Stable
15-08-2024 05:00,NODE_02,Sensor_Node_2_Factory_Area,19.87,54.44,2.026,405.5,12.59,11.19,28.16,30.8,78.8,5.8,500,Hazardous,SE,1010.87,2.96,Medium,Low,Active,87.8,0.94,515.9,Stable
15-08-2024 06:00,NODE_02,Sensor_Node_2_Factory_Area,103.19,170.54,6.246,500.2,81.76,34.44,24.46,31.5,66.9,5.9,176,Unhealthy,SW,1005.98,5.79,High,Peak,Active,97.3,0.81,181.01,Increasing
15-08-2024 07:00,NODE_02,Sensor_Node_2_Factory_Area,341.14,646.5,17.755,513.7,71.89,56.31,21.74,36.7,74.3,2.4,500,Hazardous,SW,1012.01,7.78,High,Peak,Active,50,0.87,482.4,Stable
15-08-2024 08:00,NODE_02,Sensor_Node_2_Factory_Area,100.34,182.25,6.495,514.7,82.07,36.04,16.83,35.7,66,4.6,174,Unhealthy,SW,998.75,7.56,Low,Peak,Active,71.1,0.89,186.65,Increasing
15-08-2024 09:00,NODE_02,Sensor_Node_2_Factory_Area,109.03,194.28,6.363,500.7,91.3,34.53,19.63,38.6,70.7,2.7,179,Unhealthy,NE,1009.65,8.79,High,High,Active,22.7,0.73,177.63,Increasing
15-08-2024 10:00,NODE_02,Sensor_Node_2_Factory_Area,103.16,173.26,6.946,511.8,66.05,35.96,12.68,38.9,62.8,1.2,176,Unhealthy,W,1011.46,1.81,Low,Peak,Active,77.3,0.92,178.83,Decreasing
15-08-2024 11:00,NODE_02,Sensor_Node_2_Factory_Area,112.54,175.9,7.414,512.1,84.35,40.84,24.79,40.1,58,0.4,180,Unhealthy,E,1010.34,4.41,Medium,Peak,Fault,68.1,0.93,189.63,Increasing
15-08-2024 12:00,NODE_02,Sensor_Node_2_Factory_Area,125.16,199.97,5.752,471.9,95.35,35.95,15.81,37.5,61,2.9,187,Unhealthy,E,1007.57,8.83,Low,Normal,Active,28.2,0.9,178.81,Increasing
15-08-2024 13:00,NODE_02,Sensor_Node_2_Factory_Area,490.77,910.52,24.002,521.2,85.28,94.35,10.25,39.3,67.7,2.1,500,Hazardous,N,1014.87,5.22,High,Normal,Active,60,0.91,486.95,Decreasing
15-08-2024 14:00,NODE_02,Sensor_Node_2_Factory_Area,108.99,151.88,6.304,527.2,74.24,36.88,6.46,38.8,68.3,5.4,179,Unhealthy,NW,1008.84,1.81,Low,Normal,Active,95.2,0.84,162.56,Increasing
15-08-2024 15:00,NODE_02,Sensor_Node_2_Factory_Area,83.46,146.15,4.37,505.1,61.6,30.8,13.59,40.1,77.1,3.1,165,Unhealthy,NE,1006.86,3.77,High,High,Active,31.9,0.78,170.63,Decreasing
15-08-2024 16:00,NODE_02,Sensor_Node_2_Factory_Area,82.92,139.62,6.133,484.5,73.03,26.32,15.38,37.2,57.2,1.6,165,Unhealthy,SE,1011.93,3.77,Medium,Peak,Active,23.1,0.96,167.4,Stable
15-08-2024 17:00,NODE_02,Sensor_Node_2_Factory_Area,94.27,152.34,5.21,491.3,72.03,25.54,31.89,34.7,69.7,2.7,171,Unhealthy,NE,1009.95,4.68,High,Low,Active,83.6,0.77,154.02,Decreasing
15-08-2024 18:00,NODE_02,Sensor_Node_2_Factory_Area,103.47,153.31,4.855,466.8,58.32,27.43,19.79,34.9,73.6,3.1,176,Unhealthy,NE,1017.53,6.76,Low,Low,Active,79.3,0.72,160.45,Decreasing
15-08-2024 19:00,NODE_02,Sensor_Node_2_Factory_Area,83.92,172.92,4.94,496,71.16,35.21,16.71,31.5,80.4,1.5,166,Unhealthy,E,1014.73,2.08,Low,Peak,Maintenance,44.7,0.73,177.53,Stable
15-08-2024 20:00,NODE_02,Sensor_Node_2_Factory_Area,93.64,177.74,4.773,471,67.41,31.52,18.03,33.7,76.6,1.8,171,Unhealthy,S,1018.66,5.66,Low,Low,Active,86.8,0.88,182.03,Increasing
15-08-2024 21:00,NODE_02,Sensor_Node_2_Factory_Area,96.09,147.24,4.447,494.4,53.08,26.99,16.97,29.6,74.4,4.7,500,Hazardous,N,1006.88,1.94,Medium,High,Active,67.2,0.71,452.92,Increasing
15-08-2024 22:00,NODE_02,Sensor_Node_2_Factory_Area,79.67,157,5.398,486.6,63.71,24.24,27.89,30.6,75.3,3.3,163,Unhealthy,NW,1008.79,2.69,Medium,Normal,Active,26.6,0.74,155.73,Increasing
15-08-2024 23:00,NODE_02,Sensor_Node_2_Factory_Area,82.97,94.17,3.721,444.3,49.55,21.09,18.51,30.2,75.3,1,165,Unhealthy,S,1011.05,4.2,Medium,Low,Active,26.8,0.73,163.93,Stable
16-08-2024 00:00,NODE_02,Sensor_Node_2_Factory_Area,77.54,98.48,3.946,447.5,44.56,18.69,20.14,30.3,71.4,2,162,Unhealthy,W,1014.27,6.01,Medium,Low,Active,64.6,0.83,177.2,Stable
16-08-2024 01:00,NODE_02,Sensor_Node_2_Factory_Area,62.69,129.87,3.144,470.3,62.29,26.42,22.93,30.1,82.2,4.3,155,Unhealthy,SW,1021.74,5.53,High,Peak,Active,42.9,0.75,159.31,Increasing
16-08-2024 02:00,NODE_02,Sensor_Node_2_Factory_Area,64.93,128.02,3.677,503.1,49.27,15.12,21.19,31.7,87,3.2,156,Unhealthy,NW,997.57,5.14,High,Normal,Active,28.6,0.97,164.75,Increasing
16-08-2024 03:00,NODE_02,Sensor_Node_2_Factory_Area,19.53,54.02,0.894,431.6,19.01,12.29,22.93,30.5,76.9,3.4,500,Hazardous,E,1006.2,4.86,Medium,Normal,Maintenance,45.1,0.73,473.78,Decreasing
16-08-2024 04:00,NODE_02,Sensor_Node_2_Factory_Area,34.97,37.67,1.041,418.8,25.11,4.96,23.75,29.5,78.2,4.9,99,Moderate,NE,1016.23,4.09,Medium,Normal,Active,35.9,0.7,97.92,Increasing
16-08-2024 05:00,NODE_02,Sensor_Node_2_Factory_Area,32.13,58.64,1.683,451.6,12.82,10.51,25.97,34.8,73.7,0.8,93,Moderate,N,1013.3,1.55,High,Low,Active,85.5,0.93,102.05,Increasing
16-08-2024 06:00,NODE_02,Sensor_Node_2_Factory_Area,338.36,435.71,14.775,504.6,82.71,57.75,15.72,34.7,67.2,2,371,Hazardous,SE,1000.88,6.38,Medium,Peak,Active,65.4,0.88,344.37,Decreasing
16-08-2024 07:00,NODE_02,Sensor_Node_2_Factory_Area,111.08,208.13,6.727,498.2,87.94,39.09,6.69,35.8,70.3,1.2,180,Unhealthy,SE,1004.13,5.49,High,Normal,Active,47.6,0.94,197.86,Decreasing
16-08-2024 08:00,NODE_02,Sensor_Node_2_Factory_Area,100.84,181.72,6.542,507.2,82.67,34.79,16.28,33.6,79.3,4,174,Unhealthy,NE,1005.01,5.38,Medium,Normal,Active,59.1,0.9,189.73,Stable
16-08-2024 09:00,NODE_02,Sensor_Node_2_Factory_Area,107.1,205.89,6.551,503,83.84,29.49,9.9,37.2,65.5,3.1,178,Unhealthy,S,1008.78,7.56,Medium,Normal,Active,38.6,0.86,192.67,Stable
16-08-2024 10:00,NODE_02,Sensor_Node_2_Factory_Area,116.04,206.31,6.666,493.6,88.79,37.12,11.37,36,71.9,3.4,182,Unhealthy,NW,1009.03,6.88,High,High,Active,36.9,0.87,169.12,Decreasing
16-08-2024 11:00,NODE_02,Sensor_Node_2_Factory_Area,399.3,704.22,17.444,502.7,89.22,76.97,12.25,36.8,66.5,0.7,500,Hazardous,S,1015.66,5.72,High,High,Active,91.4,0.89,506.89,Increasing
16-08-2024 12:00,NODE_02,Sensor_Node_2_Factory_Area,115.6,189.19,7.036,482.2,82.32,38.74,21.02,35.8,60.3,2,182,Unhealthy,N,1020.79,1.11,Medium,Low,Active,92.4,0.71,175.77,Increasing
16-08-2024 13:00,NODE_02,Sensor_Node_2_Factory_Area,96.59,197.55,6.515,502.2,84.18,40.78,10.79,35,70.5,1.4,172,Unhealthy,SW,1013.7,9.58,High,Normal,Active,27.6,0.72,155.29,Decreasing
16-08-2024 14:00,NODE_02,Sensor_Node_2_Factory_Area,114.43,162.45,5.971,462,85.81,42.29,13.13,36.3,77.5,2.9,181,Unhealthy,E,1012.02,6.47,Low,Peak,Active,78,0.79,181.23,Stable
16-08-2024 15:00,NODE_02,Sensor_Node_2_Factory_Area,93.02,155.17,5.842,484.3,68.93,19.11,27.09,37.4,67.1,2,170,Unhealthy,S,1009.24,1.39,High,High,Active,95.4,0.81,180.11,Increasing
16-08-2024 16:00,NODE_02,Sensor_Node_2_Factory_Area,83.59,159.75,5.142,495,68.95,31.32,11.8,37.9,66.1,2.1,166,Unhealthy,SE,1007.75,2.64,Medium,Peak,Active,63.6,0.94,173.98,Increasing
16-08-2024 17:00,NODE_02,Sensor_Node_2_Factory_Area,88.46,155.21,5.488,503.2,70.23,26.42,20.25,35.4,70.8,1.7,168,Unhealthy,SE,1011.03,4.96,Medium,Normal,Active,60.1,0.98,176.59,Decreasing
16-08-2024 18:00,NODE_02,Sensor_Node_2_Factory_Area,71.78,168.66,5.054,494.5,61.13,33.85,20.15,33.7,73.7,1.7,159,Unhealthy,NW,1009.77,8.47,High,Low,Active,87,0.71,173.44,Increasing
16-08-2024 19:00,NODE_02,Sensor_Node_2_Factory_Area,74.07,157.22,5.863,492.7,68.5,27.53,23.81,34.8,71,4.2,161,Unhealthy,SE,1019.31,1.76,Low,Peak,Active,96.7,0.93,151.07,Stable
16-08-2024 20:00,NODE_02,Sensor_Node_2_Factory_Area,91.21,141.18,5.691,497.2,75.62,24.34,13.12,35.1,81.9,2.2,169,Unhealthy,SW,1020.88,4.86,High,Normal,Active,20.3,0.94,156.2,Increasing
16-08-2024 21:00,NODE_02,Sensor_Node_2_Factory_Area,81.48,128.22,4.07,486.6,78.13,34.89,24.7,32.4,78.1,1.6,164,Unhealthy,S,1005.48,3.83,Medium,Peak,Active,26.8,0.76,174.64,Stable
16-08-2024 22:00,NODE_02,Sensor_Node_2_Factory_Area,97.22,123.85,5.615,466.8,60.81,31.58,23.04,29.6,81.1,2.2,173,Unhealthy,NE,999.61,6.85,High,Low,Active,87.9,1,189.4,Stable
16-08-2024 23:00,NODE_02,Sensor_Node_2_Factory_Area,70.5,109.65,3.917,506.5,48.43,20.61,21.55,29.9,82.5,2.7,159,Unhealthy,W,1006.53,8.96,Medium,Low,Active,23.9,0.74,159.93,Stable
17-08-2024 00:00,NODE_02,Sensor_Node_2_Factory_Area,36.05,101.75,2.556,438.3,45.8,18.54,28.81,32.2,93.9,2,102,Unhealthy for Sensitive Groups,S,1000.06,6.1,Low,High,Active,60.5,0.95,109.1,Stable
17-08-2024 01:00,NODE_02,Sensor_Node_2_Factory_Area,34.6,66.81,2.557,460.2,24.43,10.54,19.33,31.9,74.3,1.9,98,Moderate,S,1017.37,6.91,Medium,Peak,Active,58.5,0.77,96.15,Stable
17-08-2024 02:00,NODE_02,Sensor_Node_2_Factory_Area,17.31,72.24,2.191,453.1,25.77,11.21,15.86,29.2,69,3,62,Moderate,N,1016.87,5.06,Low,Peak,Active,51.2,0.87,66.33,Stable
17-08-2024 03:00,NODE_02,Sensor_Node_2_Factory_Area,5,29.99,1.802,434.3,12.64,7.08,28.2,29.3,74,2.1,28,Good,E,1016.78,9.33,Medium,High,Active,84,0.82,30.51,Decreasing
17-08-2024 04:00,NODE_02,Sensor_Node_2_Factory_Area,28.25,45.75,0.2,421.7,14.38,9.22,32.63,31,89,4.8,85,Moderate,SW,1016.58,6.65,High,Low,Active,39.7,0.85,82.98,Increasing
17-08-2024 05:00,NODE_02,Sensor_Node_2_Factory_Area,17.48,27.74,1.321,443.1,15.43,13.83,26.24,31.5,68.5,3.4,62,Moderate,S,1016.02,1.23,High,High,Active,85.7,0.99,58.69,Increasing
17-08-2024 06:00,NODE_02,Sensor_Node_2_Factory_Area,59.05,101.02,4.173,516.1,49.85,16.68,10.37,36.5,75,2.3,153,Unhealthy,S,1019.86,2.49,High,High,Active,37,0.85,166.67,Decreasing
17-08-2024 07:00,NODE_02,Sensor_Node_2_Factory_Area,79.5,118.28,4.076,512.5,62.23,30.88,20.07,36.3,82,4.8,163,Unhealthy,NW,1013.07,8.43,Medium,Normal,Active,24.2,0.86,150.04,Increasing
17-08-2024 08:00,NODE_02,Sensor_Node_2_Factory_Area,76.13,132.11,4.053,479.9,57.01,24.8,13.12,35.9,63.7,1.7,162,Unhealthy,E,1014.39,1.8,Low,Low,Maintenance,44,0.88,178.1,Stable
17-08-2024 09:00,NODE_02,Sensor_Node_2_Factory_Area,64.51,115.33,4.517,531.2,69.13,21.8,22,37.3,66.3,4.7,156,Unhealthy,NW,1010.67,7.75,Medium,Normal,Active,56.1,0.94,158.46,Decreasing
17-08-2024 10:00,NODE_02,Sensor_Node_2_Factory_Area,67.51,116.2,3.955,493.7,62.99,20.34,13.06,37.9,68.2,1.8,157,Unhealthy,SE,1016.45,1.72,Medium,Low,Active,48.7,0.99,151.45,Increasing
17-08-2024 11:00,NODE_02,Sensor_Node_2_Factory_Area,68.22,147.07,3.845,501.9,41.11,22.18,9.39,36.5,54.5,2.8,158,Unhealthy,SW,997.57,6.17,High,Peak,Active,24.8,0.91,146.96,Stable
17-08-2024 12:00,NODE_02,Sensor_Node_2_Factory_Area,69.55,117.69,3.998,495.9,54.36,22.96,17.37,37.7,63.4,2.8,158,Unhealthy,NW,1016.46,2.49,High,Normal,Active,80.8,0.99,155.76,Increasing
17-08-2024 13:00,NODE_02,Sensor_Node_2_Factory_Area,77.73,140.23,4.201,502.1,54.12,24.06,11.41,35.1,67.9,1.9,162,Unhealthy,E,1016.64,9.97,Medium,High,Active,76.8,0.81,162.12,Decreasing
17-08-2024 14:00,NODE_02,Sensor_Node_2_Factory_Area,80.08,100.45,3.881,535.7,57.09,22.19,17.26,39.3,58.1,4.8,164,Unhealthy,W,1022.84,7.97,Low,Low,Active,38.3,0.76,162.57,Stable
17-08-2024 15:00,NODE_02,Sensor_Node_2_Factory_Area,67.74,90.2,4.17,486.4,34.38,20.6,24.91,38.6,68.3,2.1,157,Unhealthy,S,1003.69,6.44,Medium,Peak,Active,93.1,0.97,143.67,Stable
17-08-2024 16:00,NODE_02,Sensor_Node_2_Factory_Area,61.93,103.88,1.88,469,45.13,19.38,18.25,36.1,76.2,3,154,Unhealthy,NE,1013.13,8.18,Medium,Normal,Active,73.6,0.92,155.83,Decreasing
17-08-2024 17:00,NODE_02,Sensor_Node_2_Factory_Area,60.03,72.11,3.807,458.8,53.64,17.61,20.32,32.1,74.8,4.9,153,Unhealthy,N,1010.85,3.34,High,Low,Active,65.3,0.91,151.53,Increasing
17-08-2024 18:00,NODE_02,Sensor_Node_2_Factory_Area,64.8,101.3,3.223,472.4,40.58,23.55,14.21,31.2,66.1,0.3,156,Unhealthy,NW,1002.9,8.24,High,High,Active,37.8,0.91,144.64,Stable
17-08-2024 19:00,NODE_02,Sensor_Node_2_Factory_Area,62.05,94.56,3.63,451,22.8,19.78,23.42,30.4,76.7,2.9,154,Unhealthy,N,1019.47,2.19,Low,Low,Active,79.2,0.85,153.84,Stable
17-08-2024 20:00,NODE_02,Sensor_Node_2_Factory_Area,64.41,101.47,3.197,501.8,57.07,16.49,17.96,30.5,75.9,5.9,156,Unhealthy,E,1014.65,7.98,Medium,Normal,Fault,70.4,0.75,146.48,Increasing
17-08-2024 21:00,NODE_02,Sensor_Node_2_Factory_Area,55.95,115.02,4.038,501.2,51.01,15.9,13.63,31.8,76.4,2.7,151,Unhealthy,E,1016.49,8.48,High,High,Active,70.8,0.97,163.85,Increasing
17-08-2024 22:00,NODE_02,Sensor_Node_2_Factory_Area,62.16,107.24,2.947,469.6,41.31,12.15,25.69,34.6,75.1,2.3,154,Unhealthy,SE,1000.98,2.97,Low,Peak,Active,76.3,0.95,159.3,Stable
17-08-2024 23:00,NODE_02,Sensor_Node_2_Factory_Area,37.79,65.85,3.1,526.5,27.7,10.43,14.96,30.8,79.9,0.7,107,Unhealthy for Sensitive Groups,N,1005.42,9.76,Low,Low,Active,95.8,0.84,104.78,Stable
18-08-2024 00:00,NODE_02,Sensor_Node_2_Factory_Area,53.77,84.8,2.856,475.7,31.43,11.18,23.4,30.6,81.4,1.6,146,Unhealthy for Sensitive Groups,E,1008.88,2.38,Low,Peak,Active,94.3,0.95,157.72,Decreasing
18-08-2024 01:00,NODE_02,Sensor_Node_2_Factory_Area,30.38,61.8,2.86,472.2,49.24,15.98,19.31,30,70.8,3.3,89,Moderate,W,1009.14,7.31,Low,High,Active,45.9,0.99,96.51,Decreasing
18-08-2024 02:00,NODE_02,Sensor_Node_2_Factory_Area,45.56,59.2,2.886,452.2,28.88,14.54,17.9,29.3,76.9,5.5,126,Unhealthy for Sensitive Groups,SW,999.27,7.35,Medium,High,Active,40.4,0.74,129.16,Increasing
18-08-2024 03:00,NODE_02,Sensor_Node_2_Factory_Area,25.96,43.41,1.394,446.3,10.32,10.33,16.32,31.8,81.3,0.9,80,Moderate,S,1007.25,9.87,Medium,High,Fault,60.9,0.92,75.02,Increasing
18-08-2024 04:00,NODE_02,Sensor_Node_2_Factory_Area,17.58,20.27,1.297,454.5,16.78,7.4,28.8,33.3,70.3,1.5,63,Moderate,S,1010.99,2.24,High,Peak,Active,57.5,0.97,57.42,Increasing
18-08-2024 05:00,NODE_02,Sensor_Node_2_Factory_Area,5.57,34.77,1.502,409,14.13,10.36,24.42,35.2,81.6,0.9,32,Good,NE,1009.66,7.05,High,Normal,Active,70.8,0.95,28.93,Increasing
18-08-2024 06:00,NODE_02,Sensor_Node_2_Factory_Area,68.71,125.39,3.573,480.5,38.7,23.32,26.19,31,70.9,4.7,158,Unhealthy,W,1013.74,4.12,High,Low,Active,32.6,0.93,170.72,Increasing
18-08-2024 07:00,NODE_02,Sensor_Node_2_Factory_Area,69.79,111.06,3.187,495.4,49.93,14.48,17.23,33.3,69.9,1.4,158,Unhealthy,SW,1009.89,3.28,Low,Low,Active,87.1,0.72,170.49,Stable
18-08-2024 08:00,NODE_02,Sensor_Node_2_Factory_Area,78.63,119.56,4.187,515.6,56.62,23.98,11.88,34.3,69.9,1.5,163,Unhealthy,NE,1003.91,9.41,Medium,High,Active,25.1,0.83,158.3,Stable
18-08-2024 09:00,NODE_02,Sensor_Node_2_Factory_Area,63.8,134.62,4.095,516.7,47.7,18.84,24.39,36.6,73.2,1.6,155,Unhealthy,SW,1011.44,1.16,Medium,Peak,Active,23.4,0.73,143.97,Decreasing
18-08-2024 10:00,NODE_02,Sensor_Node_2_Factory_Area,60.2,119.54,4.811,476.8,70.53,24.21,11.91,38,73.5,3.6,153,Unhealthy,E,1014.22,9.04,Low,Low,Active,35.4,0.86,143.44,Increasing
18-08-2024 11:00,NODE_02,Sensor_Node_2_Factory_Area,64.9,129.98,4.061,512.2,60.57,24.09,12.54,37.8,76.7,0.3,156,Unhealthy,SE,1009.64,4.1,High,Normal,Active,58.3,0.7,150.86,Stable
18-08-2024 12:00,NODE_02,Sensor_Node_2_Factory_Area,74.16,140.86,3.903,509.7,60.16,29.39,22.14,36.3,72.9,1.6,161,Unhealthy,SE,1012.91,5.57,High,High,Active,58.4,0.88,163.9,Increasing
18-08-2024 13:00,NODE_02,Sensor_Node_2_Factory_Area,84.99,123.16,4.25,498.7,46.29,29.29,11.7,37.1,66.9,2.4,166,Unhealthy,SE,1029.67,4.69,High,High,Active,93.5,0.72,152.99,Increasing
18-08-2024 14:00,NODE_02,Sensor_Node_2_Factory_Area,68.05,135.06,4.254,467.9,64.33,26.59,16.96,37.7,70.8,3.5,157,Unhealthy,SW,1021.77,8.41,Medium,Normal,Maintenance,86.7,0.76,170.91,Decreasing
18-08-2024 15:00,NODE_02,Sensor_Node_2_Factory_Area,75.81,81.62,3.41,500.9,42.87,16.63,21.17,35.3,73,2.3,161,Unhealthy,SE,1009.92,5.64,Low,Peak,Active,67.1,0.71,159.99,Stable
18-08-2024 16:00,NODE_02,Sensor_Node_2_Factory_Area,53.56,98,3.604,494.9,34.65,19.21,15.73,35.5,63,1.9,145,Unhealthy for Sensitive Groups,N,1005.89,1.93,High,High,Active,41.5,0.86,134.97,Stable
18-08-2024 17:00,NODE_02,Sensor_Node_2_Factory_Area,56.79,142.65,4.256,469,44.14,17.46,19.11,36.4,69.7,4.2,152,Unhealthy,NW,1012.81,1.68,Medium,Normal,Maintenance,42.2,0.72,151,Decreasing
18-08-2024 18:00,NODE_02,Sensor_Node_2_Factory_Area,47.33,101.45,2.585,468.5,48.89,16,9.02,32.9,67,1.9,130,Unhealthy for Sensitive Groups,W,1011.16,8.18,High,High,Active,74.9,0.93,132.81,Stable
18-08-2024 19:00,NODE_02,Sensor_Node_2_Factory_Area,47.1,90.57,3.395,480.8,40.85,15.83,12.31,32,77.5,3.7,130,Unhealthy for Sensitive Groups,SW,1010.43,4.08,Medium,Normal,Active,94.3,0.74,138.26,Stable
18-08-2024 20:00,NODE_02,Sensor_Node_2_Factory_Area,210.23,340.75,6.84,495.1,51.01,31.26,10.47,31.3,76.1,4.5,260,Very Unhealthy,SW,1016.9,4.53,Medium,Low,Active,92,0.89,279.49,Stable
18-08-2024 21:00,NODE_02,Sensor_Node_2_Factory_Area,61.94,131.29,2.782,486.8,34,14.36,24.97,29.8,85.6,2.8,154,Unhealthy,SE,1012.44,9.9,Low,High,Active,59.8,0.85,148.46,Stable
18-08-2024 22:00,NODE_02,Sensor_Node_2_Factory_Area,47.65,107.97,3.43,509.6,49.59,19.21,18.98,28.6,79.5,4.4,131,Unhealthy for Sensitive Groups,NE,1015.59,2.6,Low,Peak,Active,81.6,0.92,128.63,Stable
18-08-2024 23:00,NODE_02,Sensor_Node_2_Factory_Area,42.13,65.11,2.134,470.4,30.93,8.2,15.78,31.7,80.5,1.3,117,Unhealthy for Sensitive Groups,SW,1012.9,1.67,High,Normal,Active,33,0.88,106.97,Increasing
19-08-2024 00:00,NODE_02,Sensor_Node_2_Factory_Area,65.78,131.5,3.809,481.7,50.14,21.84,36.51,29,81.3,2.8,156,Unhealthy,NE,1028.32,4.61,Medium,High,Active,39.2,0.9,151.97,Increasing
19-08-2024 01:00,NODE_02,Sensor_Node_2_Factory_Area,70.23,142.02,3.659,460.9,56.3,26.52,14.56,29,78.8,4.2,159,Unhealthy,SW,1002.32,8.73,Medium,Normal,Active,59,0.72,162.88,Increasing
19-08-2024 02:00,NODE_02,Sensor_Node_2_Factory_Area,66.92,130.16,2.938,447.4,50.35,25.78,19.19,30.1,79.5,3,157,Unhealthy,N,1021.14,1.92,High,Low,Active,71.5,0.81,163.32,Decreasing
19-08-2024 03:00,NODE_02,Sensor_Node_2_Factory_Area,25.68,81.92,1.676,430.7,21.62,13.38,24.18,27,73.4,3,80,Moderate,E,997.69,6.43,Low,Low,Maintenance,74.4,0.94,80.2,Decreasing
19-08-2024 04:00,NODE_02,Sensor_Node_2_Factory_Area,18.53,48.16,0.864,436,22.19,7.02,24.77,29.5,75.3,1.1,65,Moderate,S,1017.5,1.88,High,Peak,Active,47.5,0.99,66.74,Increasing
19-08-2024 05:00,NODE_02,Sensor_Node_2_Factory_Area,22.39,44.15,1.376,442.4,32.67,8.47,27.7,35.3,76,4.4,73,Moderate,NW,1005.49,5.54,Low,Normal,Active,40.6,0.77,72.14,Increasing
19-08-2024 06:00,NODE_02,Sensor_Node_2_Factory_Area,116.04,178,6.581,511.3,96.44,31.01,26.87,35.7,77.8,3.9,182,Unhealthy,NW,1013.1,2.57,High,Normal,Active,43.4,0.93,178.8,Increasing
19-08-2024 07:00,NODE_02,Sensor_Node_2_Factory_Area,391.36,624.54,17.539,519.3,92.33,103.81,14.33,33.7,65.8,1.8,500,Hazardous,NE,1023.09,1.78,Medium,Peak,Fault,86.3,0.81,488.2,Decreasing
19-08-2024 08:00,NODE_02,Sensor_Node_2_Factory_Area,111.34,199.47,6.875,524.5,79.05,31.43,14.29,36.5,67.8,2.8,180,Unhealthy,NE,1014.39,5.08,Medium,Peak,Active,62.5,0.71,190.51,Stable
19-08-2024 09:00,NODE_02,Sensor_Node_2_Factory_Area,80.95,201.97,5.948,518.2,73.53,37.02,17.31,37.5,61.7,3.4,164,Unhealthy,NW,1017.35,5.88,Low,Peak,Active,34.3,0.86,168.86,Decreasing
19-08-2024 10:00,NODE_02,Sensor_Node_2_Factory_Area,97.79,179.21,7.096,508.1,86.58,38.5,18.95,37.4,61.4,4.9,173,Unhealthy,SW,1019.39,8.41,Medium,High,Active,51.3,0.95,167.07,Stable
19-08-2024 11:00,NODE_02,Sensor_Node_2_Factory_Area,131.47,196.16,6.134,497.3,94.42,33.04,18.06,39.2,64.9,5.3,190,Unhealthy,N,1011.86,6.19,High,Peak,Active,53.3,0.89,193.59,Increasing
19-08-2024 12:00,NODE_02,Sensor_Node_2_Factory_Area,108.9,160.92,7.152,487.4,85.51,30.73,13.45,37.3,67,6.1,179,Unhealthy,NE,1007.51,6.28,Low,High,Maintenance,54.4,0.88,187.14,Stable
19-08-2024 13:00,NODE_02,Sensor_Node_2_Factory_Area,102.98,217.76,6.412,520.9,83.94,39.99,5.5,36.8,63.1,4.5,176,Unhealthy,S,1012.89,3.86,High,Low,Active,71.6,0.82,190.93,Decreasing
19-08-2024 14:00,NODE_02,Sensor_Node_2_Factory_Area,455.21,749.96,20.242,548.9,86.27,64.53,19.85,38.3,73.8,1.1,500,Hazardous,W,1014.63,3.68,High,High,Active,86.3,0.84,464.96,Increasing
19-08-2024 15:00,NODE_02,Sensor_Node_2_Factory_Area,92.79,159.96,4.941,457.9,86.12,31.78,22.62,38.4,74.5,3,170,Unhealthy,N,1014.3,3.69,High,Peak,Active,36.7,0.71,167.03,Increasing
19-08-2024 16:00,NODE_02,Sensor_Node_2_Factory_Area,85.44,162.25,5.193,489,74.1,37.19,13.69,36.7,63,2.6,166,Unhealthy,SE,1021.29,1.42,High,High,Active,70.4,0.8,169.42,Increasing
19-08-2024 17:00,NODE_02,Sensor_Node_2_Factory_Area,89.56,152.29,5.655,460.4,70.23,28.66,25.72,34.4,73.1,1.2,169,Unhealthy,SE,1007.64,3.55,Medium,High,Active,67.4,0.91,160.81,Decreasing
19-08-2024 18:00,NODE_02,Sensor_Node_2_Factory_Area,83.42,141.41,4.247,514.8,64.69,30.71,12.87,34.1,75,4.1,165,Unhealthy,SE,1017.85,8.13,Low,High,Active,35.1,0.97,155.55,Increasing
19-08-2024 19:00,NODE_02,Sensor_Node_2_Factory_Area,88.7,123.32,4.332,484.9,50.43,25.66,16.04,35.2,69.6,2.1,168,Unhealthy,S,1004.29,8.14,Low,High,Active,80.1,0.93,184.36,Increasing
19-08-2024 20:00,NODE_02,Sensor_Node_2_Factory_Area,88.61,152.14,4.574,503.4,73.14,26.56,8.78,30.4,84.2,4,168,Unhealthy,E,1024.63,7.7,High,Peak,Active,34.2,0.83,163.43,Stable
19-08-2024 21:00,NODE_02,Sensor_Node_2_Factory_Area,89.11,149.41,5.127,530,73.65,27.66,20.25,32,81.2,3.7,168,Unhealthy,NW,1013.36,6.78,Medium,High,Active,55.8,0.86,151.94,Increasing
19-08-2024 22:00,NODE_02,Sensor_Node_2_Factory_Area,99.39,138.99,5.113,488.3,68.32,31.9,16.74,31.2,81,4.7,174,Unhealthy,NE,1005.23,8.9,High,Low,Active,36.4,0.79,163.01,Stable
19-08-2024 23:00,NODE_02,Sensor_Node_2_Factory_Area,69.97,117.01,2.881,450.7,41.35,17.3,15.85,31.7,85.8,1.7,158,Unhealthy,S,1010.31,8.79,Low,Normal,Active,25.9,0.91,159.68,Stable
20-08-2024 00:00,NODE_02,Sensor_Node_2_Factory_Area,58.62,104.96,3.474,492.8,40.9,22.86,14.43,30.7,75.7,4.4,153,Unhealthy,E,1007.56,4.44,Medium,Low,Active,49.4,0.77,167.78,Stable
20-08-2024 01:00,NODE_02,Sensor_Node_2_Factory_Area,57.02,91.21,3.526,465.6,40.77,17.79,28.06,28.2,74.6,2.6,152,Unhealthy,N,996.49,6.99,High,Normal,Active,64.6,0.91,138.15,Decreasing
20-08-2024 02:00,NODE_02,Sensor_Node_2_Factory_Area,61.43,124.99,2.802,481.6,43.75,11.38,31.58,30.6,81.8,2.5,154,Unhealthy,S,1004.94,8.97,High,Normal,Active,50.9,0.83,163.88,Increasing
20-08-2024 03:00,NODE_02,Sensor_Node_2_Factory_Area,36.11,47,1.249,458.9,30.32,8.48,27.49,32.5,77.9,2.5,102,Unhealthy for Sensitive Groups,W,1017.83,7.66,Medium,Peak,Active,49.4,0.79,94.12,Increasing
20-08-2024 04:00,NODE_02,Sensor_Node_2_Factory_Area,28.26,58.63,1.128,440.6,24.12,10.8,25.62,30.5,82.2,2,85,Moderate,N,1004.56,9.33,Medium,High,Active,21.1,0.77,84.61,Stable
20-08-2024 05:00,NODE_02,Sensor_Node_2_Factory_Area,27.14,53.16,2.828,433.3,17.59,8.95,24.62,32.4,86,0.9,83,Moderate,NW,1016.07,9.8,Low,Low,Active,90.2,0.87,77.77,Increasing
20-08-2024 06:00,NODE_02,Sensor_Node_2_Factory_Area,110.36,171.76,5.811,525.5,85.99,34.59,13.83,35,67.3,1.8,179,Unhealthy,E,1016.68,5.57,Low,High,Active,52.4,0.79,181.63,Stable
20-08-2024 07:00,NODE_02,Sensor_Node_2_Factory_Area,108.8,207.81,5.581,505.7,84.53,27.5,12.29,35.9,66.1,1.2,179,Unhealthy,S,1017.59,6.37,High,Normal,Active,82.9,0.79,165.94,Stable
20-08-2024 08:00,NODE_02,Sensor_Node_2_Factory_Area,107.88,184.31,6.887,511.2,80.85,33.13,20.33,36.2,75,2.9,178,Unhealthy,NE,1013.38,5.12,High,Normal,Active,25.1,0.91,162.32,Increasing
20-08-2024 09:00,NODE_02,Sensor_Node_2_Factory_Area,449.65,750.12,20.415,468.9,80.59,85.05,9.58,38.8,72.2,1,500,Hazardous,E,1006.29,4.92,Low,High,Active,52,0.89,454.11,Decreasing
20-08-2024 10:00,NODE_02,Sensor_Node_2_Factory_Area,99.5,187.37,7.252,516.9,92.62,40.05,12.46,40.3,56.1,2.7,174,Unhealthy,NE,1005.66,1.81,Low,Low,Active,98.4,0.97,177.22,Decreasing
20-08-2024 11:00,NODE_02,Sensor_Node_2_Factory_Area,112.66,203.1,6.054,527.4,68.78,35.65,9.92,37.4,75.5,3.2,181,Unhealthy,N,1012.06,4.31,High,Normal,Active,36.9,0.97,187.51,Increasing
20-08-2024 12:00,NODE_02,Sensor_Node_2_Factory_Area,97.24,173.11,6.48,490.5,88.61,42.7,11.09,36.7,58.9,3.8,173,Unhealthy,NE,1019.74,5.03,Low,Peak,Fault,80.3,0.92,185.26,Decreasing
20-08-2024 13:00,NODE_02,Sensor_Node_2_Factory_Area,107.97,202.57,6.596,503.9,84.29,36.34,15.71,36.8,59,0.8,178,Unhealthy,W,1017.06,6.37,High,High,Active,94.3,0.71,170.1,Increasing
20-08-2024 14:00,NODE_02,Sensor_Node_2_Factory_Area,114.2,191.01,6.407,522.7,74.17,43.08,5.08,39.6,68,2.5,181,Unhealthy,S,1005.81,2.14,Medium,High,Maintenance,86.6,0.83,178.21,Stable
20-08-2024 15:00,NODE_02,Sensor_Node_2_Factory_Area,83.81,149.71,5.217,513,67.71,30.08,20.15,36.3,66.6,6,166,Unhealthy,W,1003.71,9.83,Low,Normal,Active,91.5,0.99,149.47,Stable
20-08-2024 16:00,NODE_02,Sensor_Node_2_Factory_Area,80.7,144.91,5.298,467.6,68,26.62,20.93,38.1,65.7,1,164,Unhealthy,S,1011.66,4.25,Low,Peak,Maintenance,83.3,0.93,151.27,Increasing
20-08-2024 17:00,NODE_02,Sensor_Node_2_Factory_Area,94.06,152.09,5.769,483.9,76.36,28.32,11.34,34.8,61.5,1.4,171,Unhealthy,SE,1014.46,3.3,High,High,Fault,50.1,0.72,184.52,Increasing
20-08-2024 18:00,NODE_02,Sensor_Node_2_Factory_Area,102.53,174.53,5.163,508.8,64.42,23.09,21.04,34.5,66.4,2.2,175,Unhealthy,NW,1016.34,4.69,Medium,High,Active,51.2,0.72,180.37,Increasing
20-08-2024 19:00,NODE_02,Sensor_Node_2_Factory_Area,80.85,159.81,4.963,497.1,74.12,25.3,12.7,35.2,73.2,5,164,Unhealthy,NW,1011.03,5.32,High,Low,Active,63.5,0.97,168.13,Increasing
20-08-2024 20:00,NODE_02,Sensor_Node_2_Factory_Area,80.31,164.63,5.44,513.5,77.37,29.05,22.17,32.1,75.9,0.6,164,Unhealthy,SW,1011.32,4.09,Low,Normal,Active,53.3,0.94,154.39,Increasing
20-08-2024 21:00,NODE_02,Sensor_Node_2_Factory_Area,78.97,148.86,4.223,484.5,76.44,31.91,18.96,30.9,73,4,163,Unhealthy,NE,1003.84,7.92,Medium,Low,Active,43.6,0.96,151.18,Stable
20-08-2024 22:00,NODE_02,Sensor_Node_2_Factory_Area,75.72,130.19,5.572,490.7,67.51,29.63,28.45,30.6,79,4,161,Unhealthy,SE,1022.18,9.58,High,Peak,Active,67.8,0.75,152.66,Stable
20-08-2024 23:00,NODE_02,Sensor_Node_2_Factory_Area,82.46,84.5,3.259,457,54.49,28.7,17.85,31.6,91.2,2.6,165,Unhealthy,W,1011.39,3.01,High,Normal,Active,81.2,0.7,150.24,Increasing
21-08-2024 00:00,NODE_02,Sensor_Node_2_Factory_Area,72.95,118.75,3.51,476.7,47.08,22.1,13.91,27.4,76.3,3.6,160,Unhealthy,E,1018.51,1.41,Low,Normal,Active,84.5,0.75,171.44,Decreasing
21-08-2024 01:00,NODE_02,Sensor_Node_2_Factory_Area,68.55,114.6,4.165,486,59.81,24.01,19.32,30.4,91.8,3,158,Unhealthy,N,1010.84,6.09,Low,Normal,Fault,99.4,0.89,142.74,Stable
21-08-2024 02:00,NODE_02,Sensor_Node_2_Factory_Area,64.8,105.62,3.246,499.7,53.75,16.52,20.17,32.4,74.5,7,156,Unhealthy,E,1015.08,6.76,Low,Normal,Active,80,0.7,143.88,Stable
21-08-2024 03:00,NODE_02,Sensor_Node_2_Factory_Area,20.98,52.49,1.929,429.5,16.8,10.84,19.38,30.4,75.5,2.1,70,Moderate,W,1013.22,8.7,Low,Normal,Active,55.3,0.83,70.59,Stable
21-08-2024 04:00,NODE_02,Sensor_Node_2_Factory_Area,32.01,63.82,1.347,495.5,30.94,10.09,24.09,31.2,85,2.5,93,Moderate,SW,1016.69,9.14,Low,High,Active,39.5,0.7,100.82,Stable
21-08-2024 05:00,NODE_02,Sensor_Node_2_Factory_Area,29.18,49.07,1.667,421,10.4,1.15,21.2,32.4,77.7,5,87,Moderate,W,1008.43,1.1,Medium,Low,Active,93.9,0.76,94.1,Increasing
21-08-2024 06:00,NODE_02,Sensor_Node_2_Factory_Area,114.84,197.19,6.89,480,80.25,45.61,6.47,33.6,74.9,0.6,182,Unhealthy,W,1013.16,2.62,Low,Low,Maintenance,99.7,0.77,165.73,Decreasing
21-08-2024 07:00,NODE_02,Sensor_Node_2_Factory_Area,94.98,179.46,7.398,508.1,79.98,36.84,13.12,37.6,64.5,1.4,171,Unhealthy,N,1010.52,3.94,High,Normal,Active,55.7,0.73,155.58,Decreasing
21-08-2024 08:00,NODE_02,Sensor_Node_2_Factory_Area,105.82,169.11,6.252,501.9,92.37,31.93,18.42,36.1,57.6,3.8,177,Unhealthy,NW,1010.23,3.8,Medium,Normal,Maintenance,77.5,0.91,186.83,Stable
21-08-2024 09:00,NODE_02,Sensor_Node_2_Factory_Area,104.2,197.64,6.472,427.7,70.64,38.91,19.91,35.7,67.9,7,176,Unhealthy,NW,1018.61,5.44,High,Peak,Active,83.3,0.94,159.98,Increasing
21-08-2024 10:00,NODE_02,Sensor_Node_2_Factory_Area,107.02,201.42,6.953,487.7,75.64,32.82,16.24,38,71.5,4.2,178,Unhealthy,SW,1014.65,2.26,Low,Low,Active,81.2,0.9,166.77,Stable
21-08-2024 11:00,NODE_02,Sensor_Node_2_Factory_Area,117.77,213.08,6.403,515.6,86.24,35.31,15.17,39.8,65.7,1.2,183,Unhealthy,NE,1004.93,8.62,Low,Peak,Active,78.1,0.95,181.29,Increasing
21-08-2024 12:00,NODE_02,Sensor_Node_2_Factory_Area,113.38,182.83,6.566,508.2,81.01,30.42,10.85,36.7,60,2.8,181,Unhealthy,S,1011.2,5.69,High,Low,Active,64.4,0.82,197.49,Stable
21-08-2024 13:00,NODE_02,Sensor_Node_2_Factory_Area,113.64,184.62,6.108,520.4,86.98,35.93,9.93,36.4,67.3,1,181,Unhealthy,NE,1009.74,9.84,Medium,Low,Active,71.2,0.91,164.49,Stable
21-08-2024 14:00,NODE_02,Sensor_Node_2_Factory_Area,111.79,189.77,6.732,483,86.13,36.99,11.21,36.6,71,3,180,Unhealthy,N,1012.7,6.6,Medium,Peak,Active,25.7,0.88,168.81,Increasing
21-08-2024 15:00,NODE_02,Sensor_Node_2_Factory_Area,78.89,151.2,4.994,501.2,64.32,27.32,25.66,36.1,68.6,3.5,163,Unhealthy,NW,1005.18,4.67,Low,Low,Active,62.9,0.92,157.5,Stable
21-08-2024 16:00,NODE_02,Sensor_Node_2_Factory_Area,92.64,175.56,4.651,460.9,65.33,26.33,18.32,36.8,82.6,2.8,170,Unhealthy,SE,1017.83,3.98,Low,High,Active,85.2,0.92,158.34,Stable
21-08-2024 17:00,NODE_02,Sensor_Node_2_Factory_Area,84.39,156.91,4.635,491.2,68.16,29.84,22.36,34.9,73.7,2.6,166,Unhealthy,N,1013.02,8.79,High,High,Active,74.4,0.95,155.71,Increasing
21-08-2024 18:00,NODE_02,Sensor_Node_2_Factory_Area,85.27,137.93,5.123,480.8,64.01,32.34,18.82,32.4,68.4,4.8,166,Unhealthy,SE,1005.1,8.9,Medium,High,Active,71.6,0.79,160.64,Increasing
21-08-2024 19:00,NODE_02,Sensor_Node_2_Factory_Area,94.03,163.85,4.925,512.8,77.82,21.66,18.56,32.1,72,1.8,171,Unhealthy,E,1008.65,3.19,Medium,High,Active,62.3,0.85,156.72,Increasing
21-08-2024 20:00,NODE_02,Sensor_Node_2_Factory_Area,95.21,135.65,5.167,462.7,76.09,28.92,22.13,32.3,73.5,2.4,172,Unhealthy,W,1026.6,5.41,High,Low,Active,33.9,0.73,175.33,Decreasing
21-08-2024 21:00,NODE_02,Sensor_Node_2_Factory_Area,88.55,116.31,4.727,465.2,73.98,28.1,22.54,31.2,76.3,4.3,168,Unhealthy,NW,1024.18,4.89,Medium,Normal,Active,75.7,0.79,182.26,Stable
21-08-2024 22:00,NODE_02,Sensor_Node_2_Factory_Area,89.49,167.53,5.643,484.1,66.68,27.29,24.82,29.1,72.9,6.9,169,Unhealthy,S,1013.9,8.79,Low,Normal,Active,63.5,0.85,183.36,Decreasing
21-08-2024 23:00,NODE_02,Sensor_Node_2_Factory_Area,63.79,97.93,3.544,489.4,54.96,19.92,24.81,33.3,79.7,3.5,155,Unhealthy,E,1018.25,3.05,Medium,Normal,Active,37.4,0.79,169.69,Increasing
22-08-2024 00:00,NODE_02,Sensor_Node_2_Factory_Area,63.64,116.76,4.103,455.6,32.14,18.26,10.01,28.9,67.8,3.5,155,Unhealthy,W,1020.38,2.36,High,Normal,Active,80.2,0.71,145.48,Stable
22-08-2024 01:00,NODE_02,Sensor_Node_2_Factory_Area,73.04,124.73,4.191,435.4,58.26,23.28,24.82,32.9,82.6,3.6,160,Unhealthy,NW,1003.68,5.04,High,High,Active,80.8,0.99,158.82,Decreasing
22-08-2024 02:00,NODE_02,Sensor_Node_2_Factory_Area,53.97,113.12,3.588,469.2,39.83,16.02,18.55,30.2,74.6,4.5,146,Unhealthy for Sensitive Groups,NE,1016.05,5.08,Low,Normal,Maintenance,74.6,0.96,139.97,Stable
22-08-2024 03:00,NODE_02,Sensor_Node_2_Factory_Area,39.1,42.15,0.904,437.4,33.65,9.9,30.57,33,79.6,1.3,110,Unhealthy for Sensitive Groups,SW,1010.75,3.68,Low,High,Active,37.6,0.8,106.78,Increasing
22-08-2024 04:00,NODE_02,Sensor_Node_2_Factory_Area,25.83,42.45,1.765,412,17.24,10.62,21.49,30.6,70.3,2.8,80,Moderate,SE,1012.25,8.31,High,Low,Active,37.5,0.73,73.52,Stable
22-08-2024 05:00,NODE_02,Sensor_Node_2_Factory_Area,25.32,60.84,1.762,445.1,8.21,7.34,24.42,33.7,80.2,0.3,79,Moderate,SE,1009.81,8.38,Medium,Low,Active,68,0.82,85.3,Decreasing
22-08-2024 06:00,NODE_02,Sensor_Node_2_Factory_Area,117.64,181.8,6.119,530.4,81.48,31.67,14.96,36,66.6,4.1,183,Unhealthy,E,1003.7,7.24,Low,Normal,Active,93.9,0.73,187.29,Stable
22-08-2024 07:00,NODE_02,Sensor_Node_2_Factory_Area,106.57,194.03,6.863,533.2,73.42,32.96,13.83,35.1,73.5,0.3,177,Unhealthy,S,1012.2,9.57,Low,Peak,Active,25.7,0.8,171.65,Stable
22-08-2024 08:00,NODE_02,Sensor_Node_2_Factory_Area,106.07,180.31,6.878,514.8,86.21,27.42,22.03,36.3,68,6.6,177,Unhealthy,S,1001.62,1.81,Medium,Normal,Active,87.1,0.92,160.75,Stable
22-08-2024 09:00,NODE_02,Sensor_Node_2_Factory_Area,103.45,181.14,5.955,469,78.28,29.6,15.7,35.1,72.1,3.4,176,Unhealthy,E,1008.33,9.51,Medium,Normal,Active,50.8,0.79,174.75,Stable
22-08-2024 10:00,NODE_02,Sensor_Node_2_Factory_Area,116.69,175.07,6.353,489.6,88.05,43.2,21.91,36.4,67.5,4.6,183,Unhealthy,W,1019,2.38,Medium,Peak,Maintenance,69.4,0.9,187.5,Stable
22-08-2024 11:00,NODE_02,Sensor_Node_2_Factory_Area,122.18,199.12,6.438,503.7,75.52,32.94,11.49,37.3,66.8,5.9,185,Unhealthy,S,1016.71,7.52,High,Normal,Active,36.4,0.91,166.58,Stable
22-08-2024 12:00,NODE_02,Sensor_Node_2_Factory_Area,115.31,184.18,6.769,525.5,86.91,33.82,20.73,38.7,69.7,3.9,182,Unhealthy,NE,1008.8,5.01,Low,Low,Active,96.8,0.74,174.2,Stable
22-08-2024 13:00,NODE_02,Sensor_Node_2_Factory_Area,344.71,529.75,13.947,525.7,77.1,73.67,22.51,38,73.4,1.7,417,Hazardous,SW,1020.22,5.73,Medium,Low,Maintenance,89.5,0.79,428.43,Stable
22-08-2024 14:00,NODE_02,Sensor_Node_2_Factory_Area,101.95,195.45,5.738,507.9,80.38,36.34,13.35,35.1,72.9,2.3,175,Unhealthy,N,1008.36,4.43,Low,Low,Maintenance,58.4,0.8,190.18,Stable
22-08-2024 15:00,NODE_02,Sensor_Node_2_Factory_Area,85.63,142.81,4.791,512.9,67.78,27.05,10.1,36.1,61.9,4.2,167,Unhealthy,NW,1006.55,4.22,Low,Peak,Active,76,0.76,166.6,Decreasing
22-08-2024 16:00,NODE_02,Sensor_Node_2_Factory_Area,99.46,148.35,4.776,497.4,75.03,27.71,28.5,35.2,66.9,1.5,174,Unhealthy,SE,1025.71,6.42,High,Normal,Active,67.2,0.73,162.65,Decreasing
22-08-2024 17:00,NODE_02,Sensor_Node_2_Factory_Area,86.74,162.82,4.977,525.8,72.61,30.1,28.07,36.1,74.6,2.3,167,Unhealthy,W,1016.13,6.37,Low,High,Fault,59.3,0.84,183.54,Decreasing
22-08-2024 18:00,NODE_02,Sensor_Node_2_Factory_Area,95.97,163.35,4.819,529.1,65.77,33.49,19.71,34.7,70,3.4,172,Unhealthy,SW,1015.97,7.42,Medium,High,Active,99.8,0.95,174.91,Stable
22-08-2024 19:00,NODE_02,Sensor_Node_2_Factory_Area,89.62,162.53,6.052,488.4,60.24,34.79,17.08,27.6,76.6,3.9,169,Unhealthy,SE,1017.33,7.45,High,Low,Active,88,0.9,165.41,Increasing
22-08-2024 20:00,NODE_02,Sensor_Node_2_Factory_Area,80.79,159.14,5.41,498.1,63,30.22,23.99,29.2,74.9,3.3,164,Unhealthy,SE,1015.27,1.27,High,Normal,Active,27.6,0.84,180.22,Increasing
22-08-2024 21:00,NODE_02,Sensor_Node_2_Factory_Area,96.02,165.23,6.054,504.6,50.92,27,25.53,30.4,84,3.7,172,Unhealthy,NW,1007.64,5.88,High,Low,Active,63.8,0.91,182.83,Decreasing
22-08-2024 22:00,NODE_02,Sensor_Node_2_Factory_Area,84.54,126.3,5.014,461.4,63.97,17.63,18.49,31.2,80.1,1.2,166,Unhealthy,N,1007.88,6.99,Low,Low,Active,68.1,0.9,160.15,Increasing
22-08-2024 23:00,NODE_02,Sensor_Node_2_Factory_Area,73.91,131.54,4.196,467.8,49.64,19.11,27.27,30.2,83.1,0.3,161,Unhealthy,W,1014.02,8.01,Medium,High,Active,82.2,0.87,151.3,Decreasing
23-08-2024 00:00,NODE_02,Sensor_Node_2_Factory_Area,50.02,116.06,3.983,448,45.21,24.61,23.83,30.4,85.8,1.7,137,Unhealthy for Sensitive Groups,W,1014.93,9,Medium,Normal,Active,80.7,0.77,126.16,Decreasing
23-08-2024 01:00,NODE_02,Sensor_Node_2_Factory_Area,70.6,133.68,3.387,473.3,51.09,16.75,29.68,29.5,80.1,4.5,159,Unhealthy,NE,1017.53,3.93,Medium,Normal,Active,44.2,0.77,149.82,Increasing
23-08-2024 02:00,NODE_02,Sensor_Node_2_Factory_Area,63.96,110.34,3.851,470.5,46.56,18.51,18.1,30.3,78.8,4.4,155,Unhealthy,NW,1011.34,4.54,Low,High,Active,56.4,0.73,145.68,Decreasing
23-08-2024 03:00,NODE_02,Sensor_Node_2_Factory_Area,24.25,31.57,0.996,421.1,23.32,12.51,19.48,31.8,78.5,3.1,77,Moderate,E,1023.09,1.89,Low,Normal,Active,25.3,0.91,81.87,Decreasing
23-08-2024 04:00,NODE_02,Sensor_Node_2_Factory_Area,35.99,57.36,1.866,424.3,12.99,2.77,25.79,30.9,79.8,6.4,102,Unhealthy for Sensitive Groups,S,1004.05,5,Low,Normal,Active,44.2,0.99,106.23,Stable
23-08-2024 05:00,NODE_02,Sensor_Node_2_Factory_Area,18.51,51.05,1.218,412.7,15.31,6.41,24.89,32.1,68,2.9,64,Moderate,S,1023.58,9.24,Low,Peak,Active,92.4,0.76,62.35,Increasing
23-08-2024 06:00,NODE_02,Sensor_Node_2_Factory_Area,106.96,190.47,6.189,508.6,90.76,40.24,20.89,33.1,66.4,3.9,178,Unhealthy,N,1020.42,3.66,Low,Peak,Active,38.3,0.74,162.57,Stable
23-08-2024 07:00,NODE_02,Sensor_Node_2_Factory_Area,105.51,179.33,6.939,485,80.34,36.84,20.17,36.8,72.3,3.7,177,Unhealthy,SE,1013.96,3.14,Low,Peak,Active,90.3,0.77,194.19,Increasing
23-08-2024 08:00,NODE_02,Sensor_Node_2_Factory_Area,101.67,183.29,5.907,503.4,76.86,37.89,18.08,37.1,70.7,0.7,175,Unhealthy,S,1013.84,2.49,High,Peak,Active,53.4,0.75,169.33,Increasing
23-08-2024 09:00,NODE_02,Sensor_Node_2_Factory_Area,111.79,176.27,6.061,503.2,83.88,34.66,18.78,40.3,70.2,4.4,180,Unhealthy,NW,1010.53,6.23,High,Low,Active,84.7,0.98,163.03,Increasing
23-08-2024 10:00,NODE_02,Sensor_Node_2_Factory_Area,105.01,194.96,6.637,509.2,79.84,36.3,13.49,36.7,56.9,2.8,177,Unhealthy,E,1007.1,5.71,High,Normal,Active,77.9,0.8,180.94,Stable
23-08-2024 11:00,NODE_02,Sensor_Node_2_Factory_Area,109.02,158.86,6.429,518.5,74.59,36.86,15.19,37,68.5,3.9,179,Unhealthy,S,1009.3,5.02,High,Peak,Active,59.2,0.8,161.53,Decreasing
23-08-2024 12:00,NODE_02,Sensor_Node_2_Factory_Area,94.7,188.85,6.454,502,80.41,38.52,13.96,35.7,61.9,2,171,Unhealthy,SE,1014.44,3.41,High,Low,Active,59.1,0.82,183.77,Increasing
23-08-2024 13:00,NODE_02,Sensor_Node_2_Factory_Area,110.76,200.82,6.102,503.3,82.63,40.3,16.24,39.1,61.9,3.3,180,Unhealthy,SW,1025.44,9.8,Low,Normal,Active,31.5,0.97,182.14,Increasing
23-08-2024 14:00,NODE_02,Sensor_Node_2_Factory_Area,123.26,192.79,6.097,500.9,85.47,36.79,13.95,37.4,68.3,7,186,Unhealthy,W,1017.31,2.45,Medium,Low,Active,74.5,1,195.36,Decreasing
23-08-2024 15:00,NODE_02,Sensor_Node_2_Factory_Area,81.48,146.84,5.789,508.6,61.64,36.38,14.42,37.4,75.7,6.1,164,Unhealthy,E,1003.36,3.49,Medium,Peak,Active,68.1,0.89,149.73,Decreasing
23-08-2024 16:00,NODE_02,Sensor_Node_2_Factory_Area,81.62,136.21,5.365,485.7,64.77,23.38,24.99,36.4,73.1,5.4,164,Unhealthy,SE,1006.01,3.83,Medium,Low,Active,96.2,0.93,177.66,Decreasing
23-08-2024 17:00,NODE_02,Sensor_Node_2_Factory_Area,97.32,127.67,5.209,459.7,72.46,34.19,17.95,34.9,73.9,2.1,173,Unhealthy,SE,1017.64,4.77,Low,Normal,Active,49.6,0.71,160.32,Decreasing
23-08-2024 18:00,NODE_02,Sensor_Node_2_Factory_Area,93.66,148.7,5.273,464.4,75.26,25.31,19.98,32.3,69.3,4.9,171,Unhealthy,W,1012.17,2.62,Medium,Low,Maintenance,89.4,0.94,171.03,Stable
23-08-2024 19:00,NODE_02,Sensor_Node_2_Factory_Area,83.87,159.31,5.859,473.3,60.81,32.96,14.83,36.4,67.2,2,166,Unhealthy,NW,1005.82,2.38,Medium,Peak,Active,30.2,0.77,170.64,Decreasing
23-08-2024 20:00,NODE_02,Sensor_Node_2_Factory_Area,79.86,138.28,4.821,501.9,66.93,33.37,22.43,30.5,74.4,3.9,164,Unhealthy,N,1006.24,3.18,Low,Low,Active,27.3,0.79,151.66,Stable
23-08-2024 21:00,NODE_02,Sensor_Node_2_Factory_Area,97.79,141.85,4.644,481.6,59.44,33.77,5,32,79.3,2.2,173,Unhealthy,SE,1004.85,5.72,Medium,Low,Active,30.8,0.94,178.87,Stable
23-08-2024 22:00,NODE_02,Sensor_Node_2_Factory_Area,91.64,145.74,4.808,508.4,77.47,26.76,14.53,26.4,67.6,3.5,170,Unhealthy,E,1022.53,7.88,High,Low,Active,96.5,0.71,169.77,Stable
23-08-2024 23:00,NODE_02,Sensor_Node_2_Factory_Area,59.72,128.81,4.187,469,51.07,23.75,19.68,30.6,80,1,153,Unhealthy,N,1011.73,3.5,Medium,Normal,Active,61.1,0.89,144.52,Stable
24-08-2024 00:00,NODE_02,Sensor_Node_2_Factory_Area,53.61,92.65,1.864,432.6,29.67,10.84,12.57,29.4,86.6,4,146,Unhealthy for Sensitive Groups,NW,1011.91,8.1,High,Normal,Active,30.5,0.79,147.77,Increasing
24-08-2024 01:00,NODE_02,Sensor_Node_2_Factory_Area,46.56,84.9,2.413,490,27.17,7.96,27.8,32.4,75.3,4.5,128,Unhealthy for Sensitive Groups,N,1009.95,1.6,Low,High,Maintenance,87.4,0.97,125.33,Decreasing
24-08-2024 02:00,NODE_02,Sensor_Node_2_Factory_Area,34.13,70.74,2.613,456.6,40.46,15.07,20.12,32,78.1,2.9,97,Moderate,NW,1008.39,3.11,Medium,Peak,Active,33.9,0.79,87.85,Decreasing
24-08-2024 03:00,NODE_02,Sensor_Node_2_Factory_Area,12.15,10,1.18,403,28.27,7.3,26.81,32.3,65.5,1.4,51,Moderate,W,1002.95,4.8,Low,High,Active,25.7,0.76,50.31,Decreasing
24-08-2024 04:00,NODE_02,Sensor_Node_2_Factory_Area,14.61,36.98,0.763,402.9,17.01,8.71,19.47,30.8,73.8,3.3,56,Moderate,E,1013.9,4.09,High,Normal,Active,34.3,0.81,59.32,Stable
24-08-2024 05:00,NODE_02,Sensor_Node_2_Factory_Area,33.25,59.94,1.579,442.4,5.91,1,22.55,33.3,87.4,4.3,95,Moderate,N,1019.79,3.49,High,Peak,Active,21.5,0.87,85.9,Stable
24-08-2024 06:00,NODE_02,Sensor_Node_2_Factory_Area,74.26,126.38,5.049,528.9,54.64,20.9,13.19,34,67.7,4,161,Unhealthy,E,1009.94,4.34,Medium,Normal,Active,31.6,0.89,154.77,Stable
24-08-2024 07:00,NODE_02,Sensor_Node_2_Factory_Area,78.74,133.16,3.507,531.5,45.34,29.82,19.72,38.4,55.2,2.5,163,Unhealthy,W,1014.16,8.43,High,Normal,Active,99.4,0.73,174.4,Stable
24-08-2024 08:00,NODE_02,Sensor_Node_2_Factory_Area,66.55,137.35,4,530.9,48.09,15.73,12.27,36.9,75,1,157,Unhealthy,S,1018.88,2.65,Low,Low,Active,29.5,0.93,152.92,Increasing
24-08-2024 09:00,NODE_02,Sensor_Node_2_Factory_Area,63.85,130.79,4.336,508.7,66.84,22.25,11.31,36.9,66.8,2.9,155,Unhealthy,N,1016.97,4.94,Medium,Low,Active,83.9,0.84,158,Decreasing
24-08-2024 10:00,NODE_02,Sensor_Node_2_Factory_Area,73.53,119.49,3.017,508.3,62.87,25.74,8.43,37,65.3,8.8,160,Unhealthy,W,1007.23,6.82,Medium,Peak,Active,81,0.75,153.49,Increasing
24-08-2024 11:00,NODE_02,Sensor_Node_2_Factory_Area,75.93,125.52,2.654,486.5,52.06,20.8,14.99,37.2,64.8,4.1,162,Unhealthy,S,1010.07,4.73,High,High,Active,67.3,0.85,147.67,Increasing
24-08-2024 12:00,NODE_02,Sensor_Node_2_Factory_Area,70.22,131.7,4.37,529.7,59.3,31.67,19.49,35.6,74.1,2,159,Unhealthy,N,1012.9,9.13,High,Low,Fault,26.6,0.86,162.77,Stable
24-08-2024 13:00,NODE_02,Sensor_Node_2_Factory_Area,78.86,138.81,4.654,479.8,59.56,24.57,16.05,37.7,54.8,5.7,163,Unhealthy,SE,1022.15,1.9,Low,Low,Active,59.6,0.9,161.02,Decreasing
24-08-2024 14:00,NODE_02,Sensor_Node_2_Factory_Area,64.91,122.7,3.906,497.3,41.74,26.04,16.1,36.2,74,4.7,156,Unhealthy,SW,1019.47,4.69,Low,Normal,Active,61.5,0.88,152.94,Increasing
24-08-2024 15:00,NODE_02,Sensor_Node_2_Factory_Area,64.05,120.97,2.858,466.9,28.06,15.89,16.46,34.4,62.7,6.3,155,Unhealthy,W,1011.33,9.6,Low,Peak,Active,33.1,0.84,164.68,Stable
24-08-2024 16:00,NODE_02,Sensor_Node_2_Factory_Area,63.12,102.49,2.948,509.3,34.25,20.72,17.24,36.1,70.8,0.9,155,Unhealthy,E,1000.68,5.19,High,Normal,Active,49.9,0.78,151.28,Decreasing
24-08-2024 17:00,NODE_02,Sensor_Node_2_Factory_Area,66.78,108.73,3.875,468.7,41.66,14.93,11.86,36.4,58.7,1.7,157,Unhealthy,SE,1011.61,8.51,High,Peak,Active,30.6,0.78,152.19,Increasing
24-08-2024 18:00,NODE_02,Sensor_Node_2_Factory_Area,55.5,82.79,2.959,520.6,41.85,15.19,19.58,34.1,83.5,1.6,151,Unhealthy,W,1006.91,1.62,Low,Peak,Active,23,0.74,158.28,Increasing
24-08-2024 19:00,NODE_02,Sensor_Node_2_Factory_Area,55.01,88.74,3.017,460.3,44.01,19.73,19.04,30.5,67.8,1.5,149,Unhealthy for Sensitive Groups,W,1017.49,7.59,Low,Low,Active,22.2,0.96,154.35,Increasing
24-08-2024 20:00,NODE_02,Sensor_Node_2_Factory_Area,40.87,112.21,4.083,507.6,45.72,16.35,29.24,33.6,70.1,4.6,114,Unhealthy for Sensitive Groups,W,1006.71,3.5,Medium,Low,Fault,93.9,0.96,104.66,Increasing
24-08-2024 21:00,NODE_02,Sensor_Node_2_Factory_Area,69.28,121.12,2.997,484.6,45.41,19.09,13.26,31.3,74.5,1.8,158,Unhealthy,S,1007.94,1.72,Low,Low,Active,43.2,0.85,159.39,Increasing
24-08-2024 22:00,NODE_02,Sensor_Node_2_Factory_Area,55.34,128.8,3.556,481.3,47.45,24.35,14.8,33.1,70.8,4.5,150,Unhealthy for Sensitive Groups,E,1012.43,6.69,Medium,Low,Active,35,0.76,154.07,Stable
24-08-2024 23:00,NODE_02,Sensor_Node_2_Factory_Area,39.78,58.61,3.028,465.7,33.73,18.78,23.21,32.1,84.1,3,112,Unhealthy for Sensitive Groups,E,1011.43,8.24,High,Peak,Active,57.2,0.91,116.39,Increasing
25-08-2024 00:00,NODE_02,Sensor_Node_2_Factory_Area,43.88,74.96,3.364,474.8,36.46,18.92,19.29,28.7,81.7,2.7,122,Unhealthy for Sensitive Groups,SW,1006.71,2.18,Low,Low,Active,48.2,0.73,124.39,Increasing
25-08-2024 01:00,NODE_02,Sensor_Node_2_Factory_Area,39.4,67.85,2.677,458.8,43.49,15.4,18.08,30.7,70,4.1,111,Unhealthy for Sensitive Groups,NW,1021.08,1.59,Medium,High,Active,71.9,0.99,121.91,Increasing
25-08-2024 02:00,NODE_02,Sensor_Node_2_Factory_Area,42.77,75.85,1.997,457.7,41.04,14.09,32.6,31.6,71.1,1.4,119,Unhealthy for Sensitive Groups,NW,1005.61,9.37,Low,Normal,Active,96,0.71,120.61,Stable
25-08-2024 03:00,NODE_02,Sensor_Node_2_Factory_Area,37.31,12.55,0.908,442.8,16.68,3.85,25.65,33.4,85,2.7,105,Unhealthy for Sensitive Groups,S,993.58,4.61,Medium,Peak,Active,93.4,0.95,102.17,Decreasing
25-08-2024 04:00,NODE_02,Sensor_Node_2_Factory_Area,21.18,38.91,0.2,434.1,18.35,5.72,22.15,32.7,83,3.2,70,Moderate,E,1001.66,2.88,Low,Low,Active,27.8,0.82,64.12,Decreasing
25-08-2024 05:00,NODE_02,Sensor_Node_2_Factory_Area,20.34,14.4,0.501,443.9,16.22,3.62,29.15,33.1,64.8,2.5,68,Moderate,W,1013.29,9.66,Low,Normal,Active,94.1,0.9,66.75,Decreasing
25-08-2024 06:00,NODE_02,Sensor_Node_2_Factory_Area,72.41,116.92,3.271,493.6,59.68,23.92,20.94,35.3,62,4.4,160,Unhealthy,E,1011.54,9.43,Low,Peak,Active,62.3,0.9,155.3,Decreasing
25-08-2024 07:00,NODE_02,Sensor_Node_2_Factory_Area,66.68,133.99,4.439,515,61.99,28.73,7.58,34.5,74.7,0.6,500,Hazardous,W,1002.09,3.44,High,Low,Active,65.4,0.99,536.2,Increasing
25-08-2024 08:00,NODE_02,Sensor_Node_2_Factory_Area,78.22,148.68,4.933,526.6,51.67,27.03,26.21,38.3,71.6,4.8,163,Unhealthy,N,1000.85,2.72,Low,Low,Active,79.9,0.75,148.65,Decreasing
25-08-2024 09:00,NODE_02,Sensor_Node_2_Factory_Area,83.58,121.28,3.5,523.4,54.38,24.26,18.9,36.1,73.5,2,165,Unhealthy,NE,1012.04,2.13,Low,Peak,Active,53.4,0.84,174.95,Stable
25-08-2024 10:00,NODE_02,Sensor_Node_2_Factory_Area,46.65,126.65,3.73,499.9,49.72,20.86,15.24,38.3,76.2,1.9,128,Unhealthy for Sensitive Groups,SE,1020.66,4.68,Medium,Peak,Active,63.2,0.92,124.27,Decreasing
25-08-2024 11:00,NODE_02,Sensor_Node_2_Factory_Area,73.34,137.8,4.409,483.6,50.18,23.74,15.21,37.1,65.2,1.6,500,Hazardous,NE,1014.63,7.96,Medium,Low,Active,99.9,0.75,461.86,Stable
25-08-2024 12:00,NODE_02,Sensor_Node_2_Factory_Area,73.88,129.13,4.189,521.9,57.87,19.39,14.39,37.8,65.2,4.6,160,Unhealthy,E,1007.02,4.12,High,High,Active,28.8,0.98,170.4,Increasing
25-08-2024 13:00,NODE_02,Sensor_Node_2_Factory_Area,65.3,109.9,4.021,527.8,54.21,33.03,24.16,34.6,59.8,0.6,156,Unhealthy,SW,1014.67,3.24,Medium,Peak,Active,27.1,0.74,144.64,Stable
25-08-2024 14:00,NODE_02,Sensor_Node_2_Factory_Area,77.25,132.74,3.411,526.2,68.15,17.97,14.13,37,74.3,5.6,162,Unhealthy,SW,1007.02,8.03,Low,Peak,Active,74.6,0.98,160.03,Stable
25-08-2024 15:00,NODE_02,Sensor_Node_2_Factory_Area,69.32,92.76,3.099,505.3,42.22,19.63,23.2,37.9,69.5,3.5,158,Unhealthy,NW,998.29,4.44,Low,Normal,Active,98,0.85,159.47,Increasing
25-08-2024 16:00,NODE_02,Sensor_Node_2_Factory_Area,65.15,109.36,2.642,501.8,38.74,9.11,17.63,34.3,69,0.8,156,Unhealthy,NE,1013.84,1.56,Medium,Low,Active,29.3,0.85,161.75,Increasing
25-08-2024 17:00,NODE_02,Sensor_Node_2_Factory_Area,47.22,95.84,2.516,474.8,46.03,25.8,17,35,75.2,4.7,130,Unhealthy for Sensitive Groups,SW,1013.43,4.99,High,Low,Active,54.5,0.98,126.07,Decreasing
25-08-2024 18:00,NODE_02,Sensor_Node_2_Factory_Area,62.79,93.47,2.934,492,27.37,10.51,25.88,35.7,67.9,1.4,155,Unhealthy,SW,1017.59,8.74,High,Normal,Active,95.6,0.7,163.08,Decreasing
25-08-2024 19:00,NODE_02,Sensor_Node_2_Factory_Area,47.36,106.39,3.68,470.9,42.79,11.51,16.2,32.6,74.5,2.7,130,Unhealthy for Sensitive Groups,N,1016.43,9.89,Medium,High,Active,87.6,0.82,124.13,Increasing
25-08-2024 20:00,NODE_02,Sensor_Node_2_Factory_Area,69.22,90.66,2.986,505.8,38.79,15.16,21.44,32.7,71.8,1.9,158,Unhealthy,S,1011.84,6.2,Medium,Normal,Maintenance,61.8,0.74,161.57,Stable
25-08-2024 21:00,NODE_02,Sensor_Node_2_Factory_Area,219.11,252.16,6.675,480.2,53.69,21.04,26.9,30.1,72.7,1.4,269,Very Unhealthy,S,1016.59,4.57,Low,High,Active,53,0.93,283.11,Decreasing
25-08-2024 22:00,NODE_02,Sensor_Node_2_Factory_Area,52.92,88.64,3.218,476.4,48.45,18.84,17.29,30.4,83.9,2.3,144,Unhealthy for Sensitive Groups,NE,1007.01,6.05,High,Normal,Active,95.5,0.76,131.63,Decreasing
25-08-2024 23:00,NODE_02,Sensor_Node_2_Factory_Area,39.03,70.84,2.737,484.8,44.3,17,16.39,29.8,64.8,1.2,110,Unhealthy for Sensitive Groups,N,1003.53,4.45,Medium,Low,Active,45.7,0.82,105.12,Decreasing
26-08-2024 00:00,NODE_02,Sensor_Node_2_Factory_Area,47.5,143.51,3.651,431.1,48.48,28.2,30.34,30.1,78.6,6,131,Unhealthy for Sensitive Groups,SW,1001.21,3.59,Low,Peak,Active,73.1,0.71,139.11,Decreasing
26-08-2024 01:00,NODE_02,Sensor_Node_2_Factory_Area,75.8,125.75,3.302,496.7,44.24,19.06,21.3,31.5,81.9,7,161,Unhealthy,SW,1007.81,7.62,Low,Normal,Maintenance,42.3,0.81,156.78,Stable
26-08-2024 02:00,NODE_02,Sensor_Node_2_Factory_Area,74.59,114.12,3.434,458.1,56.76,18.36,12.96,30.1,76.7,3.2,161,Unhealthy,S,1015.64,2.88,High,Peak,Active,85.3,0.75,156.32,Increasing
26-08-2024 03:00,NODE_02,Sensor_Node_2_Factory_Area,34.38,63.62,1.191,439,5.95,12.49,28.98,31.1,68.3,0.6,98,Moderate,W,1017.1,2.04,High,Peak,Active,40.4,0.99,90.68,Stable
26-08-2024 04:00,NODE_02,Sensor_Node_2_Factory_Area,32.84,44.07,0.21,451.5,29.15,14.36,18.61,29.1,72.5,2.2,95,Moderate,NE,1006.89,8.39,Medium,High,Active,43.3,0.8,97.18,Stable
26-08-2024 05:00,NODE_02,Sensor_Node_2_Factory_Area,31.64,57.64,1.427,448.7,21.11,8.34,24.68,32.4,70.8,3.5,92,Moderate,NE,1014.63,1.48,Medium,High,Active,87,0.71,92.63,Decreasing
26-08-2024 06:00,NODE_02,Sensor_Node_2_Factory_Area,367.25,560.12,17.957,511.8,85.81,70.93,20.88,33.3,75.3,2.9,451,Hazardous,SE,1015.75,1.77,High,Low,Active,53.8,0.75,444.92,Decreasing
26-08-2024 07:00,NODE_02,Sensor_Node_2_Factory_Area,118.37,183.58,6.572,507,83.77,31.74,14.65,36.5,74,2,183,Unhealthy,N,1017.24,4.93,High,Peak,Active,47.3,0.7,191.38,Stable
26-08-2024 08:00,NODE_02,Sensor_Node_2_Factory_Area,117.4,174.67,6.302,486.7,96.42,36.65,20.73,36.6,72.2,1.3,183,Unhealthy,SE,1014.28,10,Low,Low,Active,84.9,0.87,177.33,Increasing
26-08-2024 09:00,NODE_02,Sensor_Node_2_Factory_Area,101.64,183.46,6.412,488.1,74.9,31.1,19.08,36.3,59.9,0.9,175,Unhealthy,NE,1006.22,1.96,High,High,Active,26.1,0.83,166.33,Decreasing
26-08-2024 10:00,NODE_02,Sensor_Node_2_Factory_Area,109.35,199.66,6.326,478.8,82.48,32.61,17.01,36.8,67.8,0.4,179,Unhealthy,SE,1011.37,4.42,Low,High,Active,32.3,0.83,187.29,Stable
26-08-2024 11:00,NODE_02,Sensor_Node_2_Factory_Area,95.77,176.77,6.401,498.3,83.09,31.8,16.43,35,64.6,4.2,172,Unhealthy,SW,1005.7,1.89,Medium,Peak,Active,28.1,0.76,161.57,Increasing
26-08-2024 12:00,NODE_02,Sensor_Node_2_Factory_Area,107.21,211.12,6.925,501.2,83.49,31.33,12.62,38.2,63.6,3.6,178,Unhealthy,SE,1004.7,4.97,High,Low,Active,21.9,0.82,163.23,Decreasing
26-08-2024 13:00,NODE_02,Sensor_Node_2_Factory_Area,116.39,198.37,6.57,504.8,78.59,43.25,19.11,38.4,61.4,1.4,182,Unhealthy,NE,1020.83,4.07,Medium,High,Active,49.8,0.86,168.36,Increasing
26-08-2024 14:00,NODE_02,Sensor_Node_2_Factory_Area,129.12,179.77,6.415,506.2,74.46,37.75,17.66,35.8,71.2,1.2,189,Unhealthy,S,1016,6.65,Low,Low,Active,98,0.76,188.95,Stable
26-08-2024 15:00,NODE_02,Sensor_Node_2_Factory_Area,80.21,160.44,5.369,466.6,63.01,26.47,21.63,35.8,67,1.2,164,Unhealthy,NW,1012.15,9.6,Medium,High,Maintenance,69.8,0.81,155.47,Increasing
26-08-2024 16:00,NODE_02,Sensor_Node_2_Factory_Area,101.77,142.52,5.006,493.5,64.23,26.45,20.1,37.2,76.8,1.8,175,Unhealthy,NW,1006.47,2.77,Low,Normal,Active,39.8,0.83,175.7,Increasing
26-08-2024 17:00,NODE_02,Sensor_Node_2_Factory_Area,86.42,171.64,5.283,472.3,62.44,24.36,18,35.8,79.7,3,167,Unhealthy,E,1008.78,7.12,High,Peak,Active,46.6,0.85,153.99,Stable
26-08-2024 18:00,NODE_02,Sensor_Node_2_Factory_Area,82.46,158.42,4.235,472.8,71.65,32.3,24.94,33.8,79.8,0.6,165,Unhealthy,W,1011.78,9.54,Medium,Low,Fault,73.3,0.83,172.41,Stable
26-08-2024 19:00,NODE_02,Sensor_Node_2_Factory_Area,84.93,145.52,5.274,507.6,73.77,32.93,21.03,34.4,73.7,3.2,166,Unhealthy,S,1017.41,8.18,High,Peak,Active,50.5,0.87,162.19,Increasing
26-08-2024 20:00,NODE_02,Sensor_Node_2_Factory_Area,95.03,152.28,5.522,468,64.95,27.99,14.81,34.7,77.8,1.4,171,Unhealthy,SW,1015.75,8.79,Low,High,Active,58.5,0.96,188.06,Decreasing
26-08-2024 21:00,NODE_02,Sensor_Node_2_Factory_Area,92.68,151.12,4.909,468.7,72.52,27.74,9.5,31.2,76.4,3.2,170,Unhealthy,W,1011.97,4.78,Low,Peak,Maintenance,34.9,0.93,178.58,Increasing
26-08-2024 22:00,NODE_02,Sensor_Node_2_Factory_Area,83.1,158.97,4.796,499.7,75.29,18.88,14.65,31.2,77.8,3.6,165,Unhealthy,N,1017.03,9.76,High,Low,Active,58.5,0.86,178.95,Decreasing
26-08-2024 23:00,NODE_02,Sensor_Node_2_Factory_Area,76.38,90.39,3.758,480.5,50.21,21.1,26.99,30.7,76.3,3.5,162,Unhealthy,S,1008.06,3.09,Low,Normal,Active,41.7,0.98,166.82,Decreasing
27-08-2024 00:00,NODE_02,Sensor_Node_2_Factory_Area,68.42,107.47,4.306,440.1,62.66,24.04,31.77,30.9,79.4,1.6,158,Unhealthy,SW,1022.97,2.63,Low,Normal,Fault,97.1,0.76,163.34,Decreasing
27-08-2024 01:00,NODE_02,Sensor_Node_2_Factory_Area,61.17,141.68,3.906,484.7,57.61,20.7,16.79,29.1,68.5,3.6,154,Unhealthy,NE,1015.47,9.44,Medium,High,Active,25.2,0.99,145.55,Increasing
27-08-2024 02:00,NODE_02,Sensor_Node_2_Factory_Area,74.18,114.08,4.302,486,48.2,25.95,19.99,29.9,77.7,1.6,161,Unhealthy,SE,998.09,4.04,Medium,Low,Active,29.6,0.86,175.06,Increasing
27-08-2024 03:00,NODE_02,Sensor_Node_2_Factory_Area,16.22,46.99,0.446,449.7,11.94,8.97,32.42,31.3,64.9,0.9,60,Moderate,NW,1008.48,5.65,High,High,Active,98.1,0.75,62.75,Decreasing
27-08-2024 04:00,NODE_02,Sensor_Node_2_Factory_Area,34.95,45.91,2.158,445.3,27.12,8.63,31.42,31.2,64,6,99,Moderate,N,1009.96,7.53,Low,Normal,Active,57.7,0.87,101,Decreasing
27-08-2024 05:00,NODE_02,Sensor_Node_2_Factory_Area,18.74,49.68,2.209,440.9,23.31,12.92,16.62,34,81.5,3.7,65,Moderate,N,1022.33,9.96,Medium,High,Active,40.4,0.99,62.89,Increasing
27-08-2024 06:00,NODE_02,Sensor_Node_2_Factory_Area,116.42,159.95,6.335,481.6,86.68,31.98,20.25,33.4,64.3,2.9,182,Unhealthy,N,1011.76,2.49,High,Low,Active,62.8,0.89,192.75,Decreasing
27-08-2024 07:00,NODE_02,Sensor_Node_2_Factory_Area,102.44,198.63,6.078,478.7,83.9,35.86,13.51,33.9,78.1,1.9,175,Unhealthy,SE,1012,8,Low,High,Active,82.9,0.88,161.05,Stable
27-08-2024 08:00,NODE_02,Sensor_Node_2_Factory_Area,387.85,700.45,18.823,476.2,92.53,78.44,18.85,40,73.6,2.9,500,Hazardous,W,1017.9,3.28,Medium,High,Active,45.2,0.71,532.4,Stable
27-08-2024 09:00,NODE_02,Sensor_Node_2_Factory_Area,114.58,192.95,5.817,509,95.87,32.77,17.34,36.8,67.5,5.8,182,Unhealthy,SW,1019.02,4.36,High,Normal,Active,68.4,0.84,170.65,Stable
27-08-2024 10:00,NODE_02,Sensor_Node_2_Factory_Area,101.22,199.64,6.435,473.3,86.66,36.46,11.64,37.7,58.9,1.9,175,Unhealthy,S,999.67,5.95,Medium,Low,Active,95.5,0.85,186.72,Stable
27-08-2024 11:00,NODE_02,Sensor_Node_2_Factory_Area,104.52,173.88,5.899,506.4,87.09,32.43,11.26,38.1,66.9,3.7,176,Unhealthy,NW,1015.59,1.9,Low,Normal,Active,34.8,0.73,170.84,Decreasing
27-08-2024 12:00,NODE_02,Sensor_Node_2_Factory_Area,111.48,187.62,6.207,523.2,87.82,29.05,12.52,37.3,65.9,2.8,180,Unhealthy,SE,1004.17,9.12,High,Low,Active,70,0.73,165.06,Increasing
27-08-2024 13:00,NODE_02,Sensor_Node_2_Factory_Area,115.02,213.79,6.415,492.5,74.66,34.05,10.61,37.3,69.5,0.6,182,Unhealthy,SW,1011.38,5.25,Medium,High,Active,38.6,0.72,169.21,Increasing
27-08-2024 14:00,NODE_02,Sensor_Node_2_Factory_Area,95.67,201.65,6.224,506.9,77.62,34.36,13.1,35.5,61.4,1.1,172,Unhealthy,E,1010.01,5.25,Medium,Low,Active,33.9,0.93,167.2,Decreasing
27-08-2024 15:00,NODE_02,Sensor_Node_2_Factory_Area,87.88,135.16,4.942,501,60.63,28.85,15.1,38.5,64.7,4.4,168,Unhealthy,N,1017.42,5.23,Medium,Normal,Active,26.9,0.9,177.45,Increasing
27-08-2024 16:00,NODE_02,Sensor_Node_2_Factory_Area,100.33,133.05,4.421,508,74.21,26.33,5,36.1,59.9,5.6,500,Hazardous,NE,1029.74,1.78,Medium,Low,Active,72.1,0.82,547.75,Stable
27-08-2024 17:00,NODE_02,Sensor_Node_2_Factory_Area,81.38,174.14,4.934,469.4,73.62,30.31,16.58,35.1,68.2,3.8,164,Unhealthy,SE,1002.49,2.57,High,Normal,Active,68.2,0.85,168.41,Stable
27-08-2024 18:00,NODE_02,Sensor_Node_2_Factory_Area,82.2,157.89,4.355,467.7,71.14,28.52,12.85,34,77.3,0.4,165,Unhealthy,W,1014.98,3.51,Low,High,Active,21.6,0.84,168.35,Decreasing
27-08-2024 19:00,NODE_02,Sensor_Node_2_Factory_Area,76.42,176.45,5.407,497.7,67.19,35.79,23.21,32.4,78.1,2.3,162,Unhealthy,N,1019.59,6.29,Low,Low,Active,66.7,0.97,152.06,Stable
27-08-2024 20:00,NODE_02,Sensor_Node_2_Factory_Area,99.73,157.43,5.451,508.1,71.04,25.56,26.71,32.8,78.5,3.5,174,Unhealthy,NW,1010.91,9.97,Low,High,Active,59.6,0.76,174.31,Increasing
27-08-2024 21:00,NODE_02,Sensor_Node_2_Factory_Area,88.45,146.75,5.653,487.6,53.21,23.18,20.52,32.7,79.9,3.2,168,Unhealthy,SE,1008.17,4.31,Medium,Peak,Active,81.7,0.8,170.05,Decreasing
27-08-2024 22:00,NODE_02,Sensor_Node_2_Factory_Area,92.23,148.29,5.057,516.4,58.32,33.75,18.48,29.3,68.5,3,170,Unhealthy,SW,1022.59,8.63,Medium,High,Active,46,0.96,186.79,Stable
27-08-2024 23:00,NODE_02,Sensor_Node_2_Factory_Area,77.84,100.35,4.823,470.8,40.98,19.88,27.77,28.7,75.6,3.3,163,Unhealthy,SE,1009.88,1.12,High,Peak,Active,63.1,0.84,157.05,Increasing
28-08-2024 00:00,NODE_02,Sensor_Node_2_Factory_Area,56.24,117.13,3.764,469.9,57.03,22.56,20.34,29.8,84.5,2.8,151,Unhealthy,S,1009.66,7.96,Medium,Peak,Active,97.1,0.92,163.08,Increasing
28-08-2024 01:00,NODE_02,Sensor_Node_2_Factory_Area,60.24,119.3,3.632,459.5,47.85,21.5,14.31,31.1,61.8,4,153,Unhealthy,SE,1012.49,5.15,High,High,Active,76.8,0.9,143.72,Decreasing
28-08-2024 02:00,NODE_02,Sensor_Node_2_Factory_Area,252.66,314.13,11.515,459.2,61.62,49.93,14.92,28,73.5,2.4,303,Hazardous,SW,1009.02,7,Medium,High,Maintenance,54.2,0.7,277.87,Stable
28-08-2024 03:00,NODE_02,Sensor_Node_2_Factory_Area,33.99,62.5,1.776,401.8,20.55,10.23,23.85,32.5,72.9,2.2,97,Moderate,NE,1015.84,4.97,High,High,Active,31.9,0.96,103.05,Decreasing
28-08-2024 04:00,NODE_02,Sensor_Node_2_Factory_Area,24.86,74.78,0.941,439.2,23.44,6.53,27.34,33.1,76.7,1.5,78,Moderate,E,1005.08,4.29,High,Low,Active,56.6,0.9,83.97,Decreasing
28-08-2024 05:00,NODE_02,Sensor_Node_2_Factory_Area,29.06,38.67,1.831,430.9,20.65,1,28.36,35,77.2,4.2,87,Moderate,E,1007.68,9.09,Medium,Low,Fault,51.3,0.7,89.85,Decreasing
28-08-2024 06:00,NODE_02,Sensor_Node_2_Factory_Area,108.52,177.53,6.66,524.2,76.41,38.87,17.44,33.8,70.4,3.1,178,Unhealthy,SE,1009.59,6.4,High,High,Maintenance,94.2,0.74,181.8,Increasing
28-08-2024 07:00,NODE_02,Sensor_Node_2_Factory_Area,112.18,171.4,5.127,510.2,84.62,38.14,5,32.3,67.8,2.2,180,Unhealthy,NW,1016.46,1.96,Medium,Peak,Active,43.3,0.9,189.38,Stable
28-08-2024 08:00,NODE_02,Sensor_Node_2_Factory_Area,113.59,186.56,6.479,504.5,83.87,35.91,21.52,36.1,75.1,2.6,181,Unhealthy,SE,1016.02,1.51,Low,Low,Active,62.6,0.85,168.2,Increasing
28-08-2024 09:00,NODE_02,Sensor_Node_2_Factory_Area,106.48,186.86,5.512,488.8,79.09,28.76,11.68,37.9,72.5,2.3,177,Unhealthy,W,1020.61,2.07,Medium,Peak,Active,81.8,0.78,173.2,Decreasing
28-08-2024 10:00,NODE_02,Sensor_Node_2_Factory_Area,410.5,907.08,23.203,542.4,91.75,111.18,18.09,36.3,68.4,2.4,500,Hazardous,W,1010.16,2.7,High,Normal,Active,89.4,0.93,480.38,Increasing
28-08-2024 11:00,NODE_02,Sensor_Node_2_Factory_Area,320.15,673.16,16.251,500.1,86.63,60.25,9.6,37.6,61.2,2.8,500,Hazardous,SE,1014.21,2.83,High,Peak,Active,83.3,0.93,504.03,Increasing
28-08-2024 12:00,NODE_02,Sensor_Node_2_Factory_Area,106.12,192.3,6.172,524.4,78.84,32.71,12.21,38.3,67,7,177,Unhealthy,E,1019.61,9.62,Medium,High,Active,86.7,0.83,190.15,Increasing
28-08-2024 13:00,NODE_02,Sensor_Node_2_Factory_Area,105.52,198.39,6.342,490.8,78.49,37.05,19.62,38.1,63.9,4.6,177,Unhealthy,SW,1012.39,2.17,Low,Peak,Active,24.6,0.93,183.68,Increasing
28-08-2024 14:00,NODE_02,Sensor_Node_2_Factory_Area,100.18,183.34,7.12,526,85.4,34.06,14.73,37.6,79.5,2.6,174,Unhealthy,W,1017.01,7.43,Medium,Normal,Active,23.5,0.71,180.95,Decreasing
28-08-2024 15:00,NODE_02,Sensor_Node_2_Factory_Area,96.19,145.05,5.022,504.9,78.58,25.39,6.92,36.5,74.1,4.3,172,Unhealthy,SW,1005.31,9.06,High,Peak,Active,56.4,0.94,170.91,Increasing
28-08-2024 16:00,NODE_02,Sensor_Node_2_Factory_Area,79,147.88,4.726,484.2,68.62,31.56,16.3,34.3,59.9,3.9,163,Unhealthy,SE,1017.09,4.89,Low,Peak,Active,96.5,0.83,169.98,Decreasing
28-08-2024 17:00,NODE_02,Sensor_Node_2_Factory_Area,96.66,129.72,5.905,537.1,69.51,27.64,25.59,34.3,70.7,2.9,172,Unhealthy,SW,1013.43,7.84,High,Normal,Active,76.2,0.71,181.88,Increasing
28-08-2024 18:00,NODE_02,Sensor_Node_2_Factory_Area,97.25,145.56,4.898,479.1,80.94,29.71,18.59,33.4,78.2,2.8,173,Unhealthy,S,1009.22,8.31,Medium,Low,Active,42.4,0.8,182.86,Decreasing
28-08-2024 19:00,NODE_02,Sensor_Node_2_Factory_Area,81.55,168.4,4.936,501.7,70.98,28.56,25.24,34.9,69.7,2.3,164,Unhealthy,SE,1005.13,5.07,Medium,Normal,Active,87.7,0.9,179.95,Decreasing
28-08-2024 20:00,NODE_02,Sensor_Node_2_Factory_Area,85.62,166.55,5.299,470.8,61.23,29.25,22.73,34.3,76,1.1,167,Unhealthy,NE,1011.89,7.88,Medium,Peak,Active,91.9,0.99,176.86,Increasing
28-08-2024 21:00,NODE_02,Sensor_Node_2_Factory_Area,87.01,150.91,4.877,479.6,71.36,23.04,8.82,29.7,81,3.9,167,Unhealthy,NE,1015.23,1.13,Low,Peak,Active,91.8,0.98,167.87,Stable
28-08-2024 22:00,NODE_02,Sensor_Node_2_Factory_Area,90.8,165.17,4.295,496.2,57.13,24.47,11.91,28.8,93,2.6,169,Unhealthy,E,1013.53,2.45,High,Peak,Active,54.9,0.94,174.24,Increasing
28-08-2024 23:00,NODE_02,Sensor_Node_2_Factory_Area,70.25,115.13,3.924,457.6,62.22,18.04,25.45,31.4,92.2,3,159,Unhealthy,NE,1011.45,6.67,Medium,Normal,Active,48.4,0.74,163.91,Increasing
29-08-2024 00:00,NODE_02,Sensor_Node_2_Factory_Area,66.29,119,4.147,435.5,39.91,25.5,27.63,32.2,76.7,3.8,157,Unhealthy,E,1018.41,3.67,Medium,High,Active,37.2,0.98,156.12,Increasing
29-08-2024 01:00,NODE_02,Sensor_Node_2_Factory_Area,68.62,108.56,3.449,466.1,47.66,21.31,25.31,30.3,74.2,1.8,158,Unhealthy,SW,1018.51,3.58,High,High,Maintenance,78.3,0.98,155.2,Increasing
29-08-2024 02:00,NODE_02,Sensor_Node_2_Factory_Area,50.44,126.66,4.149,497,53.06,15.57,21.56,30.8,81.6,3.5,138,Unhealthy for Sensitive Groups,NE,1006.96,4.53,Low,Low,Active,35.4,0.76,129.06,Decreasing
29-08-2024 03:00,NODE_02,Sensor_Node_2_Factory_Area,41.88,45.14,2.884,453.4,19.16,14.44,23.77,32.2,73.9,4.7,117,Unhealthy for Sensitive Groups,E,1010.91,4.09,Medium,Low,Active,38.5,0.87,119.97,Increasing
29-08-2024 04:00,NODE_02,Sensor_Node_2_Factory_Area,24.57,10,1.222,464.2,32.1,6.14,17.03,31.3,80.8,3.1,77,Moderate,N,1009.65,3.55,Medium,Peak,Active,70.9,0.71,81.73,Stable
29-08-2024 05:00,NODE_02,Sensor_Node_2_Factory_Area,25.75,61.95,2.391,400.4,29.01,9.75,21.7,30.5,62.4,1.8,80,Moderate,NE,1012.87,4.87,High,Normal,Active,80.5,0.73,72.21,Decreasing
29-08-2024 06:00,NODE_02,Sensor_Node_2_Factory_Area,109.15,210.73,6.365,477.2,76.87,37.34,12.24,33.8,78.9,1.6,179,Unhealthy,SW,1011.65,5.18,High,Peak,Active,38.9,0.82,175.19,Stable
29-08-2024 07:00,NODE_02,Sensor_Node_2_Factory_Area,115.2,217.57,6.05,548,95.33,35.64,9.9,35.1,78.3,1.7,182,Unhealthy,SE,1016.12,6.78,Low,High,Active,59.5,0.77,190.72,Decreasing
29-08-2024 08:00,NODE_02,Sensor_Node_2_Factory_Area,105.53,195.46,6.636,506.5,80.74,35.51,13.7,36.2,70.6,4,177,Unhealthy,E,1005.75,6.23,Low,Peak,Active,28,0.78,178.47,Stable
29-08-2024 09:00,NODE_02,Sensor_Node_2_Factory_Area,108.05,194.17,6.758,491.6,83.37,32.95,23.07,35.2,61.7,0.3,178,Unhealthy,E,1013.78,2.46,Medium,High,Active,33,0.84,185.46,Increasing
29-08-2024 10:00,NODE_02,Sensor_Node_2_Factory_Area,110.54,173.66,7.106,479.6,82.34,34.33,17.5,36.3,68.3,1.3,179,Unhealthy,S,1029.7,8.07,Medium,High,Active,52.3,0.7,182.22,Increasing
29-08-2024 11:00,NODE_02,Sensor_Node_2_Factory_Area,103.11,175.87,6.287,503.1,82.04,34.45,22.82,38.3,67.7,8.7,176,Unhealthy,NW,1000.45,9.75,Medium,Low,Active,58.2,0.93,169.89,Stable
29-08-2024 12:00,NODE_02,Sensor_Node_2_Factory_Area,118.59,170.96,7.439,474.8,92.62,29.28,15.68,37.1,75.2,5.3,184,Unhealthy,N,1011.14,3.75,Low,High,Active,55.7,0.87,171.4,Increasing
29-08-2024 13:00,NODE_02,Sensor_Node_2_Factory_Area,116.17,193.95,6.751,501.5,79.14,27.31,14.28,38.1,60.2,1.3,182,Unhealthy,N,1004.88,8.94,Medium,Low,Maintenance,58,0.74,184.02,Stable
29-08-2024 14:00,NODE_02,Sensor_Node_2_Factory_Area,109.4,205.6,6.445,491.7,90.46,36.88,16.95,36.8,59.2,1.3,179,Unhealthy,SW,1013.12,6.75,Medium,Peak,Active,80,0.93,163.83,Stable
29-08-2024 15:00,NODE_02,Sensor_Node_2_Factory_Area,89.95,154.18,5.587,468.7,70.16,28.4,23.2,38.4,68.1,0.3,500,Hazardous,SW,1017.76,4.38,High,Normal,Active,81.3,0.93,548.05,Stable
29-08-2024 16:00,NODE_02,Sensor_Node_2_Factory_Area,79.53,157.51,5.151,473.4,53.43,31,16.62,37,60.8,0.4,163,Unhealthy,W,1013.9,8.73,Low,High,Maintenance,45,0.83,150.5,Increasing
29-08-2024 17:00,NODE_02,Sensor_Node_2_Factory_Area,88.57,174.13,5.2,455.8,64.39,22.35,25.48,35.4,69.5,3.1,168,Unhealthy,SE,1020.72,8.8,Medium,High,Active,76.5,0.76,171.01,Increasing
29-08-2024 18:00,NODE_02,Sensor_Node_2_Factory_Area,96.39,160.28,5.396,512.8,77.9,29.23,21.34,36.6,66,0.5,172,Unhealthy,E,1015.4,5.36,High,High,Active,84.8,0.76,175.62,Increasing
29-08-2024 19:00,NODE_02,Sensor_Node_2_Factory_Area,91.82,137.69,4.933,511.1,61.29,33.16,15.36,34.6,82.3,5.7,170,Unhealthy,NW,1019.86,8.06,High,Low,Active,65.7,0.77,170.77,Decreasing
29-08-2024 20:00,NODE_02,Sensor_Node_2_Factory_Area,80.75,160.93,5.675,479.2,71.18,24.02,29.36,30.9,73.3,6.5,164,Unhealthy,W,1012.8,6.22,High,Normal,Active,53.9,0.83,151.06,Stable
29-08-2024 21:00,NODE_02,Sensor_Node_2_Factory_Area,86.94,158.04,4.565,464.5,79.09,33.43,11.89,31.8,81.1,2.8,167,Unhealthy,N,1006.2,2.41,High,Peak,Active,91,0.93,165.91,Decreasing
29-08-2024 22:00,NODE_02,Sensor_Node_2_Factory_Area,96.17,162.17,4.776,480.8,61.94,30.24,10.67,30.2,75.1,5.3,172,Unhealthy,N,1014.16,6.16,Low,High,Active,55.4,0.71,164.14,Increasing
29-08-2024 23:00,NODE_02,Sensor_Node_2_Factory_Area,49.65,93.71,3.841,444.2,51.26,26.28,18.26,29.7,90.5,1.8,136,Unhealthy for Sensitive Groups,S,1012.96,4.56,High,Normal,Active,89.4,1,127.44,Increasing
01-06-2024 00:00,NODE_03,Sensor_Node_3_Residential_Border,25.7,78.29,1.624,435.6,23.83,11.4,23.83,31.2,83.6,5.5,80,Moderate,SW,1013.24,6.76,Medium,Peak,Active,24.2,0.78,79.84,Stable
01-06-2024 01:00,NODE_03,Sensor_Node_3_Residential_Border,24.71,10.24,0.201,436.6,17.25,11.2,18.4,31.9,78.7,4.1,78,Moderate,SE,1017.1,8.54,High,Low,Active,47.3,0.93,73.48,Stable
01-06-2024 02:00,NODE_03,Sensor_Node_3_Residential_Border,27.96,26.28,1.88,461.1,10.72,8.85,23.82,28,83.5,2.4,84,Moderate,NW,1007.67,7.24,Low,High,Fault,81.8,0.8,87.82,Decreasing
01-06-2024 03:00,NODE_03,Sensor_Node_3_Residential_Border,5.22,28.31,1.123,458.5,2,4.98,28.41,31.9,70.4,5,26,Good,SW,1012.71,3.8,Low,Low,Active,27.3,0.9,25.39,Increasing
01-06-2024 04:00,NODE_03,Sensor_Node_3_Residential_Border,5.7,25.29,0.728,404.2,12.62,3.97,15.54,31.6,75.7,1.5,24,Good,SE,1007.47,1.39,Medium,Peak,Active,85.2,0.77,24.37,Stable
01-06-2024 05:00,NODE_03,Sensor_Node_3_Residential_Border,5,32.88,0.76,462.8,2,4.79,25.08,33.6,81.4,3.4,30,Good,W,1017.25,4.19,High,Peak,Active,43.5,0.83,32.59,Decreasing
01-06-2024 06:00,NODE_03,Sensor_Node_3_Residential_Border,45.6,61.36,3.09,470.1,27.56,15.75,20.78,34.5,69.4,7.2,126,Unhealthy for Sensitive Groups,N,1007.99,2.64,Medium,Low,Active,38,0.96,121.8,Increasing
01-06-2024 07:00,NODE_03,Sensor_Node_3_Residential_Border,117.34,201.34,7.432,486,31,45.04,14.81,34.9,68.1,2.3,183,Unhealthy,NE,1014.03,7.71,Low,Low,Active,36.9,0.74,191.81,Increasing
01-06-2024 08:00,NODE_03,Sensor_Node_3_Residential_Border,41.7,78.13,1.66,481.8,30.53,11.66,6.68,35.6,72.1,0.9,116,Unhealthy for Sensitive Groups,S,1004.87,1.08,Low,Low,Active,76.1,0.83,109.13,Stable
01-06-2024 09:00,NODE_03,Sensor_Node_3_Residential_Border,44.03,73.25,1.942,468.9,29.32,9.54,19.77,34.5,70.9,1.7,122,Unhealthy for Sensitive Groups,NW,1011.88,6.14,Medium,Peak,Maintenance,69.6,0.92,129.31,Decreasing
01-06-2024 10:00,NODE_03,Sensor_Node_3_Residential_Border,51.14,66.42,2.19,447.4,32.7,10.21,12.04,37.4,66.7,3.8,140,Unhealthy for Sensitive Groups,NE,1014.16,1.61,High,Normal,Active,51.5,0.9,134.94,Increasing
01-06-2024 11:00,NODE_03,Sensor_Node_3_Residential_Border,52.95,72.05,2.294,468.5,28.87,11.24,15.61,36.5,61.3,2.1,144,Unhealthy for Sensitive Groups,NW,1018.49,2.96,Low,Normal,Active,67,1,147.91,Stable
01-06-2024 12:00,NODE_03,Sensor_Node_3_Residential_Border,34.58,91.93,2.3,493.8,24.59,14.34,19.86,36.6,76,1.5,98,Moderate,S,1014.63,4.5,Low,High,Active,76.8,0.83,103.13,Increasing
01-06-2024 13:00,NODE_03,Sensor_Node_3_Residential_Border,39.78,94.98,2.648,506.8,41.01,17.39,11.22,38,64.3,7.5,112,Unhealthy for Sensitive Groups,NW,1016,5.24,Low,High,Active,51.2,0.9,122.81,Increasing
01-06-2024 14:00,NODE_03,Sensor_Node_3_Residential_Border,35.69,71.91,2.448,450.8,38.36,14.93,20.07,38.2,56.5,3.3,101,Unhealthy for Sensitive Groups,NE,1010.84,1.31,Low,Peak,Fault,63.8,0.86,108.08,Increasing
01-06-2024 15:00,NODE_03,Sensor_Node_3_Residential_Border,27.65,36.58,2.232,443.2,11.53,17.86,18.78,37.2,60.2,5.6,84,Moderate,SE,1011.73,1.54,Medium,High,Active,37.2,1,88.5,Increasing
01-06-2024 16:00,NODE_03,Sensor_Node_3_Residential_Border,25.09,37,2.705,428.6,37.53,7.28,12.26,35.9,64.9,5.5,78,Moderate,SW,1009.25,7.63,Low,Normal,Active,71.8,0.71,79.75,Decreasing
01-06-2024 17:00,NODE_03,Sensor_Node_3_Residential_Border,35.1,47,1.84,444.5,32.24,13.28,19.64,36.6,72,1.8,99,Moderate,SW,1013.61,3.59,High,Peak,Active,80.6,0.88,100.02,Increasing
01-06-2024 18:00,NODE_03,Sensor_Node_3_Residential_Border,28.59,49.28,2.07,476.5,30.2,13.49,12.87,34.8,69.6,1.7,86,Moderate,SW,1015.25,5.8,Medium,Low,Active,55.1,0.9,80.4,Increasing
01-06-2024 19:00,NODE_03,Sensor_Node_3_Residential_Border,35.73,61.48,2.115,476.2,22.59,10.99,19.25,32.2,70.3,2.5,102,Unhealthy for Sensitive Groups,E,1015.36,5.44,Low,Low,Active,38.2,0.91,107.83,Decreasing
01-06-2024 20:00,NODE_03,Sensor_Node_3_Residential_Border,48.3,57.99,2.241,458.8,24.06,11.14,22.25,31.9,74,3.9,133,Unhealthy for Sensitive Groups,SE,1014.78,5.27,Low,Normal,Active,33,0.71,143.84,Decreasing
01-06-2024 21:00,NODE_03,Sensor_Node_3_Residential_Border,32.44,53.02,2.732,462.6,36.05,10.43,14.73,32.7,72.9,3.5,94,Moderate,NW,1019.79,7.65,Low,Peak,Active,80.1,0.86,97.92,Stable
01-06-2024 22:00,NODE_03,Sensor_Node_3_Residential_Border,46.04,45.61,2.475,444.8,9.43,14.82,18.37,32,77.7,3,127,Unhealthy for Sensitive Groups,N,1010.61,6.04,High,Normal,Active,75.1,0.78,116.67,Stable
01-06-2024 23:00,NODE_03,Sensor_Node_3_Residential_Border,25.91,37.8,1.453,450.2,2,10.39,27.59,30.1,75.3,1.4,80,Moderate,NE,1022.27,5.57,Low,Low,Active,47.5,0.96,81.51,Decreasing
02-06-2024 00:00,NODE_03,Sensor_Node_3_Residential_Border,28.84,68.87,1.732,451.3,16.92,4.15,20.92,30.1,66.4,1.4,86,Moderate,SW,1013.49,2.35,Low,Low,Maintenance,69.3,0.82,90.78,Stable
02-06-2024 01:00,NODE_03,Sensor_Node_3_Residential_Border,19.93,60.68,1.369,403.2,30.86,4.86,18.45,31.7,73.3,3,67,Moderate,N,1007.57,2.68,High,Low,Active,74.6,0.75,65.68,Stable
02-06-2024 02:00,NODE_03,Sensor_Node_3_Residential_Border,32.11,37.89,1.436,426.2,12.69,7.14,24.04,30.7,83.3,2.1,93,Moderate,NW,1013.98,9.28,Low,Normal,Active,41.3,0.86,86.9,Decreasing
02-06-2024 03:00,NODE_03,Sensor_Node_3_Residential_Border,23.95,14.55,1.062,426.3,2,1.3,13.64,30.8,72.1,4.6,76,Moderate,SE,1011.65,3.15,High,Peak,Active,92.1,0.98,71.43,Decreasing
02-06-2024 04:00,NODE_03,Sensor_Node_3_Residential_Border,5,10,0.2,447.8,16.11,4.95,26.54,30.2,76.2,0.5,21,Good,NW,1011.82,2.88,Medium,Normal,Active,82.1,0.86,20.45,Stable
02-06-2024 05:00,NODE_03,Sensor_Node_3_Residential_Border,5,10.21,0.638,440.7,20.62,5.71,36.39,33.3,84.3,5.6,21,Good,SW,1017.65,2.67,Medium,Normal,Active,70.2,0.94,19.12,Stable
02-06-2024 06:00,NODE_03,Sensor_Node_3_Residential_Border,46.38,77.46,2.412,474.4,35.78,8.37,19.5,31.8,76.2,5.1,128,Unhealthy for Sensitive Groups,NE,1008.41,5.58,Medium,Peak,Active,29.9,0.73,137.1,Stable
02-06-2024 07:00,NODE_03,Sensor_Node_3_Residential_Border,47.69,94,2.065,451.2,40.51,9.74,10.13,35.3,70.2,5.9,131,Unhealthy for Sensitive Groups,S,1006.12,8.18,Low,Low,Active,54.6,0.84,142.94,Stable
02-06-2024 08:00,NODE_03,Sensor_Node_3_Residential_Border,47.25,73.01,2.52,467.8,33.01,8.49,19.78,37.6,72.8,2.1,130,Unhealthy for Sensitive Groups,W,1013.24,7.64,Low,Low,Maintenance,86.7,0.88,134.16,Stable
02-06-2024 09:00,NODE_03,Sensor_Node_3_Residential_Border,47.38,85.73,2.51,472.1,34.26,15.07,19.23,36.7,56.3,4.2,130,Unhealthy for Sensitive Groups,E,1008.07,2.21,Medium,Low,Active,35.9,0.8,117.02,Decreasing
02-06-2024 10:00,NODE_03,Sensor_Node_3_Residential_Border,32.54,57.78,2.937,489.1,14.11,15.8,14.9,37.6,67.6,1.7,94,Moderate,SW,1012.79,2.06,High,High,Active,88.8,0.77,88.3,Stable
02-06-2024 11:00,NODE_03,Sensor_Node_3_Residential_Border,36.8,84.56,2.981,453.3,26.83,14.49,23.52,37,63.8,5.2,104,Unhealthy for Sensitive Groups,SE,1016.74,7.5,Medium,Peak,Fault,27,0.85,102.98,Decreasing
02-06-2024 12:00,NODE_03,Sensor_Node_3_Residential_Border,47.12,74.55,2.343,475,10.36,21.52,15.07,38.3,78.6,6,130,Unhealthy for Sensitive Groups,SE,1003.79,6.17,Low,High,Fault,71.8,0.84,117.89,Increasing
02-06-2024 13:00,NODE_03,Sensor_Node_3_Residential_Border,36.97,106.75,2.866,477,37.27,10.67,7.76,36.1,72.7,2.2,105,Unhealthy for Sensitive Groups,E,1017.63,1.41,Medium,Peak,Active,24.4,0.97,111.29,Stable
02-06-2024 14:00,NODE_03,Sensor_Node_3_Residential_Border,42.27,82.15,2.515,479.9,40.85,16.33,15.23,36.6,71.4,4,118,Unhealthy for Sensitive Groups,SE,1014.91,7.95,High,High,Active,33.4,0.76,124.95,Stable
02-06-2024 15:00,NODE_03,Sensor_Node_3_Residential_Border,36.52,62.95,2.323,451.1,34.12,4.89,26.78,33.9,59.5,0.9,104,Unhealthy for Sensitive Groups,W,1013.46,5.75,High,Normal,Active,83.2,0.97,110.58,Decreasing
02-06-2024 16:00,NODE_03,Sensor_Node_3_Residential_Border,36.33,51.85,1.833,448.6,20.73,12.5,18.16,37.3,69.5,2.2,103,Unhealthy for Sensitive Groups,NE,1003.42,3.82,Medium,Normal,Active,96.8,0.82,104.41,Stable
02-06-2024 17:00,NODE_03,Sensor_Node_3_Residential_Border,30.99,23.14,1.203,452,28.95,1,18.34,34.5,71.3,3,91,Moderate,NE,1005.6,2.69,Low,Peak,Active,24.8,0.83,88.17,Stable
02-06-2024 18:00,NODE_03,Sensor_Node_3_Residential_Border,34.58,42.24,2.062,485.1,17.2,5.25,17.81,34,76.3,2,98,Moderate,NW,1007.46,8.76,High,Low,Active,65.2,0.86,91.17,Increasing
02-06-2024 19:00,NODE_03,Sensor_Node_3_Residential_Border,46.12,44.29,1.598,472.2,30.45,16.28,21.19,32,72.4,3.4,127,Unhealthy for Sensitive Groups,SE,1009.15,8.06,Low,Normal,Active,71.2,0.79,131.69,Decreasing
02-06-2024 20:00,NODE_03,Sensor_Node_3_Residential_Border,29.31,76.42,2.297,493.1,29.15,12.84,17.49,31.4,73.4,3,87,Moderate,W,1012.48,5.73,Medium,Low,Active,36.5,0.72,84.21,Stable
02-06-2024 21:00,NODE_03,Sensor_Node_3_Residential_Border,141.53,120.25,5.842,449.9,29.73,16.58,17.12,32.1,77,1.5,195,Unhealthy,NW,1019.77,3.74,High,High,Active,83.6,0.77,197.39,Stable
02-06-2024 22:00,NODE_03,Sensor_Node_3_Residential_Border,26.12,53.84,1.702,475.7,34.17,5.96,19.37,30.1,71.9,2.6,80,Moderate,NE,1015.18,2.38,Medium,Peak,Active,74.7,0.76,81.36,Decreasing
02-06-2024 23:00,NODE_03,Sensor_Node_3_Residential_Border,26.91,58.53,1.853,446.9,13.51,10.38,17.53,32,83.2,1,82,Moderate,SE,1009.45,1.73,Low,Low,Active,37.2,0.93,87.79,Decreasing
03-06-2024 00:00,NODE_03,Sensor_Node_3_Residential_Border,43.57,79.49,2.137,454.8,26.88,5.99,12.49,30.2,87.1,3.6,121,Unhealthy for Sensitive Groups,NW,1008.4,7.66,Medium,Low,Active,65.6,0.83,110.57,Decreasing
03-06-2024 01:00,NODE_03,Sensor_Node_3_Residential_Border,31.86,68.92,2.447,456.7,30.11,13.51,15.17,29.5,85.4,4,93,Moderate,NW,1020.26,3.18,Low,Normal,Active,28.5,0.96,101.6,Decreasing
03-06-2024 02:00,NODE_03,Sensor_Node_3_Residential_Border,32.62,57.14,1.767,414.4,28.36,11.4,21.72,32.1,73.4,4.2,94,Moderate,SW,1014.48,4.41,Medium,Normal,Active,42.7,0.96,99.57,Stable
03-06-2024 03:00,NODE_03,Sensor_Node_3_Residential_Border,26.49,12.55,1.546,416.4,7.03,5.16,20.76,31.8,81.3,2.7,81,Moderate,SE,1018.17,1.91,Medium,High,Active,95.8,0.73,82.07,Decreasing
03-06-2024 04:00,NODE_03,Sensor_Node_3_Residential_Border,25.94,34.5,0.887,426.2,6.41,1.54,22.73,30.4,68.1,2.1,80,Moderate,W,1007.05,9.36,Medium,Normal,Active,49.9,0.73,79.61,Decreasing
03-06-2024 05:00,NODE_03,Sensor_Node_3_Residential_Border,9.16,40.05,0.64,431.9,6.9,6.18,36.39,31.9,71.8,3.7,38,Good,S,1013.54,7.57,Low,High,Active,32.3,0.75,37.76,Increasing
03-06-2024 06:00,NODE_03,Sensor_Node_3_Residential_Border,76.07,100.95,3.761,476.6,50.87,17.9,11.17,32.2,78.1,2.5,162,Unhealthy,W,1007.74,8.94,Medium,High,Active,72.8,0.87,172.66,Increasing
03-06-2024 07:00,NODE_03,Sensor_Node_3_Residential_Border,71.31,118.19,3.908,475.7,54.67,34.39,31.79,35.6,80.1,4.2,159,Unhealthy,W,1011.09,1.37,High,Peak,Active,47.4,0.81,170.32,Decreasing
03-06-2024 08:00,NODE_03,Sensor_Node_3_Residential_Border,59.11,112.61,3.441,473.5,54.08,30.8,11.34,38,66.5,3.8,153,Unhealthy,E,1008.26,1.71,High,Normal,Active,51.3,0.73,156.82,Stable
03-06-2024 09:00,NODE_03,Sensor_Node_3_Residential_Border,61.53,86.55,4.066,489.3,43.63,23.73,12.38,39.8,60,1.8,154,Unhealthy,NE,1011.16,3.43,High,Low,Active,68.8,0.78,161.55,Decreasing
03-06-2024 10:00,NODE_03,Sensor_Node_3_Residential_Border,64.88,109.96,4.395,472.5,40.56,23.13,17.41,39,68.9,3.7,156,Unhealthy,E,1010.83,1.07,Medium,Peak,Active,69.9,0.94,155.93,Increasing
03-06-2024 11:00,NODE_03,Sensor_Node_3_Residential_Border,53.94,121.51,3.992,476,58.58,27.1,18.74,38.8,67.5,2.8,146,Unhealthy for Sensitive Groups,NW,1003.79,2.6,High,High,Active,28.8,0.71,142.52,Increasing
03-06-2024 12:00,NODE_03,Sensor_Node_3_Residential_Border,60.83,103.06,4.899,465.3,36.51,18.42,18.87,38.1,65.5,3.7,154,Unhealthy,SW,1005.02,3.71,High,Normal,Active,30.8,0.9,153.54,Increasing
03-06-2024 13:00,NODE_03,Sensor_Node_3_Residential_Border,67.79,102.86,3.998,497.3,52.05,19.31,10.37,38.2,65,4.9,157,Unhealthy,S,1014.58,2.79,Low,Normal,Active,73.4,0.73,154.45,Decreasing
03-06-2024 14:00,NODE_03,Sensor_Node_3_Residential_Border,60.6,132.09,3.805,504.7,57.63,21.3,9.61,38.5,69.6,2.9,154,Unhealthy,W,1012.8,6.65,Medium,Normal,Active,72.4,0.79,157.81,Decreasing
03-06-2024 15:00,NODE_03,Sensor_Node_3_Residential_Border,47.2,94.48,3.152,458.3,48.69,14.74,27.88,34.3,63.4,3.2,130,Unhealthy for Sensitive Groups,N,1007.13,4.47,Medium,High,Active,54.4,0.78,139.85,Stable
03-06-2024 16:00,NODE_03,Sensor_Node_3_Residential_Border,55.99,115.75,3.179,473.4,32.7,11.75,24.94,37.4,70.4,3,151,Unhealthy,SE,1008.83,3.07,Low,Normal,Active,24.4,0.97,147.82,Stable
03-06-2024 17:00,NODE_03,Sensor_Node_3_Residential_Border,45.79,81.52,3.098,431.9,41.17,15.42,30.34,36.2,55.3,5,126,Unhealthy for Sensitive Groups,NW,1014.78,5.65,High,Peak,Active,98.3,0.83,124.14,Increasing
03-06-2024 18:00,NODE_03,Sensor_Node_3_Residential_Border,67.53,96.85,3.842,463.2,41.38,13.94,21.67,35.6,61.5,3.5,157,Unhealthy,W,1019.88,3.45,Low,Peak,Maintenance,31.6,0.81,162.22,Decreasing
03-06-2024 19:00,NODE_03,Sensor_Node_3_Residential_Border,46.24,106.89,2.892,477.6,30.74,18.5,23.07,32.2,73.5,3.7,127,Unhealthy for Sensitive Groups,NW,1017,6.3,Low,Low,Active,53.5,0.7,124.64,Decreasing
03-06-2024 20:00,NODE_03,Sensor_Node_3_Residential_Border,56.82,107.35,2.309,455.1,33.88,19.47,16.86,33.2,66.9,2.8,152,Unhealthy,NW,1010.79,5.34,Medium,High,Active,42.6,0.93,140.48,Stable
03-06-2024 21:00,NODE_03,Sensor_Node_3_Residential_Border,49.01,106.35,2.543,431.4,50.16,20.5,16.31,33.6,72.5,2.9,134,Unhealthy for Sensitive Groups,NW,1012.56,1.81,High,High,Active,24.7,0.79,130.8,Decreasing
03-06-2024 22:00,NODE_03,Sensor_Node_3_Residential_Border,50.64,74.96,3.013,462.7,46.13,27.91,24.52,28.9,93.5,1.7,138,Unhealthy for Sensitive Groups,NE,1005.94,4.62,Low,High,Active,67.8,0.92,140.29,Increasing
03-06-2024 23:00,NODE_03,Sensor_Node_3_Residential_Border,40.01,73.05,1.964,447.2,30.07,15.68,25.34,29.6,84.9,7.9,112,Unhealthy for Sensitive Groups,N,1014.5,2.2,High,Normal,Active,49.9,0.82,105.08,Decreasing
04-06-2024 00:00,NODE_03,Sensor_Node_3_Residential_Border,35.24,84.03,1.975,427,28.16,11.97,15.88,29.4,74.7,2.6,100,Moderate,W,1014.6,3.75,High,High,Active,65.7,0.88,95.58,Decreasing
04-06-2024 01:00,NODE_03,Sensor_Node_3_Residential_Border,39.62,55.32,2.122,465.2,25.6,9.11,13.11,29.1,82.7,2.8,111,Unhealthy for Sensitive Groups,N,1010.8,5.95,Medium,Peak,Active,82.3,0.9,111.53,Decreasing
04-06-2024 02:00,NODE_03,Sensor_Node_3_Residential_Border,35.68,60.71,2.961,444.7,21.46,6.85,15.51,28.8,82.4,0.5,101,Unhealthy for Sensitive Groups,NE,1009.11,6.4,High,Peak,Active,87,0.89,102.88,Decreasing
04-06-2024 03:00,NODE_03,Sensor_Node_3_Residential_Border,14.84,25.68,1.431,446.8,25.12,1.89,23.05,31.5,85.7,4.3,57,Moderate,NW,1012.32,7.54,High,Low,Active,34.7,0.73,59.77,Stable
04-06-2024 04:00,NODE_03,Sensor_Node_3_Residential_Border,11.62,42.13,1.007,409.7,11.77,7.86,10.6,33.4,66.2,2.6,48,Good,NW,1015.54,6.9,Low,Normal,Active,80.8,0.85,50.92,Decreasing
04-06-2024 05:00,NODE_03,Sensor_Node_3_Residential_Border,14.75,19.9,1.169,462,18.36,9.02,14.21,32.5,84.5,2.2,57,Moderate,SW,1014.52,5.04,Low,Low,Active,43.6,0.98,54.31,Decreasing
04-06-2024 06:00,NODE_03,Sensor_Node_3_Residential_Border,66.91,127.72,4.317,466.7,48.69,23.37,20.87,33.4,60.9,6.3,157,Unhealthy,NW,1020.63,7.83,Low,Peak,Active,77.4,0.76,162.83,Stable
04-06-2024 07:00,NODE_03,Sensor_Node_3_Residential_Border,65.36,96.32,4.807,451.8,49.58,18.76,13.41,36.3,76.8,4.4,156,Unhealthy,W,1010.74,1.25,Medium,Normal,Active,92.4,0.72,160.03,Stable
04-06-2024 08:00,NODE_03,Sensor_Node_3_Residential_Border,61.79,98.66,3.465,476.8,58.92,16.66,14.22,35.6,64.4,3.3,154,Unhealthy,W,1012.84,9.53,High,Peak,Active,56.6,0.81,142.95,Stable
04-06-2024 09:00,NODE_03,Sensor_Node_3_Residential_Border,70.77,141.65,4.235,460.7,55.35,13.78,19.31,37.4,68.2,4.2,159,Unhealthy,N,1017.07,3.16,Medium,Normal,Active,86.8,0.73,152.87,Stable
04-06-2024 10:00,NODE_03,Sensor_Node_3_Residential_Border,58.08,128.77,4.14,476.7,43.51,18.99,8.56,38.7,67,5,152,Unhealthy,SW,1011.05,7.25,High,Peak,Active,94,0.79,164.94,Decreasing
04-06-2024 11:00,NODE_03,Sensor_Node_3_Residential_Border,179.84,285.78,8.443,440.6,43.03,36.02,21.42,38.8,72.1,5.7,230,Very Unhealthy,SW,1016.75,3.68,Medium,Normal,Active,87.4,0.94,232.3,Stable
04-06-2024 12:00,NODE_03,Sensor_Node_3_Residential_Border,71.65,137.42,4.178,500.4,55.32,22.13,17.61,34.1,63.3,2.8,159,Unhealthy,W,1015.36,7.21,Medium,Peak,Active,93.5,0.74,145.16,Increasing
04-06-2024 13:00,NODE_03,Sensor_Node_3_Residential_Border,64.85,118.67,3.178,440.5,42.12,27.88,9.66,36.7,66.8,0.7,156,Unhealthy,SE,1015.74,5.21,High,Peak,Active,76.2,0.94,152.8,Increasing
04-06-2024 14:00,NODE_03,Sensor_Node_3_Residential_Border,53.27,101.79,4.178,461.1,62.18,14.81,14.27,36.8,66.8,4.6,145,Unhealthy for Sensitive Groups,SW,1008.1,3.27,Low,Peak,Maintenance,37.9,0.71,153.09,Decreasing
04-06-2024 15:00,NODE_03,Sensor_Node_3_Residential_Border,42.99,87.43,2.537,495.6,40.66,19.73,22.22,36.7,63,1,119,Unhealthy for Sensitive Groups,SW,1021.63,9.22,Medium,Low,Active,27.4,0.99,122.87,Stable
04-06-2024 16:00,NODE_03,Sensor_Node_3_Residential_Border,55.77,88.9,3.587,437.7,45.35,19.74,17.2,37.1,71.5,3.1,151,Unhealthy,SE,1003.26,3.1,High,Low,Active,29.4,0.76,160.01,Stable
04-06-2024 17:00,NODE_03,Sensor_Node_3_Residential_Border,58.14,82.85,2.768,454.3,46.22,19.81,23.43,36.7,69.1,2.9,152,Unhealthy,SW,1011.04,1.74,Low,Peak,Active,66.8,0.93,155.69,Decreasing
04-06-2024 18:00,NODE_03,Sensor_Node_3_Residential_Border,48.85,95.87,3.314,444.9,39.21,15.49,19.11,35.2,70.4,3.5,134,Unhealthy for Sensitive Groups,SE,1017.67,1.47,Low,Low,Active,42.1,0.98,128.29,Stable
04-06-2024 19:00,NODE_03,Sensor_Node_3_Residential_Border,57.38,84.85,2.836,465.4,43.49,16.83,13.96,32.2,74.1,1.5,152,Unhealthy,S,1005.09,3.85,High,Normal,Active,97.8,0.9,141.16,Stable
04-06-2024 20:00,NODE_03,Sensor_Node_3_Residential_Border,47.68,94.88,3.03,460.8,22.02,16.1,22.67,31.1,77.9,3.2,131,Unhealthy for Sensitive Groups,N,1019.12,2.26,High,Normal,Active,49.5,0.81,127.83,Decreasing
04-06-2024 21:00,NODE_03,Sensor_Node_3_Residential_Border,43.13,90.44,2.904,473.4,38.14,14.75,14.7,29.7,79,5.2,120,Unhealthy for Sensitive Groups,SE,1006.46,3.32,High,Normal,Active,24.2,0.81,122.03,Increasing
04-06-2024 22:00,NODE_03,Sensor_Node_3_Residential_Border,50.3,107.2,1.596,474.8,42.84,16.92,11.94,28,81.7,2.1,137,Unhealthy for Sensitive Groups,S,1003.08,9.93,High,Low,Active,64.8,0.72,128.24,Decreasing
04-06-2024 23:00,NODE_03,Sensor_Node_3_Residential_Border,41.54,80.3,2.011,441.3,29,12.11,27.48,28.3,66.1,3.4,116,Unhealthy for Sensitive Groups,SE,1019.73,5.34,Low,Normal,Active,28.3,0.94,111.16,Increasing
05-06-2024 00:00,NODE_03,Sensor_Node_3_Residential_Border,38.79,46.02,2.354,441.6,34.16,16.14,33.39,28.2,66.8,2.1,109,Unhealthy for Sensitive Groups,SE,1008.98,6.75,Low,Low,Active,38.6,0.92,109.06,Decreasing
05-06-2024 01:00,NODE_03,Sensor_Node_3_Residential_Border,44.31,50.55,2.476,478.3,24.1,13.31,11.3,29.8,77.1,2.5,123,Unhealthy for Sensitive Groups,NE,1006.42,9.34,Medium,Peak,Active,65.4,0.75,119.49,Stable
05-06-2024 02:00,NODE_03,Sensor_Node_3_Residential_Border,45.09,57.6,2.349,484.8,42.79,20.8,22.79,30.2,78.9,1.3,125,Unhealthy for Sensitive Groups,SE,1020.47,1.24,High,Normal,Active,63.5,0.75,126.68,Increasing
05-06-2024 03:00,NODE_03,Sensor_Node_3_Residential_Border,20.23,17.98,0.662,447.8,20.85,18.13,27.13,30,73.4,4.3,68,Moderate,SE,1004.17,5.03,Low,Low,Active,63.2,0.82,69.61,Increasing
05-06-2024 04:00,NODE_03,Sensor_Node_3_Residential_Border,22.36,10,0.932,402,16.75,2.57,21.94,29.2,79.5,2.5,73,Moderate,SE,1008.84,8.29,High,High,Maintenance,89.3,0.95,72.31,Increasing
05-06-2024 05:00,NODE_03,Sensor_Node_3_Residential_Border,26.17,21.79,0.851,413.7,4.9,10.87,11.8,33.7,75.3,2.8,81,Moderate,SE,1012.88,8.95,Medium,High,Active,28.1,0.92,83.74,Decreasing
05-06-2024 06:00,NODE_03,Sensor_Node_3_Residential_Border,63.03,102.68,4.018,456.3,42.5,18.65,11.27,32.5,72.5,3.4,155,Unhealthy,SE,1008.17,8.62,Medium,Low,Active,74,0.71,151.94,Stable
05-06-2024 07:00,NODE_03,Sensor_Node_3_Residential_Border,64.44,97.16,2.779,450,55.75,24.56,20.92,36.3,77,3.9,156,Unhealthy,W,1009.27,4.32,Medium,Low,Active,87.4,0.83,166.76,Stable
05-06-2024 08:00,NODE_03,Sensor_Node_3_Residential_Border,68.35,141.99,3.527,457.3,49.05,21.45,14.39,36.8,68.4,4.6,158,Unhealthy,E,1021.6,2.97,Medium,Low,Maintenance,79.5,0.84,163.91,Decreasing
05-06-2024 09:00,NODE_03,Sensor_Node_3_Residential_Border,61.14,118.44,3.002,496.2,53.43,24.16,20.65,38.3,62.2,3.3,154,Unhealthy,E,1023.39,7.99,Low,Normal,Active,44.6,0.87,167.17,Increasing
05-06-2024 10:00,NODE_03,Sensor_Node_3_Residential_Border,60.42,119.3,4.656,461,47.88,25.31,17.06,38.2,66.3,4.6,154,Unhealthy,S,1019.77,3.36,High,High,Active,33.1,0.9,164.19,Decreasing
05-06-2024 11:00,NODE_03,Sensor_Node_3_Residential_Border,61.79,109.86,4.054,451.6,64.68,22.88,17.7,39.3,63.3,2.3,154,Unhealthy,SW,1007.94,2.65,Medium,High,Active,64.2,0.86,163.19,Stable
05-06-2024 12:00,NODE_03,Sensor_Node_3_Residential_Border,61.08,102.78,2.9,459.5,50.04,17.24,9.83,38.1,65.5,1.4,154,Unhealthy,S,1011.79,1.73,High,Peak,Active,97.6,0.77,150.91,Stable
05-06-2024 13:00,NODE_03,Sensor_Node_3_Residential_Border,63.87,96.27,3.643,457,51,19.36,15.81,35.9,57.8,4.6,155,Unhealthy,S,1012.25,5.56,High,Peak,Active,73.7,0.81,160.86,Decreasing
05-06-2024 14:00,NODE_03,Sensor_Node_3_Residential_Border,62.86,114.39,3.615,488.8,48.98,19.6,20.83,36.3,67.7,4.4,155,Unhealthy,E,1012.36,9.31,Low,Low,Active,73.7,0.95,150.51,Stable
05-06-2024 15:00,NODE_03,Sensor_Node_3_Residential_Border,44.41,73.16,2.35,463.4,53.91,20.82,17.34,35.5,60.5,6.1,123,Unhealthy for Sensitive Groups,W,1012.68,3.66,High,Normal,Active,80.8,0.75,126.72,Decreasing
05-06-2024 16:00,NODE_03,Sensor_Node_3_Residential_Border,58.54,104.12,2.756,453.8,40.65,24.53,18.73,34.5,62.1,3.4,153,Unhealthy,SW,1013.03,7.9,Medium,Low,Active,24.8,0.91,146.31,Increasing
05-06-2024 17:00,NODE_03,Sensor_Node_3_Residential_Border,45.51,86.36,1.609,442.9,42.73,18.69,20.12,33,71.5,2.9,126,Unhealthy for Sensitive Groups,NW,1013.39,1.82,High,High,Active,93.5,0.83,131.69,Increasing
05-06-2024 18:00,NODE_03,Sensor_Node_3_Residential_Border,46.66,106.19,3.241,455.6,49.98,15.79,11.32,35.6,73.5,4.2,128,Unhealthy for Sensitive Groups,S,1018.04,2.53,High,Low,Active,70.6,0.79,134.29,Increasing
05-06-2024 19:00,NODE_03,Sensor_Node_3_Residential_Border,50.25,102.59,2.689,468.4,42.07,13.96,18.42,32.1,81,5.5,137,Unhealthy for Sensitive Groups,NE,1018.97,3.78,Medium,High,Active,33.1,0.88,132.46,Stable
05-06-2024 20:00,NODE_03,Sensor_Node_3_Residential_Border,47.61,112.32,3.138,426.8,25.11,16.45,25.07,33.8,76,3.9,131,Unhealthy for Sensitive Groups,NW,1024.44,3.5,High,Normal,Active,44.2,0.81,121.22,Decreasing
05-06-2024 21:00,NODE_03,Sensor_Node_3_Residential_Border,46.9,106.42,3.357,475.6,44.83,21.04,7.09,29.8,69.6,2.9,129,Unhealthy for Sensitive Groups,N,1002.69,5.86,Medium,High,Active,28.6,0.91,133.8,Stable
05-06-2024 22:00,NODE_03,Sensor_Node_3_Residential_Border,41.22,77.99,3.023,429.3,36.92,19.84,12.27,31.7,72.4,3.5,115,Unhealthy for Sensitive Groups,NE,1015.48,1.59,Low,Peak,Active,98.3,0.71,105.95,Decreasing
05-06-2024 23:00,NODE_03,Sensor_Node_3_Residential_Border,41.77,64.15,2.537,437.6,34.13,16.35,21.4,29.4,76.4,3.1,116,Unhealthy for Sensitive Groups,N,1002.82,8.42,Medium,Normal,Active,41,0.72,112.06,Stable
06-06-2024 00:00,NODE_03,Sensor_Node_3_Residential_Border,44.58,90.33,2.958,429.8,31.72,12.43,26.89,28.9,83.3,0.6,123,Unhealthy for Sensitive Groups,SW,1006.35,5.2,High,Low,Active,48.4,0.73,114.39,Decreasing
06-06-2024 01:00,NODE_03,Sensor_Node_3_Residential_Border,31.7,66.92,1.862,412,23.91,11.93,27.93,28.5,74.2,3.5,92,Moderate,N,1021.29,6.23,Medium,High,Active,51.3,0.83,88.52,Increasing
06-06-2024 02:00,NODE_03,Sensor_Node_3_Residential_Border,35.92,63.66,2.13,412.3,19.97,9.15,23.88,26.8,80.4,2.8,102,Unhealthy for Sensitive Groups,SE,1011.05,4.1,High,Peak,Maintenance,55.5,0.79,107.22,Decreasing
06-06-2024 03:00,NODE_03,Sensor_Node_3_Residential_Border,19.24,44.79,0.425,418.6,31.93,6.7,23.71,30.5,78.5,2.4,66,Moderate,S,1008.92,1.98,Low,High,Active,42.5,0.83,68.7,Increasing
06-06-2024 04:00,NODE_03,Sensor_Node_3_Residential_Border,5,14.53,0.883,429.9,2,4.58,24.64,30.7,71.8,2.9,21,Good,W,1011.04,2.99,High,High,Active,94.9,0.76,19.58,Stable
06-06-2024 05:00,NODE_03,Sensor_Node_3_Residential_Border,10.69,12.51,1.438,403.9,2,4.42,23.75,33.1,66.5,3.7,45,Good,N,1015.53,2.92,Medium,Low,Active,93.8,0.97,40.96,Decreasing
06-06-2024 06:00,NODE_03,Sensor_Node_3_Residential_Border,65.83,118.42,2.782,461.2,45.53,18.17,12.71,33.2,63.3,3.8,156,Unhealthy,NW,1016.5,3.51,Medium,Low,Active,69.3,0.85,167.78,Decreasing
06-06-2024 07:00,NODE_03,Sensor_Node_3_Residential_Border,62.1,118.62,4.006,486.6,44.62,22.68,21.35,33.7,58.3,4.3,154,Unhealthy,W,1005.51,9.39,Medium,Normal,Active,66.8,0.78,143.6,Increasing
06-06-2024 08:00,NODE_03,Sensor_Node_3_Residential_Border,58.38,107.49,3.45,465.6,43.06,15.67,13.8,35.6,75.7,2.2,152,Unhealthy,NW,1013.72,3.21,Medium,Peak,Active,21.3,0.87,161.97,Stable
06-06-2024 09:00,NODE_03,Sensor_Node_3_Residential_Border,66.53,123.99,3.628,449.3,50.98,18.44,18.39,37.4,60.9,2.8,157,Unhealthy,SE,1006.94,4.78,Low,High,Active,78.5,0.93,146.25,Increasing
06-06-2024 10:00,NODE_03,Sensor_Node_3_Residential_Border,44.69,119.33,2.541,487.7,50.8,21.02,15.58,38.2,63.4,5.2,124,Unhealthy for Sensitive Groups,NE,1009.32,5.92,High,High,Fault,96.5,0.72,135.28,Decreasing
06-06-2024 11:00,NODE_03,Sensor_Node_3_Residential_Border,65.24,114.47,2.357,478.2,55.15,23.07,17.48,40.1,65.4,0.9,156,Unhealthy,NW,1007.7,1.98,Low,Normal,Active,66.8,0.78,149.41,Stable
06-06-2024 12:00,NODE_03,Sensor_Node_3_Residential_Border,50.01,119.22,3.525,432.8,49.28,20.85,14.42,38.1,56.1,4.7,137,Unhealthy for Sensitive Groups,SE,1021.09,2.8,Medium,Low,Maintenance,62.3,0.95,135.87,Stable
06-06-2024 13:00,NODE_03,Sensor_Node_3_Residential_Border,73.26,105.05,4.013,433.8,43.97,15.77,16.87,36.1,63.1,0.7,160,Unhealthy,NW,1009.82,5.75,Medium,High,Active,82,0.89,145.81,Decreasing
06-06-2024 14:00,NODE_03,Sensor_Node_3_Residential_Border,54.79,135.86,3.855,497.3,42.58,19.76,16.01,39.6,76.2,2.7,148,Unhealthy for Sensitive Groups,W,1004.23,1.66,High,Peak,Active,83.8,0.82,135.16,Stable
06-06-2024 15:00,NODE_03,Sensor_Node_3_Residential_Border,48.65,106.82,3.097,462.4,48.06,21.06,23.32,37.8,75.9,3.3,133,Unhealthy for Sensitive Groups,N,1013.34,1.59,Low,Normal,Active,57.9,0.91,131.82,Stable
06-06-2024 16:00,NODE_03,Sensor_Node_3_Residential_Border,61.28,88.96,3.627,451.9,43.64,19.65,22.71,35.3,74.3,1.9,154,Unhealthy,W,1016.21,4.55,High,High,Active,75.7,0.91,156.65,Decreasing
06-06-2024 17:00,NODE_03,Sensor_Node_3_Residential_Border,49.26,101.43,3.063,425.4,35.16,20.67,16.88,36.9,63.2,2.8,135,Unhealthy for Sensitive Groups,SE,1019.8,5.42,Low,Low,Active,64,0.73,145.26,Decreasing
06-06-2024 18:00,NODE_03,Sensor_Node_3_Residential_Border,209.96,308.6,10.499,440,35.87,41.43,16.57,35.5,56.5,2.9,260,Very Unhealthy,NW,1010.69,2.38,Low,Low,Active,72.2,0.73,275.54,Increasing
06-06-2024 19:00,NODE_03,Sensor_Node_3_Residential_Border,51.37,108.27,2.617,458.9,35.14,16.48,22.42,32.4,76.9,6.7,140,Unhealthy for Sensitive Groups,SE,1009.86,8.2,Low,Normal,Active,97.9,0.99,151.64,Stable
06-06-2024 20:00,NODE_03,Sensor_Node_3_Residential_Border,30.29,73.38,3.098,445.3,48.54,20.63,25.22,32.1,70.5,2.5,89,Moderate,W,1017.59,6.76,Medium,Low,Maintenance,42.6,0.88,82.09,Increasing
06-06-2024 21:00,NODE_03,Sensor_Node_3_Residential_Border,57.7,96.91,2.719,501.2,45.37,13.6,23.19,33.6,67.2,1.1,152,Unhealthy,NW,1004.96,8.55,Medium,Normal,Active,25.5,0.96,148.54,Decreasing
06-06-2024 22:00,NODE_03,Sensor_Node_3_Residential_Border,63.04,73.53,3.068,461.4,35.71,14.63,14.12,29.7,71.2,3.4,155,Unhealthy,NE,1017.22,4.47,Low,Low,Maintenance,71.2,0.89,144.77,Increasing
06-06-2024 23:00,NODE_03,Sensor_Node_3_Residential_Border,48.5,66.53,1.257,461.3,27.52,8.19,19.09,29,85.5,1.9,133,Unhealthy for Sensitive Groups,W,1014.11,8.43,Medium,Normal,Active,72.6,0.86,137.44,Stable
07-06-2024 00:00,NODE_03,Sensor_Node_3_Residential_Border,33.93,54.5,2.843,451,19.97,8.74,18.57,27.2,71.4,2.6,500,Hazardous,NE,1015.21,1.29,High,Normal,Active,74.4,0.8,479.52,Increasing
07-06-2024 01:00,NODE_03,Sensor_Node_3_Residential_Border,42.19,106.57,2.491,427,40.93,14.63,25.03,31.4,84.2,3.6,117,Unhealthy for Sensitive Groups,SW,1015.51,1.23,Medium,Peak,Active,61.5,0.8,114.1,Stable
07-06-2024 02:00,NODE_03,Sensor_Node_3_Residential_Border,40.03,76.53,1.966,435.8,26.18,15.88,20.38,29.7,75.2,4.5,112,Unhealthy for Sensitive Groups,W,1006.57,1.76,Low,High,Active,77.3,0.74,112.63,Stable
07-06-2024 03:00,NODE_03,Sensor_Node_3_Residential_Border,26.51,32.23,1.496,409.5,18.8,5.71,20.34,31.1,74.6,1.1,81,Moderate,NW,1013.23,5.18,Low,Peak,Active,76.2,0.93,87.82,Increasing
07-06-2024 04:00,NODE_03,Sensor_Node_3_Residential_Border,19.23,41.11,0.395,459.4,2,2.44,34.85,29.8,71.4,2.9,66,Moderate,N,1005.22,5.97,Medium,Peak,Active,99,0.7,60.68,Increasing
07-06-2024 05:00,NODE_03,Sensor_Node_3_Residential_Border,10.27,34.72,1.18,417.8,2,2.59,20.45,33.3,70.1,2.2,43,Good,NW,1018.44,9.17,Low,Peak,Active,49,0.81,41.46,Decreasing
07-06-2024 06:00,NODE_03,Sensor_Node_3_Residential_Border,70.86,120.79,3.275,455.5,47.9,25.79,14.36,34.5,71.8,1.5,159,Unhealthy,SW,1008.51,8.57,Medium,High,Active,27.9,0.84,172.18,Stable
07-06-2024 07:00,NODE_03,Sensor_Node_3_Residential_Border,73.02,109.92,4.327,474.4,41.65,28.6,12.84,36.4,78.8,2.1,160,Unhealthy,W,1019.43,5.05,Low,Normal,Active,96.2,0.98,160.04,Increasing
07-06-2024 08:00,NODE_03,Sensor_Node_3_Residential_Border,74.62,117.19,3.175,467.4,43.37,23.15,19.93,37.7,68.5,3.6,161,Unhealthy,SW,1013.74,6.21,Low,Low,Active,98.5,0.98,157.77,Increasing
07-06-2024 09:00,NODE_03,Sensor_Node_3_Residential_Border,58.64,127.59,4.112,453.6,45.9,19.3,8.48,37.6,66.9,2.4,153,Unhealthy,W,1005.97,4.21,Medium,Peak,Active,21,0.93,144.71,Increasing
07-06-2024 10:00,NODE_03,Sensor_Node_3_Residential_Border,64.82,96.53,3.649,483.2,50.79,17.73,8.5,37,68,2.3,156,Unhealthy,SE,1005.8,5.79,Low,Normal,Active,43.1,0.87,156.8,Stable
07-06-2024 11:00,NODE_03,Sensor_Node_3_Residential_Border,72.56,103.55,3.454,507.2,50.23,25.41,9.67,38.3,70.6,1.9,160,Unhealthy,NW,1006.59,1.71,Medium,High,Active,25.2,0.97,146.89,Increasing
07-06-2024 12:00,NODE_03,Sensor_Node_3_Residential_Border,58.74,119.14,3.041,514.6,58.38,15.57,17.31,38.1,72.5,1.4,153,Unhealthy,E,1008.91,5.66,Medium,Normal,Active,45.9,0.77,145.07,Stable
07-06-2024 13:00,NODE_03,Sensor_Node_3_Residential_Border,46.02,120.14,3.296,493.6,52.56,14.39,5,38.6,62,0.3,127,Unhealthy for Sensitive Groups,SE,1014.51,3.63,Medium,High,Active,60.3,0.8,133.1,Stable
07-06-2024 14:00,NODE_03,Sensor_Node_3_Residential_Border,70.59,104.76,4.442,487.2,53.42,18,13.07,37.1,60.5,1.9,500,Hazardous,NW,999.71,3.18,High,Low,Active,89.3,0.92,497.54,Decreasing
07-06-2024 15:00,NODE_03,Sensor_Node_3_Residential_Border,58.09,83.92,3.063,461.4,36.48,16.33,16.07,36.1,67.9,3,152,Unhealthy,N,1006.06,4,Low,Low,Active,48.8,0.85,149.86,Decreasing
07-06-2024 16:00,NODE_03,Sensor_Node_3_Residential_Border,58.9,93.45,3.491,433.8,28.09,9.72,20.56,36.2,71.2,2.8,153,Unhealthy,E,1009.97,4.3,High,Peak,Active,83.5,0.72,164.66,Increasing
07-06-2024 17:00,NODE_03,Sensor_Node_3_Residential_Border,60.29,82.06,3.405,460.9,58.76,12.91,21.01,36.5,79.2,1.6,153,Unhealthy,SW,1021.02,6.72,Low,Normal,Active,88.5,0.77,163.09,Increasing
07-06-2024 18:00,NODE_03,Sensor_Node_3_Residential_Border,58.05,95.29,3.36,482.5,38.66,13.13,21.23,34.5,70.1,5.1,152,Unhealthy,SE,1010.45,8.46,Medium,Normal,Active,81.2,0.91,152.3,Decreasing
07-06-2024 19:00,NODE_03,Sensor_Node_3_Residential_Border,44.71,68.92,3.094,468.8,52.92,17.55,26.17,34.2,78.7,3.3,124,Unhealthy for Sensitive Groups,NE,1011.07,2.67,Medium,Normal,Active,82.2,0.74,127.52,Stable
07-06-2024 20:00,NODE_03,Sensor_Node_3_Residential_Border,53.3,94.05,3.082,480.5,54.03,19.92,16.48,34.5,67.4,2.6,145,Unhealthy for Sensitive Groups,N,1002.07,2.95,Medium,High,Active,73.1,0.99,147.92,Increasing
07-06-2024 21:00,NODE_03,Sensor_Node_3_Residential_Border,47.23,105.26,2.96,459.3,42.87,16.37,12.82,28.7,84.1,1.7,130,Unhealthy for Sensitive Groups,SE,1011.44,6.41,Medium,Normal,Active,97.3,0.89,141.59,Stable
07-06-2024 22:00,NODE_03,Sensor_Node_3_Residential_Border,40.85,89.28,3.343,451.6,42.78,9.38,19.25,29.9,68.6,1.9,114,Unhealthy for Sensitive Groups,NE,1005.46,7.52,Low,High,Active,57.7,0.71,113.25,Increasing
07-06-2024 23:00,NODE_03,Sensor_Node_3_Residential_Border,26.65,73.26,2.522,450.5,32.87,6.68,23.34,31.1,79.4,0.9,82,Moderate,N,1016.67,5.05,Low,High,Active,22,0.77,87.58,Stable
08-06-2024 00:00,NODE_03,Sensor_Node_3_Residential_Border,28.45,39.11,1.959,452.4,18.48,7.05,20.01,29.8,77.5,4.3,85,Moderate,W,1025.01,7.27,Low,Peak,Maintenance,99.8,0.86,79.78,Stable
08-06-2024 01:00,NODE_03,Sensor_Node_3_Residential_Border,15.4,27.96,1.613,447.2,13.84,10.85,27.5,29.3,78.4,2.5,58,Moderate,E,1015.52,5.06,High,High,Active,54.1,0.7,56.96,Stable
08-06-2024 02:00,NODE_03,Sensor_Node_3_Residential_Border,40.88,45.58,1.876,416.8,10.1,4.56,15.52,27,70,3.5,114,Unhealthy for Sensitive Groups,E,1005.39,9.04,High,Normal,Active,91,0.97,122.46,Stable
08-06-2024 03:00,NODE_03,Sensor_Node_3_Residential_Border,5,27.45,0.256,438.9,10.54,1,27.15,30.5,80.4,3.6,25,Good,N,1015.89,7.59,High,Normal,Active,98.6,0.9,24.55,Increasing
08-06-2024 04:00,NODE_03,Sensor_Node_3_Residential_Border,19.14,24.1,0.2,472.8,12.35,2.55,28.12,35.2,66.5,1,66,Moderate,NW,1006.81,5.28,Low,Normal,Active,21.4,0.89,72.12,Decreasing
08-06-2024 05:00,NODE_03,Sensor_Node_3_Residential_Border,19.47,14.92,0.2,437.1,2,1.42,22.49,32.4,60.6,2.3,66,Moderate,SW,1010.09,4.33,Medium,Low,Active,67.1,0.95,61.9,Stable
08-06-2024 06:00,NODE_03,Sensor_Node_3_Residential_Border,35.49,66.47,2.339,475.9,32.9,21.76,17.74,34.4,68.5,0.3,500,Hazardous,NE,1012.83,4.61,Medium,Peak,Active,27.6,0.72,461.39,Stable
08-06-2024 07:00,NODE_03,Sensor_Node_3_Residential_Border,45.33,67.26,2.256,526.1,43.56,10.56,19.25,35.4,66.5,2.8,125,Unhealthy for Sensitive Groups,E,1019.48,8.19,Medium,Low,Active,79.3,0.73,125.99,Decreasing
08-06-2024 08:00,NODE_03,Sensor_Node_3_Residential_Border,53.98,64.88,3.046,493,25.97,12.73,15.57,38.5,78.3,4.2,147,Unhealthy for Sensitive Groups,SW,1012.63,3.75,High,Low,Active,30.8,0.92,146.64,Increasing
08-06-2024 09:00,NODE_03,Sensor_Node_3_Residential_Border,39.73,52.1,3.132,453.5,33.44,19.65,18.23,36.2,61.6,0.5,111,Unhealthy for Sensitive Groups,N,1015.59,2.29,High,Normal,Active,74.3,0.98,119.77,Stable
08-06-2024 10:00,NODE_03,Sensor_Node_3_Residential_Border,63.9,62.83,2.23,451,30.95,16.13,11.27,38,59.5,1.8,155,Unhealthy,SE,1012.4,1.34,Low,Normal,Active,72.2,0.84,147.13,Decreasing
08-06-2024 11:00,NODE_03,Sensor_Node_3_Residential_Border,50.36,93.8,2.278,476.1,37.7,19.24,17.64,37.4,63.1,1.3,138,Unhealthy for Sensitive Groups,NW,1015.71,3,Medium,Low,Active,61.4,0.99,139.33,Stable
08-06-2024 12:00,NODE_03,Sensor_Node_3_Residential_Border,45.42,63.47,2.766,472.6,24.59,9.13,16.41,37.6,70.9,4.3,125,Unhealthy for Sensitive Groups,N,1011.38,8.71,High,Peak,Active,73.8,0.83,127.97,Increasing
08-06-2024 13:00,NODE_03,Sensor_Node_3_Residential_Border,35.56,57.55,2.385,493.6,35.56,13.65,20.29,37.1,64.2,4.4,101,Unhealthy for Sensitive Groups,NW,1019.37,9.89,Low,Normal,Active,75.7,0.73,103.52,Increasing
08-06-2024 14:00,NODE_03,Sensor_Node_3_Residential_Border,35.53,80.69,2.296,491.4,38.12,13.73,18.99,36.6,63,3.9,101,Unhealthy for Sensitive Groups,N,1003.4,2.56,High,Normal,Active,73.5,0.79,105.88,Decreasing
08-06-2024 15:00,NODE_03,Sensor_Node_3_Residential_Border,54.51,53.78,1.354,439.8,28.58,5.59,14.84,37.8,69.1,1.5,148,Unhealthy for Sensitive Groups,N,1007.43,7.09,Medium,Low,Maintenance,81.9,0.99,145.44,Decreasing
08-06-2024 16:00,NODE_03,Sensor_Node_3_Residential_Border,26.08,90.49,1.505,476.4,10.74,14.73,23.29,34.6,65.3,3.5,80,Moderate,NE,1005.32,2.53,Low,Peak,Maintenance,65.6,0.79,80.48,Decreasing
08-06-2024 17:00,NODE_03,Sensor_Node_3_Residential_Border,42.86,49.8,2.447,491.7,19.17,13.59,23.29,32,76.5,5.5,119,Unhealthy for Sensitive Groups,S,1007.84,3.89,High,Peak,Active,96.9,0.89,122.03,Increasing
08-06-2024 18:00,NODE_03,Sensor_Node_3_Residential_Border,37.12,68.26,1.084,471.6,24.93,6.68,21.91,35.2,71.5,1.6,105,Unhealthy for Sensitive Groups,SW,1006.12,6.91,Low,Normal,Active,80.9,0.94,109.8,Stable
08-06-2024 19:00,NODE_03,Sensor_Node_3_Residential_Border,37.22,57.26,2.597,480.1,20.43,12.19,18.78,33.7,73.9,2.1,105,Unhealthy for Sensitive Groups,NW,1014.97,4.52,Medium,Peak,Active,20.9,0.88,110.68,Decreasing
08-06-2024 20:00,NODE_03,Sensor_Node_3_Residential_Border,137.18,164.83,5.324,470.2,27.73,3.55,19.9,33,76.8,4.1,193,Unhealthy,W,1008.09,6.78,Low,Low,Active,34.1,0.91,174.25,Stable
08-06-2024 21:00,NODE_03,Sensor_Node_3_Residential_Border,41.85,52.3,2.699,466.5,25.23,5.82,19.56,33.9,59.9,7.4,117,Unhealthy for Sensitive Groups,SE,1011.78,3.19,Low,Low,Active,76.7,0.95,126.23,Decreasing
08-06-2024 22:00,NODE_03,Sensor_Node_3_Residential_Border,12.8,70.02,2.115,470.3,22.52,2.66,14.24,32.9,74.5,2.8,58,Moderate,NE,1008.79,8.62,Low,Peak,Active,78.1,0.91,58.06,Increasing
08-06-2024 23:00,NODE_03,Sensor_Node_3_Residential_Border,22.2,60,1.368,465.2,14.38,2.55,19.5,29.3,72.8,0.3,72,Moderate,N,1007.46,5.82,High,High,Active,74.3,0.98,66.48,Decreasing
09-06-2024 00:00,NODE_03,Sensor_Node_3_Residential_Border,19.28,42.57,1.252,430.6,32.29,10.26,21.59,29.9,82,2.2,66,Moderate,SE,1012.6,5.04,Medium,High,Active,29,0.73,61.06,Increasing
09-06-2024 01:00,NODE_03,Sensor_Node_3_Residential_Border,29.99,12.62,2.394,439.4,23.8,9.23,25.36,30,69.8,2.4,89,Moderate,NE,1004.15,9.54,High,Normal,Active,71.4,0.79,96.54,Increasing
09-06-2024 02:00,NODE_03,Sensor_Node_3_Residential_Border,13.06,32.5,0.898,441.5,16.18,8.9,25.07,30.2,68.2,0.9,53,Moderate,NW,1005.47,4.16,Low,Peak,Active,21.6,0.78,48.33,Stable
09-06-2024 03:00,NODE_03,Sensor_Node_3_Residential_Border,5,16.32,0.789,454.5,2,1,24.57,29.5,67.3,2.3,21,Good,E,1002.02,8.62,Low,High,Active,60.9,0.74,20.49,Decreasing
09-06-2024 04:00,NODE_03,Sensor_Node_3_Residential_Border,5,10,1.167,416,2,1,24.76,33.3,79.8,3.6,21,Good,W,1007.8,1.61,High,Peak,Active,88.7,0.84,20.53,Stable
09-06-2024 05:00,NODE_03,Sensor_Node_3_Residential_Border,5,32.46,0.498,387.2,4.98,1,20.69,31.5,72.2,0.9,30,Good,SE,1011.54,5.49,Low,Peak,Active,98.2,0.93,29.77,Increasing
09-06-2024 06:00,NODE_03,Sensor_Node_3_Residential_Border,32.68,71.59,2.247,434.8,37.01,11.12,14.65,33.7,71.9,1.5,94,Moderate,W,1018.96,8.95,Medium,Peak,Active,21.4,0.93,102.26,Decreasing
09-06-2024 07:00,NODE_03,Sensor_Node_3_Residential_Border,44.07,55.84,2.652,462.8,40.35,17.3,22.61,33.6,78.2,5.9,122,Unhealthy for Sensitive Groups,SW,1006.98,9.87,Low,Peak,Active,32.3,0.97,129.33,Decreasing
09-06-2024 08:00,NODE_03,Sensor_Node_3_Residential_Border,48.3,80.53,1.952,486.2,35.22,8.15,13.58,34.2,60.4,2.4,133,Unhealthy for Sensitive Groups,S,1021.49,8.04,Low,Peak,Active,57.4,0.9,140.55,Decreasing
09-06-2024 09:00,NODE_03,Sensor_Node_3_Residential_Border,49.73,101.8,2.272,480.8,40.63,17.14,16.75,36.8,71,5.5,136,Unhealthy for Sensitive Groups,S,1011.24,2.42,Medium,Peak,Active,90.3,0.91,143.13,Stable
09-06-2024 10:00,NODE_03,Sensor_Node_3_Residential_Border,40.83,72.06,3.437,460.4,32.89,15.76,18.47,37.9,59.3,4.8,114,Unhealthy for Sensitive Groups,SE,1014.6,6.77,High,Peak,Active,47.4,0.88,115.71,Decreasing
09-06-2024 11:00,NODE_03,Sensor_Node_3_Residential_Border,44.2,84.45,3.099,450.9,25.79,15.35,21.66,37.6,61.8,3.2,122,Unhealthy for Sensitive Groups,SE,1013.02,4.33,High,Low,Active,43.3,0.99,113.5,Stable
09-06-2024 12:00,NODE_03,Sensor_Node_3_Residential_Border,42,68.02,2.949,467.4,32.77,17.64,26.95,37.3,60.7,0.3,117,Unhealthy for Sensitive Groups,SW,1015.43,3.39,Low,Low,Active,68.3,0.96,123.93,Stable
09-06-2024 13:00,NODE_03,Sensor_Node_3_Residential_Border,125.59,289.96,5.602,462.3,30.76,43.65,21.96,35.6,75.7,7.1,187,Unhealthy,N,1022.98,1.15,High,Peak,Active,28.9,0.73,186.5,Decreasing
09-06-2024 14:00,NODE_03,Sensor_Node_3_Residential_Border,39.15,61.03,2.689,453.8,33.96,13.9,19.21,37.8,62.1,2.3,110,Unhealthy for Sensitive Groups,N,1020.51,7.77,Medium,Normal,Active,98.6,0.8,108.38,Stable
09-06-2024 15:00,NODE_03,Sensor_Node_3_Residential_Border,25.45,78.84,0.686,461.5,32.2,11.58,19.46,37.7,72.7,4.3,79,Moderate,SW,1006.13,6.09,High,Normal,Active,52.3,0.88,73.5,Decreasing
09-06-2024 16:00,NODE_03,Sensor_Node_3_Residential_Border,30.54,82.67,1.48,475.4,28.97,20.2,19.89,37,59.1,4.9,90,Moderate,W,1009.48,1.23,Medium,Low,Active,67.6,0.84,83.29,Increasing
09-06-2024 17:00,NODE_03,Sensor_Node_3_Residential_Border,41.15,63.23,2.365,441,22.72,11.96,18.04,35.4,71.4,2.1,115,Unhealthy for Sensitive Groups,N,1014.58,5.65,High,Normal,Active,46.2,0.84,122.01,Stable
09-06-2024 18:00,NODE_03,Sensor_Node_3_Residential_Border,28.35,97.88,2.167,489.8,18.93,10.88,16.17,34.6,73.2,4,85,Moderate,SE,1005.62,7.25,Medium,Low,Active,87,0.85,81.78,Increasing
09-06-2024 19:00,NODE_03,Sensor_Node_3_Residential_Border,25.23,63.4,2.573,475.3,37.58,12.59,22.97,32.7,74.7,5,79,Moderate,W,1014.35,7.06,Low,High,Active,54.5,0.91,81.32,Stable
09-06-2024 20:00,NODE_03,Sensor_Node_3_Residential_Border,38.97,52.36,2.028,435.1,34.85,16.28,12.33,33.7,80.8,5.2,110,Unhealthy for Sensitive Groups,S,1011.55,6.34,High,Low,Active,99.4,0.76,113.73,Decreasing
09-06-2024 21:00,NODE_03,Sensor_Node_3_Residential_Border,36.88,40.88,3.149,419.1,15.97,15.48,22.99,33.7,76.9,3,104,Unhealthy for Sensitive Groups,W,1006,1.91,High,Normal,Active,25.4,0.87,96.58,Decreasing
09-06-2024 22:00,NODE_03,Sensor_Node_3_Residential_Border,41.14,49.55,1.464,458.8,21.15,10.54,15.31,31.4,74.5,1.8,115,Unhealthy for Sensitive Groups,E,1014.07,2.93,Medium,Peak,Active,63.4,0.83,119.45,Stable
09-06-2024 23:00,NODE_03,Sensor_Node_3_Residential_Border,21.6,31.78,1.667,431.7,28.76,4.21,20.2,28.8,86.6,3.5,71,Moderate,S,1017.84,9.07,High,Peak,Active,72.5,0.74,73.42,Increasing
10-06-2024 00:00,NODE_03,Sensor_Node_3_Residential_Border,40.27,65.82,1.261,477.4,33.8,8.08,18.19,27.5,73.3,3.1,113,Unhealthy for Sensitive Groups,N,1006.34,1.34,High,Low,Active,52.7,0.89,104.03,Stable
10-06-2024 01:00,NODE_03,Sensor_Node_3_Residential_Border,38.69,75.86,1.526,489.3,17.83,16.4,21.13,32,73.3,3.8,109,Unhealthy for Sensitive Groups,NE,1021.62,8.29,Low,High,Active,30.1,0.89,111.9,Increasing
10-06-2024 02:00,NODE_03,Sensor_Node_3_Residential_Border,42.88,68.58,2.814,471.6,26.98,10.42,17.58,27.2,82.8,1.2,119,Unhealthy for Sensitive Groups,NW,1013.43,3.89,Medium,Normal,Active,35.5,0.8,114.28,Stable
10-06-2024 03:00,NODE_03,Sensor_Node_3_Residential_Border,16.45,34.63,0.629,444.7,9.96,1,28.02,29.9,75.8,3,60,Moderate,S,1011.23,4,High,Peak,Active,88.6,0.77,63.89,Stable
10-06-2024 04:00,NODE_03,Sensor_Node_3_Residential_Border,17.37,22.36,1.044,417.3,16.29,4.06,24.06,30.5,78.1,2.3,62,Moderate,N,1014.35,5.83,Medium,Peak,Maintenance,99.9,0.97,56.21,Stable
10-06-2024 05:00,NODE_03,Sensor_Node_3_Residential_Border,12.15,39.9,1.25,388.2,7.74,11.15,31.28,31.1,78.9,5.9,51,Moderate,NW,996.44,6.17,Medium,Peak,Fault,40.8,0.91,53.39,Decreasing
10-06-2024 06:00,NODE_03,Sensor_Node_3_Residential_Border,54.49,102.29,3.305,482.3,50.63,23.63,6.2,35.3,81.8,3.2,148,Unhealthy for Sensitive Groups,SW,1016.65,4.64,Medium,Low,Active,47.4,0.83,158.36,Decreasing
10-06-2024 07:00,NODE_03,Sensor_Node_3_Residential_Border,67.92,139.3,3.725,474.8,45.65,15.79,11.94,35.5,62.9,2.3,157,Unhealthy,W,1013.59,6.33,Low,Low,Active,22.7,0.88,167.18,Stable
10-06-2024 08:00,NODE_03,Sensor_Node_3_Residential_Border,63.36,117.65,3.488,463.4,50.26,20.04,17.43,33.5,61.9,3.9,155,Unhealthy,SE,1009.26,9.94,High,Peak,Active,32.6,0.88,146.97,Decreasing
10-06-2024 09:00,NODE_03,Sensor_Node_3_Residential_Border,57.79,122.11,2.982,472.8,46.54,19.78,12.36,36.4,57,6.1,152,Unhealthy,SW,1014.02,4.2,Medium,Peak,Active,27,0.94,144.37,Decreasing
10-06-2024 10:00,NODE_03,Sensor_Node_3_Residential_Border,59.58,106.59,3.243,461.7,51.02,20.84,19.27,38.9,63.3,2.3,153,Unhealthy,E,1014.43,5.87,Medium,Peak,Active,32.1,0.86,146.8,Decreasing
10-06-2024 11:00,NODE_03,Sensor_Node_3_Residential_Border,64.14,114.72,4.217,467.2,52.56,16.25,17.22,36.6,75.6,3.3,155,Unhealthy,NW,1005.63,4.86,Medium,Normal,Active,92.1,0.94,148.57,Increasing
10-06-2024 12:00,NODE_03,Sensor_Node_3_Residential_Border,58.63,123.19,2.594,488.3,50.15,14.31,19.01,37.5,63.9,3.3,153,Unhealthy,NE,1012.56,7.38,Low,High,Active,52.2,0.71,152.87,Increasing
10-06-2024 13:00,NODE_03,Sensor_Node_3_Residential_Border,70.22,81.82,3.972,450.3,53.75,22.89,14.37,37.6,55.1,3.1,159,Unhealthy,S,1002.45,3.54,Low,Peak,Active,40.9,0.77,144.48,Stable
10-06-2024 14:00,NODE_03,Sensor_Node_3_Residential_Border,67.43,117.15,2.898,485.1,46.97,21.71,12.55,35.5,63,0.8,157,Unhealthy,N,1022.88,8.13,High,Normal,Active,79,0.82,165.39,Decreasing
10-06-2024 15:00,NODE_03,Sensor_Node_3_Residential_Border,50.54,88.41,2.874,431.8,39.43,16.77,14.45,38.1,67.1,1.3,138,Unhealthy for Sensitive Groups,W,1011.38,8.02,Low,Low,Active,43.8,0.73,136.43,Stable
10-06-2024 16:00,NODE_03,Sensor_Node_3_Residential_Border,46.67,86.06,2.421,423.4,49.26,14.66,17.29,36.3,67.3,2.2,128,Unhealthy for Sensitive Groups,S,1010.17,8.93,Low,Low,Active,62.7,0.75,136.1,Stable
10-06-2024 17:00,NODE_03,Sensor_Node_3_Residential_Border,43.18,99.17,3.769,434.6,45.96,17.67,13.84,35.7,71.1,3.7,120,Unhealthy for Sensitive Groups,E,1003.57,5.16,Low,Normal,Active,22.7,0.99,117.71,Increasing
10-06-2024 18:00,NODE_03,Sensor_Node_3_Residential_Border,55.86,75.89,3.237,454.9,32.39,16.35,20.34,32.6,63.6,3.4,151,Unhealthy,NE,1009.81,1.82,Medium,High,Active,35.2,0.9,142.38,Decreasing
10-06-2024 19:00,NODE_03,Sensor_Node_3_Residential_Border,41.8,96.92,2.611,454.3,31.13,14.69,15.08,33.4,80.6,2.1,117,Unhealthy for Sensitive Groups,S,1011.42,7.34,High,Low,Active,45.5,0.82,122.16,Increasing
10-06-2024 20:00,NODE_03,Sensor_Node_3_Residential_Border,54.98,71.04,2.615,473.6,48.88,13.56,14.27,33,80.8,4.1,149,Unhealthy for Sensitive Groups,E,1013.65,9.97,High,Normal,Active,95.7,0.85,147.27,Increasing
10-06-2024 21:00,NODE_03,Sensor_Node_3_Residential_Border,50.36,95.65,3.034,490.5,41.77,12.57,20.3,30.1,75,4.3,138,Unhealthy for Sensitive Groups,NW,1002.65,8.7,Low,Peak,Active,26.8,0.76,150.22,Stable
10-06-2024 22:00,NODE_03,Sensor_Node_3_Residential_Border,28.9,82.69,2.799,457.4,33.89,15.98,17.81,28,75.9,3,86,Moderate,NE,1009.79,2.69,Low,Normal,Active,88,0.82,89.59,Decreasing
10-06-2024 23:00,NODE_03,Sensor_Node_3_Residential_Border,47.09,69.13,1.386,440.6,29.47,17.87,18.87,30.7,73.4,4.4,130,Unhealthy for Sensitive Groups,S,1016.48,4.5,Medium,Normal,Active,78.1,0.79,142.33,Decreasing
11-06-2024 00:00,NODE_03,Sensor_Node_3_Residential_Border,41.85,80.4,1.467,449.6,33.86,12.37,21.93,31.1,69.7,6.1,117,Unhealthy for Sensitive Groups,N,1013.97,9.39,Low,Normal,Active,70.7,0.93,114.22,Decreasing
11-06-2024 01:00,NODE_03,Sensor_Node_3_Residential_Border,42.61,84.88,2.085,435.8,25.73,14.11,27.87,33.2,87.2,1.3,119,Unhealthy for Sensitive Groups,E,1012.9,3.99,Low,Peak,Maintenance,33.5,0.79,124.29,Decreasing
11-06-2024 02:00,NODE_03,Sensor_Node_3_Residential_Border,27.27,74.65,3.773,451.1,32.64,12.79,23.58,29.6,79.1,2.9,83,Moderate,NW,1016.03,4.56,Medium,High,Active,39.9,0.81,83.17,Decreasing
11-06-2024 03:00,NODE_03,Sensor_Node_3_Residential_Border,14.1,35.77,0.504,448.1,19.41,4.2,22.18,29.3,69.3,3.7,55,Moderate,N,1009.61,8.6,Medium,Normal,Active,49.9,0.83,58.65,Increasing
11-06-2024 04:00,NODE_03,Sensor_Node_3_Residential_Border,18.11,52.9,0.704,417.5,11.95,1.74,32.65,34.7,79.8,0.9,64,Moderate,E,1007.2,2.35,Medium,Low,Active,29.2,0.71,62.81,Increasing
11-06-2024 05:00,NODE_03,Sensor_Node_3_Residential_Border,23.95,26.24,1.296,451,10.35,11.13,24.88,32.8,68.3,4.9,76,Moderate,N,1008.68,3.76,High,Peak,Active,22,0.99,79.45,Decreasing
11-06-2024 06:00,NODE_03,Sensor_Node_3_Residential_Border,47.92,118.8,4.203,471.1,36.63,16.16,15.6,31.5,88.1,1.7,132,Unhealthy for Sensitive Groups,SW,1016.28,1.85,Medium,Peak,Active,30,0.8,142.5,Stable
11-06-2024 07:00,NODE_03,Sensor_Node_3_Residential_Border,76.38,99.49,4.277,481.1,47.86,25.53,5.57,34.5,67.3,2.6,162,Unhealthy,N,1017.34,4.16,Low,High,Active,52.3,0.74,169.64,Increasing
11-06-2024 08:00,NODE_03,Sensor_Node_3_Residential_Border,71.48,104.38,4.371,461.2,41.9,21.48,20.22,36.8,60,1.7,159,Unhealthy,W,1012.03,1.09,Low,Peak,Active,99.1,0.98,169.78,Decreasing
11-06-2024 09:00,NODE_03,Sensor_Node_3_Residential_Border,53.21,101.37,3.609,479.7,48.47,16.86,11.41,37.5,67.1,4.2,145,Unhealthy for Sensitive Groups,W,1006.09,5.43,Low,Low,Active,41.7,0.84,132.32,Stable
11-06-2024 10:00,NODE_03,Sensor_Node_3_Residential_Border,72.46,124.72,3.79,452.8,48.82,18.76,5,37.1,53.9,6.6,160,Unhealthy,W,1010.93,9.8,High,Normal,Active,66.8,0.92,153.56,Increasing
11-06-2024 11:00,NODE_03,Sensor_Node_3_Residential_Border,60.19,105.84,4.612,447.7,52.03,20.34,18.3,36.9,56.7,3.3,153,Unhealthy,NW,1017.54,9.57,Low,Normal,Active,26.6,0.73,145.38,Decreasing
11-06-2024 12:00,NODE_03,Sensor_Node_3_Residential_Border,67.5,109.8,3.662,483.5,55.39,18.38,15.26,36.2,69.4,6.5,157,Unhealthy,NW,1016.29,5.22,Low,Peak,Fault,35.7,0.75,144.58,Stable
11-06-2024 13:00,NODE_03,Sensor_Node_3_Residential_Border,69.7,133.82,4.208,472.2,68.46,22.99,18.78,35.1,71.1,3,158,Unhealthy,SW,1005.87,7.39,Medium,High,Active,56.3,0.84,166.41,Stable
11-06-2024 14:00,NODE_03,Sensor_Node_3_Residential_Border,72.27,129.53,4.741,480,39.32,22.52,19.89,38.5,65.9,1.3,160,Unhealthy,S,1013.39,4.73,Medium,Peak,Active,84,0.72,173.92,Increasing
11-06-2024 15:00,NODE_03,Sensor_Node_3_Residential_Border,49.86,86.14,2.997,460.6,44.12,18.78,16.24,35,70,4.1,136,Unhealthy for Sensitive Groups,NW,1011.07,7.54,High,Low,Active,81,0.94,139.67,Decreasing
11-06-2024 16:00,NODE_03,Sensor_Node_3_Residential_Border,60.1,95.97,2.694,433.9,40.34,17.86,9.72,36.7,69.3,1.9,153,Unhealthy,S,1009.6,1.98,Medium,Low,Active,79.4,0.97,150.66,Stable
11-06-2024 17:00,NODE_03,Sensor_Node_3_Residential_Border,31.43,74.12,3.266,490.4,43.57,19.81,14.52,35.8,69.3,9.1,92,Moderate,N,996.05,2.87,High,Peak,Active,41.7,0.84,86.88,Stable
11-06-2024 18:00,NODE_03,Sensor_Node_3_Residential_Border,52.81,82.75,2.283,474.8,41.45,16.36,27.53,32.5,75.8,1.6,144,Unhealthy for Sensitive Groups,W,1005.98,2.44,Low,High,Active,95.7,0.98,156.63,Decreasing
11-06-2024 19:00,NODE_03,Sensor_Node_3_Residential_Border,69.22,104.9,2.799,447.1,34,23.79,16.38,31.6,81,3,158,Unhealthy,E,1020.34,5.08,High,Normal,Fault,78.4,0.98,169.44,Decreasing
11-06-2024 20:00,NODE_03,Sensor_Node_3_Residential_Border,47.36,99.69,2.86,432.8,41.33,15.44,22.61,32.1,87.8,2.5,130,Unhealthy for Sensitive Groups,S,1011.57,8.56,Medium,Low,Active,74.9,0.97,141.93,Increasing
11-06-2024 21:00,NODE_03,Sensor_Node_3_Residential_Border,48.35,89.5,3.45,441.2,48.64,20.05,22.36,32.6,79.7,4.2,133,Unhealthy for Sensitive Groups,W,1012.83,1.21,Low,Normal,Active,64,0.91,131.19,Increasing
11-06-2024 22:00,NODE_03,Sensor_Node_3_Residential_Border,52.85,88.7,3.314,460,46.87,24.74,13.67,30.7,70.8,0.8,144,Unhealthy for Sensitive Groups,S,1011.42,8.18,High,High,Active,50.2,0.99,156.11,Decreasing
11-06-2024 23:00,NODE_03,Sensor_Node_3_Residential_Border,122.91,262.78,6.44,436.6,36.59,24.32,18.14,28.6,69,3.2,186,Unhealthy,N,1014.42,2.36,Low,Peak,Active,41,0.71,183.16,Increasing
12-06-2024 00:00,NODE_03,Sensor_Node_3_Residential_Border,23.66,92.09,1.789,457.3,26.96,9.58,19.62,29.5,76.9,3.9,75,Moderate,E,1015.77,8.75,Low,Low,Active,75.1,0.72,76.4,Decreasing
12-06-2024 01:00,NODE_03,Sensor_Node_3_Residential_Border,33.3,68.5,2.274,431.4,41.26,12.61,11.32,30.6,73.2,4,96,Moderate,NW,1015.41,8.24,Medium,Normal,Active,42.4,0.74,99.86,Decreasing
12-06-2024 02:00,NODE_03,Sensor_Node_3_Residential_Border,46.98,61.94,2.248,451.9,36.49,8.81,21.27,33.3,74,0.8,129,Unhealthy for Sensitive Groups,N,1019.09,9.98,High,Normal,Active,39.9,0.87,138.16,Stable
12-06-2024 03:00,NODE_03,Sensor_Node_3_Residential_Border,16.29,65.09,0.839,400.8,12.2,12.09,30.28,29.7,78.7,5.4,60,Moderate,SE,1014.75,6.9,Low,High,Active,57.5,0.75,61.53,Stable
12-06-2024 04:00,NODE_03,Sensor_Node_3_Residential_Border,11.58,35.42,1.915,381.5,16.75,10.68,17.22,30.9,72.6,2.2,48,Good,NW,1022.22,2.7,Low,Peak,Active,36.8,1,45.18,Increasing
12-06-2024 05:00,NODE_03,Sensor_Node_3_Residential_Border,10.65,40.42,1.704,451.9,19.56,12.73,35.16,33.2,82.1,2,44,Good,W,1021.06,4.23,Medium,Normal,Active,86.8,0.93,47.43,Stable
12-06-2024 06:00,NODE_03,Sensor_Node_3_Residential_Border,65.6,128.18,4.573,479.4,47.63,19.64,6.73,34.5,73.8,4.5,156,Unhealthy,NW,1012.11,4.41,Low,Low,Active,55.3,0.77,153.78,Decreasing
12-06-2024 07:00,NODE_03,Sensor_Node_3_Residential_Border,57.64,93.23,3.679,494.4,45.97,21.67,16.8,35,74.6,3.9,152,Unhealthy,NW,1004.72,5.71,Low,High,Active,62.3,0.96,154.17,Decreasing
12-06-2024 08:00,NODE_03,Sensor_Node_3_Residential_Border,63.49,121.33,4.26,466.9,45.37,22.17,12.97,34.9,70.3,5.3,155,Unhealthy,NW,1005.04,5.52,Low,Low,Active,96.8,0.85,169.54,Increasing
12-06-2024 09:00,NODE_03,Sensor_Node_3_Residential_Border,64.49,116.46,3.064,465.8,34.58,17.42,15.56,38.6,71,0.6,156,Unhealthy,NW,1006.02,8.49,High,Peak,Maintenance,60,0.83,161.58,Decreasing
12-06-2024 10:00,NODE_03,Sensor_Node_3_Residential_Border,64,132.28,3.287,455.9,57.87,20.22,25.7,38.5,73.7,2.1,155,Unhealthy,N,1013.09,4.81,Medium,Low,Active,59.8,0.74,169.63,Increasing
12-06-2024 11:00,NODE_03,Sensor_Node_3_Residential_Border,52.99,124.02,3.658,473,42.66,14.72,16.75,37.4,60.8,2.8,144,Unhealthy for Sensitive Groups,W,1004.45,9.09,High,High,Active,79.3,0.97,143.84,Decreasing
12-06-2024 12:00,NODE_03,Sensor_Node_3_Residential_Border,184.45,290.2,7.438,472.8,57.5,35.76,13.78,41.2,62.2,4.2,235,Very Unhealthy,E,1011.93,7.67,Low,Normal,Active,78.3,0.94,235.99,Decreasing
12-06-2024 13:00,NODE_03,Sensor_Node_3_Residential_Border,54.72,97.6,4.417,474.8,52.51,28.48,7.03,37.5,68.5,1,500,Hazardous,W,1019.32,3.99,High,Normal,Active,64.1,0.8,529.46,Stable
12-06-2024 14:00,NODE_03,Sensor_Node_3_Residential_Border,82.12,113.31,3.598,472.9,55.52,26.37,23.35,34.6,62.2,5.9,165,Unhealthy,S,1015.72,5.54,Low,High,Active,39.7,0.93,148.78,Stable
12-06-2024 15:00,NODE_03,Sensor_Node_3_Residential_Border,59.71,94.85,3.29,446.9,42,16.35,20.77,37.6,69.7,1.9,153,Unhealthy,S,1010.78,9.61,Low,High,Active,39.5,0.86,142.01,Stable
12-06-2024 16:00,NODE_03,Sensor_Node_3_Residential_Border,65.51,106.86,3.1,473.7,54.51,13.67,14.91,36.1,70.9,0.3,156,Unhealthy,NE,1011.64,7.9,Medium,Peak,Maintenance,74.9,0.91,147.68,Increasing
12-06-2024 17:00,NODE_03,Sensor_Node_3_Residential_Border,48.53,101.08,3.031,477.9,35.65,13.84,17.42,34.8,65.1,0.9,133,Unhealthy for Sensitive Groups,N,1005.33,4.61,Low,Peak,Active,53.7,0.85,142.78,Increasing
12-06-2024 18:00,NODE_03,Sensor_Node_3_Residential_Border,68,90.37,3.256,435.8,44.17,14.06,22.97,31.7,71.8,1.6,157,Unhealthy,S,1014.22,4.68,High,Normal,Active,59.7,0.88,150.47,Increasing
12-06-2024 19:00,NODE_03,Sensor_Node_3_Residential_Border,61.06,109.92,2.661,437.1,33.01,13.26,20.48,32.5,79.5,0.5,154,Unhealthy,SE,1013.46,7.6,High,Low,Active,40.6,0.73,166.92,Increasing
12-06-2024 20:00,NODE_03,Sensor_Node_3_Residential_Border,56.48,96.31,2.204,468.5,49.07,17.69,13.57,29.7,81,3.3,152,Unhealthy,S,1003.27,3.46,High,Low,Active,70.3,0.92,156.27,Increasing
12-06-2024 21:00,NODE_03,Sensor_Node_3_Residential_Border,53.62,90.9,3.867,443.7,42.93,22.03,20.71,30.9,74.2,1.2,146,Unhealthy for Sensitive Groups,SW,1013.23,2.25,High,Low,Active,73,0.98,135.39,Stable
12-06-2024 22:00,NODE_03,Sensor_Node_3_Residential_Border,47.19,107.12,3.596,471.3,41.87,18.03,10.58,31.6,77.3,1.2,130,Unhealthy for Sensitive Groups,SW,1013.42,5.02,High,High,Maintenance,39.9,0.9,128.9,Increasing
12-06-2024 23:00,NODE_03,Sensor_Node_3_Residential_Border,30.02,83.08,2.223,460.9,33.31,9.34,24.53,29.1,67.8,3.4,89,Moderate,SE,1010.75,2.62,Medium,Normal,Active,71,0.92,92.53,Increasing
13-06-2024 00:00,NODE_03,Sensor_Node_3_Residential_Border,40.5,78.99,1.731,430.3,22.45,11.07,22.47,33.1,76.5,2.5,113,Unhealthy for Sensitive Groups,S,1007.09,3.55,Low,High,Active,52.4,0.9,123.43,Stable
13-06-2024 01:00,NODE_03,Sensor_Node_3_Residential_Border,118.94,115.15,8.01,413.3,26.62,21.61,29.64,30.5,69.4,3.3,184,Unhealthy,S,1010.37,5.71,Low,High,Active,68.3,0.83,187.55,Stable
13-06-2024 02:00,NODE_03,Sensor_Node_3_Residential_Border,33.2,56.94,1.906,431,34.05,11.62,15.23,28.5,91,4,95,Moderate,E,1008.72,8.03,Medium,Normal,Active,60.3,0.86,88,Increasing
13-06-2024 03:00,NODE_03,Sensor_Node_3_Residential_Border,22.41,12.37,0.891,424.1,13.88,1.63,25.64,28.5,74,5.3,73,Moderate,S,1004.25,3.57,Medium,High,Active,52.8,0.78,69.72,Stable
13-06-2024 04:00,NODE_03,Sensor_Node_3_Residential_Border,27.18,42.85,0.612,401,2,7.87,26.39,32.6,85.1,1.7,83,Moderate,SE,1019.45,4.19,High,Normal,Active,41.6,0.9,87.62,Decreasing
13-06-2024 05:00,NODE_03,Sensor_Node_3_Residential_Border,17.72,51.24,0.878,413.8,14.05,13.4,35.68,31.5,80.6,4.9,63,Moderate,E,1020.97,5.56,Low,High,Active,95.4,0.81,61.2,Increasing
13-06-2024 06:00,NODE_03,Sensor_Node_3_Residential_Border,68.21,122.61,4.501,437.5,52.92,16.92,13.68,34,66,2.5,158,Unhealthy,S,1010.67,9.01,Low,Low,Active,70.7,0.82,162.81,Stable
13-06-2024 07:00,NODE_03,Sensor_Node_3_Residential_Border,61.35,121.17,4.273,455.2,59.69,23.91,23.17,32.4,72.3,1,154,Unhealthy,E,1015.05,6.32,Low,Peak,Active,77.5,0.98,167.3,Stable
13-06-2024 08:00,NODE_03,Sensor_Node_3_Residential_Border,70.89,89.94,5.047,457.5,54.21,25.31,16.51,38.1,81,5.3,159,Unhealthy,SW,1002.71,7.33,Low,Peak,Active,92.1,0.85,153.86,Decreasing
13-06-2024 09:00,NODE_03,Sensor_Node_3_Residential_Border,57.12,91.14,4.372,499.7,59.39,23.35,23.7,37.4,59.8,2.1,152,Unhealthy,NW,1007.6,7.59,Low,Normal,Active,63.7,0.86,156.63,Decreasing
13-06-2024 10:00,NODE_03,Sensor_Node_3_Residential_Border,65.49,112.68,3.671,472.9,60.93,22.46,19.14,34.2,67.6,3.7,156,Unhealthy,SW,1011.63,2.78,Low,Normal,Fault,31.3,0.96,141.89,Decreasing
13-06-2024 11:00,NODE_03,Sensor_Node_3_Residential_Border,74.69,118.25,4.047,456.9,56.32,18.93,19.4,37.9,66.3,3.7,161,Unhealthy,S,1006.5,2.82,High,Normal,Fault,41.6,0.71,166.31,Stable
13-06-2024 12:00,NODE_03,Sensor_Node_3_Residential_Border,68.26,107.03,4.641,475,55.63,21.92,12.53,38.5,62.4,9,158,Unhealthy,NE,1022.49,1.55,Medium,Normal,Active,28.9,0.72,157.28,Stable
13-06-2024 13:00,NODE_03,Sensor_Node_3_Residential_Border,69.5,68.29,3.64,468.7,43.72,23.06,13.89,37.9,62.9,3.7,158,Unhealthy,SW,1015.67,7.91,Medium,High,Active,87.3,0.84,165.05,Increasing
13-06-2024 14:00,NODE_03,Sensor_Node_3_Residential_Border,68.38,114.87,5.105,466.2,45.52,16.91,20.53,39.9,61.7,2.3,158,Unhealthy,E,1012.75,8.76,Medium,High,Active,28.5,0.86,151.15,Increasing
13-06-2024 15:00,NODE_03,Sensor_Node_3_Residential_Border,50.52,66.45,3.475,479.6,26.99,24.31,26.49,32.2,54.7,4.6,138,Unhealthy for Sensitive Groups,NW,1001.41,4.06,Low,High,Active,50.1,0.85,130.09,Stable
13-06-2024 16:00,NODE_03,Sensor_Node_3_Residential_Border,55.12,91.5,3.359,443.7,49.26,16.87,10.23,34.8,71.2,3.9,149,Unhealthy for Sensitive Groups,SE,1007.12,3.82,Medium,Peak,Active,39.9,0.83,146.82,Increasing
13-06-2024 17:00,NODE_03,Sensor_Node_3_Residential_Border,50.48,96.22,2.457,480.2,39.4,18.96,18.89,34.4,75.9,4.7,138,Unhealthy for Sensitive Groups,NE,1010.64,2.91,High,Low,Active,31.1,0.92,140.33,Decreasing
13-06-2024 18:00,NODE_03,Sensor_Node_3_Residential_Border,32.89,102.68,2.987,471.8,51.83,20.57,18.67,33.6,87.2,1,95,Moderate,S,1010.54,2.81,Medium,High,Active,88.8,0.99,102.31,Decreasing
13-06-2024 19:00,NODE_03,Sensor_Node_3_Residential_Border,56.67,94.13,2.981,442.1,26.67,23.36,14.5,32.7,72.9,2.4,152,Unhealthy,S,1006.25,8.63,High,Normal,Active,98.1,0.89,163.73,Decreasing
13-06-2024 20:00,NODE_03,Sensor_Node_3_Residential_Border,54.86,98.37,2.38,431.6,35.31,18.25,18.98,31.8,78.9,1.8,149,Unhealthy for Sensitive Groups,NE,1009.84,6.02,High,High,Active,77.2,0.94,160.5,Increasing
13-06-2024 21:00,NODE_03,Sensor_Node_3_Residential_Border,45.95,79.58,4.223,419.3,49,20.48,22.44,31.3,84.2,4.4,127,Unhealthy for Sensitive Groups,N,1010.93,3.12,Low,Peak,Active,30.3,0.99,134.76,Decreasing
13-06-2024 22:00,NODE_03,Sensor_Node_3_Residential_Border,53.39,87.95,3.133,441.1,35.67,23.6,32.81,31.3,82.2,4.7,145,Unhealthy for Sensitive Groups,NE,1000.87,8.17,High,Low,Active,46.8,0.98,145.87,Decreasing
13-06-2024 23:00,NODE_03,Sensor_Node_3_Residential_Border,41.62,82.9,3.072,431.5,50.03,13.51,21.49,29.5,75.3,4.4,116,Unhealthy for Sensitive Groups,SE,1014.9,9.17,High,Normal,Active,70.9,0.98,127.03,Decreasing
14-06-2024 00:00,NODE_03,Sensor_Node_3_Residential_Border,44.12,62.03,0.953,415.1,30.33,14.3,18.7,29,79.8,1.9,122,Unhealthy for Sensitive Groups,S,1010.58,3.81,High,Peak,Active,70.6,0.99,127,Decreasing
14-06-2024 01:00,NODE_03,Sensor_Node_3_Residential_Border,38.74,56.58,2.77,430.1,34.89,18.51,16.84,29.5,83.7,2.3,109,Unhealthy for Sensitive Groups,E,1010.66,7.92,Low,High,Maintenance,78.5,0.75,102.79,Decreasing
14-06-2024 02:00,NODE_03,Sensor_Node_3_Residential_Border,26.63,85.97,2.596,454.6,36.65,8.22,22.76,30.1,80.8,3.8,82,Moderate,SW,1007.24,9.21,Medium,Normal,Active,89.9,0.73,83.58,Stable
14-06-2024 03:00,NODE_03,Sensor_Node_3_Residential_Border,22.89,32.01,1.102,435.1,8.23,3.92,27.01,32.1,72.3,2.3,74,Moderate,N,1011.95,8.39,Low,High,Active,63.7,0.88,79.08,Decreasing
14-06-2024 04:00,NODE_03,Sensor_Node_3_Residential_Border,6.41,20.95,0.737,423.4,4.16,1,25.63,32.2,78.7,3.5,27,Good,E,1011.32,1.72,High,Low,Active,46.6,0.82,25.84,Stable
14-06-2024 05:00,NODE_03,Sensor_Node_3_Residential_Border,23.02,40.76,1.672,416.3,17.99,2.9,26.1,34.6,71.9,2.2,74,Moderate,NW,1005.03,3.33,Medium,Peak,Active,47.3,0.78,78.42,Stable
14-06-2024 06:00,NODE_03,Sensor_Node_3_Residential_Border,58.38,98.96,4.443,478.6,45.36,17.66,11.42,32.9,78.9,1.1,500,Hazardous,NE,1015.35,9.23,Low,Normal,Active,32.1,0.89,451.3,Stable
14-06-2024 07:00,NODE_03,Sensor_Node_3_Residential_Border,65.12,143.84,3.82,458.6,56.89,14.92,16.94,33.2,57.4,5.5,156,Unhealthy,S,1004.82,2.08,Low,Low,Active,26.2,0.93,145.55,Increasing
14-06-2024 08:00,NODE_03,Sensor_Node_3_Residential_Border,67.71,115.31,2.541,466.2,49.38,24.09,10.71,37.2,65.9,1.7,157,Unhealthy,SE,1019.66,9.22,Low,Peak,Fault,62.7,0.92,153.1,Stable
14-06-2024 09:00,NODE_03,Sensor_Node_3_Residential_Border,63.61,125.54,3.163,480.8,48.75,20.98,5,35.9,66.5,2.9,155,Unhealthy,NE,1008.74,5.64,Low,Low,Active,85.4,0.83,158.67,Stable
14-06-2024 10:00,NODE_03,Sensor_Node_3_Residential_Border,60.78,125.67,3.587,487.6,52.23,18,20.69,38.4,72.2,0.9,154,Unhealthy,W,1007.39,9.02,Low,Peak,Active,44,0.86,148.56,Stable
14-06-2024 11:00,NODE_03,Sensor_Node_3_Residential_Border,64.54,122.42,4.8,472.1,47.61,27.78,19.34,37.2,76.6,1.7,156,Unhealthy,NE,999.77,2.68,Medium,Peak,Active,69.2,0.74,171.37,Decreasing
14-06-2024 12:00,NODE_03,Sensor_Node_3_Residential_Border,56.37,121.41,4.413,488.3,44.1,16.64,17.15,39.1,59.5,1.1,500,Hazardous,NW,1006.98,9.06,Medium,High,Active,41.3,0.82,492.65,Decreasing
14-06-2024 13:00,NODE_03,Sensor_Node_3_Residential_Border,68.41,93.6,4.37,458.7,49.25,25.06,19.86,38.6,72.4,4.3,158,Unhealthy,E,1022.85,1.09,Medium,Peak,Active,27.7,0.85,173.34,Decreasing
14-06-2024 14:00,NODE_03,Sensor_Node_3_Residential_Border,52.31,113.17,3.789,465.1,53.88,22.46,20.12,35.7,80.6,0.3,142,Unhealthy for Sensitive Groups,E,1016.04,2.03,Low,Peak,Active,89,0.84,132.13,Decreasing
14-06-2024 15:00,NODE_03,Sensor_Node_3_Residential_Border,49.67,95.21,2.969,459.7,36.58,18.1,21.3,33.2,65.8,3.5,136,Unhealthy for Sensitive Groups,NW,1009.51,7.6,Medium,Peak,Fault,61.1,0.98,125.68,Stable
14-06-2024 16:00,NODE_03,Sensor_Node_3_Residential_Border,59.68,112.2,3.351,459.7,42.87,21.77,27.15,36.5,65.3,3.7,153,Unhealthy,S,1012.11,9.51,Medium,Low,Active,33.1,0.73,156.29,Increasing
14-06-2024 17:00,NODE_03,Sensor_Node_3_Residential_Border,60.2,100.74,3.018,441.9,37.14,16.01,13.13,34.5,61.7,3.9,153,Unhealthy,W,1015.75,2.95,Low,Peak,Active,57.5,0.78,141.48,Decreasing
14-06-2024 18:00,NODE_03,Sensor_Node_3_Residential_Border,54.93,85.8,2.946,443.3,43.86,11.85,18.82,33,82.5,1.3,149,Unhealthy for Sensitive Groups,E,1010.31,7.83,Low,Low,Active,66.7,0.83,140.05,Decreasing
14-06-2024 19:00,NODE_03,Sensor_Node_3_Residential_Border,57.01,72.11,3.32,490.6,43.18,17.98,19.35,33.1,74.8,1.7,152,Unhealthy,N,1017.25,2.45,Low,Low,Active,98.3,1,141.98,Increasing
14-06-2024 20:00,NODE_03,Sensor_Node_3_Residential_Border,53.67,112.11,3.461,436,38.53,20.2,25.98,34.7,73.7,2,146,Unhealthy for Sensitive Groups,W,1008.9,4.23,Low,Peak,Active,30.3,0.8,156.91,Increasing
14-06-2024 21:00,NODE_03,Sensor_Node_3_Residential_Border,59.39,92.07,3.109,479.4,30.49,19.15,26.1,33.3,79.7,4.2,153,Unhealthy,S,1005.46,3.77,Medium,Peak,Active,36.2,0.82,148.21,Stable
14-06-2024 22:00,NODE_03,Sensor_Node_3_Residential_Border,63.4,83.99,3.251,454.5,36.02,16.02,19.04,29.2,70.7,1.8,155,Unhealthy,NW,1012.77,8.86,Low,Low,Active,93.8,0.79,140.32,Increasing
14-06-2024 23:00,NODE_03,Sensor_Node_3_Residential_Border,32.48,37.36,2.99,429.2,28.88,16.65,13.61,28,74,2.9,94,Moderate,SE,1011.16,8.01,High,High,Active,63.2,0.85,94.56,Decreasing
15-06-2024 00:00,NODE_03,Sensor_Node_3_Residential_Border,25.68,40.32,1.779,473.2,40.54,7.83,28.43,31.5,79.6,2,80,Moderate,N,1002.65,4.6,Medium,High,Active,99.3,0.77,75.08,Increasing
15-06-2024 01:00,NODE_03,Sensor_Node_3_Residential_Border,8.06,39.17,1.328,453.9,18.27,6.17,30.95,32.1,65.7,5.4,36,Good,W,1014.55,1.79,Medium,High,Active,72.9,0.88,33.56,Stable
15-06-2024 02:00,NODE_03,Sensor_Node_3_Residential_Border,36.39,38.58,1.39,449.1,24.29,2.28,10.72,32.4,71.3,2.6,103,Unhealthy for Sensitive Groups,NE,1011.04,9.85,High,High,Active,72.7,0.78,102.54,Decreasing
15-06-2024 03:00,NODE_03,Sensor_Node_3_Residential_Border,27.71,23.69,0.2,480.1,5.43,1,19.17,31.7,78,2.2,84,Moderate,W,1019.89,9.26,Medium,High,Active,90.4,0.74,83.42,Stable
15-06-2024 04:00,NODE_03,Sensor_Node_3_Residential_Border,19.17,10,0.2,425.8,5.38,11.31,22.39,31.5,76.3,1.5,66,Moderate,SW,1007.4,4.33,Medium,Peak,Active,49.4,0.8,69.2,Stable
15-06-2024 05:00,NODE_03,Sensor_Node_3_Residential_Border,6.16,15.17,0.827,449,4.09,1.12,32.71,32.1,73.2,3,26,Good,E,1011.15,6.69,Medium,Peak,Active,57.2,0.76,24.88,Increasing
15-06-2024 06:00,NODE_03,Sensor_Node_3_Residential_Border,40.92,71.68,2.126,477.1,26.29,17.15,16.08,34.4,82.4,6.1,114,Unhealthy for Sensitive Groups,SE,1005.13,2.13,High,Low,Active,41.4,0.86,119.96,Decreasing
15-06-2024 07:00,NODE_03,Sensor_Node_3_Residential_Border,31.31,65.47,2.972,459.2,34.8,13.55,16.81,35.1,70.3,1.4,91,Moderate,S,1015.25,5.52,Low,Normal,Active,35.9,0.78,88.37,Increasing
15-06-2024 08:00,NODE_03,Sensor_Node_3_Residential_Border,45.43,74.84,2.15,475.2,29.52,20.26,28.45,38.1,77,1,125,Unhealthy for Sensitive Groups,E,1011.64,3.97,High,Peak,Active,62.8,0.73,127.96,Decreasing
15-06-2024 09:00,NODE_03,Sensor_Node_3_Residential_Border,130.72,188.25,3.273,450.5,28.02,29.95,17.28,35.8,56.7,2,190,Unhealthy,N,1012.07,7.08,Low,Low,Active,73.3,0.88,200.69,Increasing
15-06-2024 10:00,NODE_03,Sensor_Node_3_Residential_Border,43.09,68.36,1.737,485.8,40.91,10.09,5,40.5,64.3,6.3,120,Unhealthy for Sensitive Groups,NE,1009.44,4.13,High,Low,Active,64.9,0.86,121.58,Increasing
15-06-2024 11:00,NODE_03,Sensor_Node_3_Residential_Border,35.12,65.3,2.561,466.9,27.95,7.51,22.66,38.7,61.6,1.4,99,Moderate,W,1006.78,1.39,Medium,Peak,Active,48.2,0.96,99.53,Decreasing
15-06-2024 12:00,NODE_03,Sensor_Node_3_Residential_Border,42.59,82.41,2.728,461.7,38.47,14.08,13.36,40.5,59.3,2.4,118,Unhealthy for Sensitive Groups,NE,1013.99,3.78,Medium,High,Active,87.3,0.97,106.88,Increasing
15-06-2024 13:00,NODE_03,Sensor_Node_3_Residential_Border,46.1,97.01,3.341,460.6,34.79,11.09,11.87,36.2,76.4,1.6,127,Unhealthy for Sensitive Groups,E,1010.66,1.99,Medium,Peak,Active,32,0.95,115.96,Decreasing
15-06-2024 14:00,NODE_03,Sensor_Node_3_Residential_Border,51.21,83.53,2.684,457.1,29.94,22.33,17.93,36.7,71.3,4.1,140,Unhealthy for Sensitive Groups,S,1013.12,9.79,High,Normal,Active,29,0.96,148.85,Decreasing
15-06-2024 15:00,NODE_03,Sensor_Node_3_Residential_Border,41.07,84.67,2.03,471.4,29.93,8.37,11.57,37.8,71.9,3,115,Unhealthy for Sensitive Groups,S,1012.45,8.18,Medium,High,Active,69.5,0.85,113.58,Increasing
15-06-2024 16:00,NODE_03,Sensor_Node_3_Residential_Border,33.69,65.38,1.756,484.4,33.42,5.68,13.5,36.1,65.3,5,96,Moderate,E,1014.89,9.61,Low,Low,Active,25.7,0.8,104.23,Increasing
15-06-2024 17:00,NODE_03,Sensor_Node_3_Residential_Border,42.97,45.11,2.533,414.5,23.37,16.79,18.11,35.1,75.1,2.5,119,Unhealthy for Sensitive Groups,SW,1012.48,5.23,High,High,Active,97.4,0.71,114.15,Stable
15-06-2024 18:00,NODE_03,Sensor_Node_3_Residential_Border,44.87,61.09,2.268,475.2,9.2,8.35,15.45,35,82.5,4.7,124,Unhealthy for Sensitive Groups,W,1010.87,5.19,Medium,Low,Active,93.6,0.92,131.08,Decreasing
15-06-2024 19:00,NODE_03,Sensor_Node_3_Residential_Border,19.39,34.92,2.188,466.4,29.97,6.74,18.2,31.2,80.2,4.3,66,Moderate,E,1004.13,3.37,Low,Normal,Active,49,0.97,66.86,Increasing
15-06-2024 20:00,NODE_03,Sensor_Node_3_Residential_Border,25.81,59.8,3.042,478.5,13.83,10.02,18.73,31.7,77.3,5.2,80,Moderate,E,1011.47,2.58,High,High,Active,87.8,0.72,87.95,Stable
15-06-2024 21:00,NODE_03,Sensor_Node_3_Residential_Border,39.25,84.95,1.763,471.6,24.94,17.51,20.36,31.2,74.7,4.1,110,Unhealthy for Sensitive Groups,SW,1021.08,2.54,Low,Peak,Active,26.4,0.81,111.48,Increasing
15-06-2024 22:00,NODE_03,Sensor_Node_3_Residential_Border,27.75,33.15,1.516,461,17.66,8.01,8.95,29.3,87.5,3.5,84,Moderate,SE,1015.44,4.74,High,High,Active,26.1,0.95,79.26,Decreasing
15-06-2024 23:00,NODE_03,Sensor_Node_3_Residential_Border,67.88,161.2,4.317,430.2,21.24,30.24,14.76,29.9,70.8,1.6,157,Unhealthy,E,1008.75,7.56,Low,Peak,Active,63.9,0.74,150.87,Stable
16-06-2024 00:00,NODE_03,Sensor_Node_3_Residential_Border,28.98,46.32,1.13,460.6,21.49,1,23.08,29.4,74.9,3.2,87,Moderate,SE,1012.61,7.09,Medium,High,Active,64.3,0.82,85.69,Stable
16-06-2024 01:00,NODE_03,Sensor_Node_3_Residential_Border,19.1,52.1,1.574,464.5,23.73,1,16.22,31.9,70.2,3,66,Moderate,N,1017.97,8.5,High,Peak,Active,52.5,0.86,59.77,Increasing
16-06-2024 02:00,NODE_03,Sensor_Node_3_Residential_Border,28.11,34.9,1.073,458.7,23,9.73,19.86,28.6,77,4.5,85,Moderate,E,1012.11,8.39,Medium,High,Active,82.7,0.76,82.88,Decreasing
16-06-2024 03:00,NODE_03,Sensor_Node_3_Residential_Border,19.25,12.86,1.025,410.9,8.29,5.34,21.62,31.7,76.1,0.8,66,Moderate,E,1013.53,2.73,Medium,Normal,Active,28.7,0.73,70.61,Increasing
16-06-2024 04:00,NODE_03,Sensor_Node_3_Residential_Border,18.7,10,0.764,413.2,7.73,6.08,23.56,27.4,66.9,2.8,65,Moderate,S,1007.73,9.73,Low,Peak,Active,92.8,1,63.29,Decreasing
16-06-2024 05:00,NODE_03,Sensor_Node_3_Residential_Border,5,13.62,0.311,432.5,2,7.33,25.38,31.5,71,1.6,21,Good,NW,1018.62,6.4,High,Normal,Active,22.3,0.77,20.81,Increasing
16-06-2024 06:00,NODE_03,Sensor_Node_3_Residential_Border,48.27,87.62,2.555,485.9,51.31,6.53,16.26,32,81.4,2.3,132,Unhealthy for Sensitive Groups,E,1016.5,8.23,High,Low,Active,84.1,0.93,121.48,Stable
16-06-2024 07:00,NODE_03,Sensor_Node_3_Residential_Border,44.87,92.81,2.722,479.4,43.18,17.86,21.62,34.8,56.9,1.2,124,Unhealthy for Sensitive Groups,SW,1007.86,4,Low,Low,Active,64.5,0.77,132.8,Stable
16-06-2024 08:00,NODE_03,Sensor_Node_3_Residential_Border,43.73,64.8,2.89,437.1,38.56,14.79,17.77,36.9,68.8,3.6,121,Unhealthy for Sensitive Groups,SE,1008.3,3.72,High,Normal,Active,70.2,0.8,110.8,Decreasing
16-06-2024 09:00,NODE_03,Sensor_Node_3_Residential_Border,40.24,83.74,2.455,471,32.67,7.06,9.09,36.6,56.5,4,113,Unhealthy for Sensitive Groups,NW,1006.75,1.7,Medium,Low,Active,28.7,0.9,102.45,Decreasing
16-06-2024 10:00,NODE_03,Sensor_Node_3_Residential_Border,42.02,61.58,2.458,472.1,19.75,15.34,13.75,34,64,1.4,117,Unhealthy for Sensitive Groups,W,1020.3,5.1,Medium,High,Active,38.4,0.89,120.81,Stable
16-06-2024 11:00,NODE_03,Sensor_Node_3_Residential_Border,45.94,76.25,2.256,464.2,23.47,11.97,25.42,38.1,67.8,2,127,Unhealthy for Sensitive Groups,SW,1003.21,8.56,Low,Low,Active,78.8,0.87,119.9,Increasing
16-06-2024 12:00,NODE_03,Sensor_Node_3_Residential_Border,127.77,268.59,7.704,460.8,32.6,24.45,19.81,38.7,65.5,4.8,188,Unhealthy,SE,1004.26,7.13,Low,Low,Active,71.5,0.7,178.4,Decreasing
16-06-2024 13:00,NODE_03,Sensor_Node_3_Residential_Border,50.98,38.57,2.836,475.6,27.53,18.42,20.68,36.7,72.7,7.9,139,Unhealthy for Sensitive Groups,E,1005.18,9.81,Medium,Peak,Active,85,0.97,148.74,Stable
16-06-2024 14:00,NODE_03,Sensor_Node_3_Residential_Border,44.66,75.07,2.127,452.5,42.69,15.57,20.72,36.7,69.8,1.9,124,Unhealthy for Sensitive Groups,SE,1001.1,9.61,Low,Low,Fault,62.1,0.89,117.09,Increasing
16-06-2024 15:00,NODE_03,Sensor_Node_3_Residential_Border,31.53,39.89,1.444,458,10.68,13.08,21.47,34.2,65.3,4.9,92,Moderate,W,999.64,4.75,Medium,Low,Active,36.6,0.98,83.85,Decreasing
16-06-2024 16:00,NODE_03,Sensor_Node_3_Residential_Border,49.17,53.13,1.493,451.4,34.41,6.64,21.16,36.6,68.9,2,135,Unhealthy for Sensitive Groups,E,1002.54,4.85,Medium,Peak,Active,27.9,0.94,146.47,Stable
16-06-2024 17:00,NODE_03,Sensor_Node_3_Residential_Border,31.3,64.93,1.221,475.6,31.51,9.56,17.23,35.8,62.3,0.7,91,Moderate,SW,1010.91,7.47,High,High,Active,63.5,0.73,82.24,Increasing
16-06-2024 18:00,NODE_03,Sensor_Node_3_Residential_Border,31.93,59.25,1.144,474.4,40.77,20.85,8.64,35.7,68.2,3.8,93,Moderate,N,1027.8,2.4,Low,Normal,Active,45.7,1,101.22,Stable
16-06-2024 19:00,NODE_03,Sensor_Node_3_Residential_Border,33.43,24.24,1.397,417.5,22.16,9.98,10.53,33.7,76.2,3.9,96,Moderate,NW,1006.76,8.82,Low,Peak,Maintenance,71.1,0.77,89.14,Stable
16-06-2024 20:00,NODE_03,Sensor_Node_3_Residential_Border,32.19,62.4,1.485,459.4,27,17.33,21.08,32.8,73.2,0.6,93,Moderate,SE,1014.78,9.55,High,Low,Active,45.2,0.83,99.39,Increasing
16-06-2024 21:00,NODE_03,Sensor_Node_3_Residential_Border,8.19,43.72,2.367,476,19.16,11.38,17.86,32.9,78.9,2.1,40,Good,SE,1015.43,6.98,High,Low,Active,56.2,0.95,40.09,Decreasing
16-06-2024 22:00,NODE_03,Sensor_Node_3_Residential_Border,37.63,71.49,3.155,448.5,23.65,8.28,16.16,32.6,72.2,3.9,106,Unhealthy for Sensitive Groups,SE,1008.54,2,High,High,Active,70.3,0.77,96.35,Stable
16-06-2024 23:00,NODE_03,Sensor_Node_3_Residential_Border,28.86,64.82,1.733,454.1,15.68,1,17.82,30.4,83.9,2.9,86,Moderate,NW,1009.73,3.43,Medium,Low,Active,35.1,0.99,91.64,Stable
17-06-2024 00:00,NODE_03,Sensor_Node_3_Residential_Border,48.6,70.74,2.408,442,26.91,10.63,18.05,29,83.1,1.8,133,Unhealthy for Sensitive Groups,SE,1010.88,4.35,High,Peak,Active,61.5,0.89,120.21,Decreasing
17-06-2024 01:00,NODE_03,Sensor_Node_3_Residential_Border,49.75,65.79,1.868,429.1,27.8,13.93,21.96,29.7,74.6,4,136,Unhealthy for Sensitive Groups,E,1013.18,8.61,Low,High,Active,22.8,0.98,124.56,Increasing
17-06-2024 02:00,NODE_03,Sensor_Node_3_Residential_Border,40.98,60.5,2.971,423.8,26.33,9.01,20.81,29.5,77.8,3.2,114,Unhealthy for Sensitive Groups,E,1014.17,4.3,Medium,Peak,Active,35.6,0.75,123.76,Increasing
17-06-2024 03:00,NODE_03,Sensor_Node_3_Residential_Border,20.69,31.29,1.175,387.4,13,1,21.75,31,82,3,69,Moderate,W,1001.27,6.8,Medium,Normal,Active,52.7,0.89,64.37,Decreasing
17-06-2024 04:00,NODE_03,Sensor_Node_3_Residential_Border,17.33,34.54,2.078,456.5,14.64,7.64,24.82,33.1,75.2,3.6,62,Moderate,N,1018.74,9.12,Low,High,Active,72,0.73,67.36,Stable
17-06-2024 05:00,NODE_03,Sensor_Node_3_Residential_Border,19.92,47.57,1.244,430.6,2,6.93,24.56,31.4,73.2,0.6,67,Moderate,NW,1025.39,7.23,Medium,Normal,Active,64.6,0.77,60.62,Stable
17-06-2024 06:00,NODE_03,Sensor_Node_3_Residential_Border,65.5,114.08,4.212,465.2,48.68,20.19,17.22,34.8,79.7,3.8,156,Unhealthy,E,1010.44,2.37,High,Normal,Active,33.9,0.94,162.34,Stable
17-06-2024 07:00,NODE_03,Sensor_Node_3_Residential_Border,70.23,116.14,3.477,476.3,61.31,25.95,22.39,32.3,58.7,4.5,159,Unhealthy,SW,1014.52,7.13,High,Normal,Active,87,0.99,148.79,Increasing
17-06-2024 08:00,NODE_03,Sensor_Node_3_Residential_Border,63,111.2,3.1,458.1,44.18,18.17,12.32,34.4,54.6,0.9,155,Unhealthy,NW,1014.19,4.23,High,Peak,Maintenance,83.9,0.74,161.77,Stable
17-06-2024 09:00,NODE_03,Sensor_Node_3_Residential_Border,77.29,111.99,4.007,471,45.25,25.57,13.03,36.5,78.1,3.2,162,Unhealthy,SE,1009.01,3.41,Medium,Normal,Active,48,0.86,171.78,Increasing
17-06-2024 10:00,NODE_03,Sensor_Node_3_Residential_Border,60.65,108.05,3.45,464.7,54.14,14.08,10.83,37.6,66.2,2.5,154,Unhealthy,N,1017.12,8.96,High,Low,Active,29.8,0.71,162.98,Increasing
17-06-2024 11:00,NODE_03,Sensor_Node_3_Residential_Border,62.41,107.22,3.175,454,49.04,23.49,20.57,36.3,64.1,1.6,155,Unhealthy,NE,1016.02,1.04,High,Normal,Active,42,0.85,167.56,Increasing
17-06-2024 12:00,NODE_03,Sensor_Node_3_Residential_Border,63.86,97.61,4.077,463.3,50.63,21.92,12.97,39.1,63.3,6.3,155,Unhealthy,SW,1020.74,7.25,High,Normal,Active,85.9,0.79,156.98,Increasing
17-06-2024 13:00,NODE_03,Sensor_Node_3_Residential_Border,67.35,129.06,3.479,468.8,50.11,20.43,18.44,36.1,74.6,2.5,157,Unhealthy,S,1013.12,6.95,Medium,Low,Active,84.5,0.9,168.42,Increasing
17-06-2024 14:00,NODE_03,Sensor_Node_3_Residential_Border,65.22,88.91,3.513,510.6,54.6,24.34,13.52,37.3,66.4,5.7,156,Unhealthy,N,1030.04,6.93,Low,Normal,Active,97.1,0.77,151.21,Increasing
17-06-2024 15:00,NODE_03,Sensor_Node_3_Residential_Border,41.59,115.92,3.192,455.8,39.39,18.75,22.25,38.4,55,2.1,116,Unhealthy for Sensitive Groups,W,1012.43,5.08,Medium,Low,Active,31.7,0.93,108.09,Increasing
17-06-2024 16:00,NODE_03,Sensor_Node_3_Residential_Border,44.93,88.26,3.323,434.5,36.16,18.43,20.81,36.7,74.6,1.8,124,Unhealthy for Sensitive Groups,S,1010.71,9.16,Medium,High,Active,37.8,0.96,115.15,Stable
17-06-2024 17:00,NODE_03,Sensor_Node_3_Residential_Border,61.95,80.09,2.783,433.7,50.04,17.01,22.12,39.1,83.8,2.4,154,Unhealthy,SE,1012.18,4.56,High,Normal,Active,57.6,0.85,165.85,Decreasing
17-06-2024 18:00,NODE_03,Sensor_Node_3_Residential_Border,59.21,91.13,2.602,441.8,46.28,20.23,24.5,33.6,69.4,2.5,153,Unhealthy,NE,1011.47,1.05,Medium,Normal,Active,34.3,0.98,152.43,Decreasing
17-06-2024 19:00,NODE_03,Sensor_Node_3_Residential_Border,44.09,82.07,2.503,449,53.59,14.53,9.15,33.2,77.4,4,122,Unhealthy for Sensitive Groups,W,1012.75,5.37,Medium,Normal,Active,59.8,0.97,125.82,Stable
17-06-2024 20:00,NODE_03,Sensor_Node_3_Residential_Border,67.24,87.94,3.444,474.8,43.2,20.91,21.06,30.6,61.6,1.9,157,Unhealthy,S,1012.39,7.42,Low,Normal,Active,82.6,0.89,143.26,Stable
17-06-2024 21:00,NODE_03,Sensor_Node_3_Residential_Border,54.29,88.19,3.005,463.6,48.12,14.05,8.08,30.6,81.1,2.4,147,Unhealthy for Sensitive Groups,SW,1010.62,6.93,Medium,Low,Active,40.3,0.9,134.2,Decreasing
17-06-2024 22:00,NODE_03,Sensor_Node_3_Residential_Border,57.48,75.8,3.075,406.9,38.03,18.56,16.1,28.4,77.7,5.3,152,Unhealthy,N,1005.71,5.53,Low,Low,Active,25.9,0.78,147.27,Increasing
17-06-2024 23:00,NODE_03,Sensor_Node_3_Residential_Border,54.11,56.77,1.947,443.1,41.89,7.63,16.95,31.1,70.4,3.7,147,Unhealthy for Sensitive Groups,E,1013.02,8.75,Low,High,Active,48.9,0.91,155.29,Increasing
18-06-2024 00:00,NODE_03,Sensor_Node_3_Residential_Border,215.97,309.1,7.961,436.8,30.27,23.97,28.39,30.2,77.1,1.5,266,Very Unhealthy,NW,1009.11,8.66,High,High,Active,35.2,0.71,272.5,Decreasing
18-06-2024 01:00,NODE_03,Sensor_Node_3_Residential_Border,40.03,70.93,1.755,417.8,30.03,11.88,10.98,32.6,78.4,2.6,112,Unhealthy for Sensitive Groups,SW,1010.3,8.33,High,High,Active,92.1,0.97,107.07,Stable
18-06-2024 02:00,NODE_03,Sensor_Node_3_Residential_Border,51.27,61.61,2.934,451.3,33.41,14.78,18.67,29.6,75,1.4,140,Unhealthy for Sensitive Groups,S,1004.52,5.03,High,High,Active,52.7,0.96,151.27,Increasing
18-06-2024 03:00,NODE_03,Sensor_Node_3_Residential_Border,5,10,1.189,428.6,14.32,8.19,23.81,29.8,78.1,2.9,21,Good,E,1012.77,6.71,High,Normal,Active,58.2,0.72,20.68,Decreasing
18-06-2024 04:00,NODE_03,Sensor_Node_3_Residential_Border,22.62,43.16,0.695,388.2,2,7.95,23.23,35,66.5,3,73,Moderate,NW,1014.69,8.27,Medium,High,Active,60,0.91,71.62,Decreasing
18-06-2024 05:00,NODE_03,Sensor_Node_3_Residential_Border,19.24,10,2.346,457,11.01,8.68,29.15,33.9,65.3,4.3,66,Moderate,S,1007.81,1.63,Low,Peak,Active,42.8,0.96,61.77,Increasing
18-06-2024 06:00,NODE_03,Sensor_Node_3_Residential_Border,70.04,119.56,3.572,452.7,39.39,24.63,14.9,32,77.9,2.1,159,Unhealthy,NW,1012.99,1.85,Medium,Normal,Active,97,0.87,165.79,Decreasing
18-06-2024 07:00,NODE_03,Sensor_Node_3_Residential_Border,61.3,111.3,4.069,453.2,57.47,23.54,13.43,34.8,67.9,4.3,154,Unhealthy,SE,1009.98,5.2,Medium,Peak,Active,73.9,0.94,145.22,Decreasing
18-06-2024 08:00,NODE_03,Sensor_Node_3_Residential_Border,62.54,116.65,3.491,478.6,52.33,26.92,11.85,37,76.6,5.4,155,Unhealthy,E,1011.01,1.26,Low,Peak,Active,85.2,0.92,158.08,Decreasing
18-06-2024 09:00,NODE_03,Sensor_Node_3_Residential_Border,62.5,110.69,3.929,481.1,49.6,21.11,17.33,36.2,65.7,2.8,155,Unhealthy,NE,1007.95,4.98,Low,Low,Active,40.5,0.87,168,Stable
18-06-2024 10:00,NODE_03,Sensor_Node_3_Residential_Border,69.58,110.23,3.453,467.3,53.18,22.11,27.15,36.5,65.9,3.7,158,Unhealthy,SW,1008.04,2.99,Low,Peak,Active,50.5,0.75,172.72,Increasing
18-06-2024 11:00,NODE_03,Sensor_Node_3_Residential_Border,278.27,439.42,12.699,469.3,57.53,40.1,23.86,38.2,70.2,0.5,323,Hazardous,N,1004.29,7.26,Medium,Normal,Maintenance,55.5,0.84,305.41,Increasing
18-06-2024 12:00,NODE_03,Sensor_Node_3_Residential_Border,68.74,105.44,4.055,433.7,46.63,18.84,25.52,36.9,63.1,1.7,158,Unhealthy,NE,1013.32,6.05,Medium,Normal,Active,59.4,0.73,172.68,Stable
18-06-2024 13:00,NODE_03,Sensor_Node_3_Residential_Border,59.91,107.63,4.909,471.8,55.15,23.23,11.8,37,59.5,3,153,Unhealthy,S,1003.3,7.1,Low,Low,Maintenance,52.5,0.75,165.79,Stable
18-06-2024 14:00,NODE_03,Sensor_Node_3_Residential_Border,66.81,112.21,4.028,466,59.07,19.6,20.9,38.6,51.4,3.1,157,Unhealthy,S,1011.8,4.46,High,Normal,Active,32.5,0.95,148.95,Decreasing
18-06-2024 15:00,NODE_03,Sensor_Node_3_Residential_Border,40.73,75.98,3.594,438.5,41.56,13.22,21.26,36.3,65,1.8,114,Unhealthy for Sensitive Groups,NE,1016.92,3.49,Medium,High,Active,39.2,0.93,103.98,Stable
18-06-2024 16:00,NODE_03,Sensor_Node_3_Residential_Border,55.69,81.67,4.269,486.8,38.44,15.63,17.43,38.2,81.6,2.6,151,Unhealthy,S,1007.34,3.45,Medium,Peak,Active,35.7,0.92,164.36,Decreasing
18-06-2024 17:00,NODE_03,Sensor_Node_3_Residential_Border,37.06,79.68,3.631,459.7,49.9,21.09,20.06,37.5,69.5,3.5,105,Unhealthy for Sensitive Groups,SE,1019.78,4.71,Low,Normal,Active,59.5,0.93,110.02,Decreasing
18-06-2024 18:00,NODE_03,Sensor_Node_3_Residential_Border,50.9,93.63,2.791,460,42.56,12.83,12.95,32.7,71.2,3.2,139,Unhealthy for Sensitive Groups,N,1008.82,4.36,Low,Normal,Active,88.2,0.74,136.01,Stable
18-06-2024 19:00,NODE_03,Sensor_Node_3_Residential_Border,56.27,93.71,2.846,415.4,42.13,16.6,16.61,32,69.8,5.2,151,Unhealthy,SW,1010.28,7.71,Low,Low,Active,90.4,0.94,136.03,Increasing
18-06-2024 20:00,NODE_03,Sensor_Node_3_Residential_Border,52.59,102.22,3.715,456.5,48.88,13.47,19.85,31.4,77.9,2.9,143,Unhealthy for Sensitive Groups,SE,1011.48,2.73,High,Normal,Active,26,0.85,146.11,Stable
18-06-2024 21:00,NODE_03,Sensor_Node_3_Residential_Border,35.55,97.28,2.679,488.2,42.73,15.76,7.91,30.6,62.3,1,101,Unhealthy for Sensitive Groups,E,1014,4.17,Low,Normal,Active,67.3,0.91,106.3,Increasing
18-06-2024 22:00,NODE_03,Sensor_Node_3_Residential_Border,53.82,99.47,3.426,442.8,35.89,16.91,15.66,28,73.5,2,146,Unhealthy for Sensitive Groups,N,1013.8,1.19,Low,Peak,Active,86.5,0.89,135.21,Decreasing
18-06-2024 23:00,NODE_03,Sensor_Node_3_Residential_Border,42.79,61.12,3.475,449.7,31.81,10.67,23.17,30.3,67.3,0.4,119,Unhealthy for Sensitive Groups,N,1017.63,6.59,Medium,Peak,Active,46.1,0.81,124.61,Decreasing
19-06-2024 00:00,NODE_03,Sensor_Node_3_Residential_Border,51.57,66.86,2.572,436,33.37,15.62,13.48,30.8,77.4,2.5,141,Unhealthy for Sensitive Groups,S,1009.2,9.55,Low,High,Active,58,0.71,149.17,Stable
19-06-2024 01:00,NODE_03,Sensor_Node_3_Residential_Border,31.38,71.67,1.684,427.6,37.65,11.56,28.01,29.5,75.1,2,92,Moderate,SW,1023.69,8,Low,High,Maintenance,91,0.82,99.52,Stable
19-06-2024 02:00,NODE_03,Sensor_Node_3_Residential_Border,44.55,69.61,2.15,459.8,34.09,11.84,28.42,28.2,79.6,4.9,123,Unhealthy for Sensitive Groups,NW,1010.15,9.59,High,Normal,Active,93.3,0.84,121.09,Stable
19-06-2024 03:00,NODE_03,Sensor_Node_3_Residential_Border,15.52,35.54,1.012,433.2,2,6.3,30.21,30.3,82.2,1.2,58,Moderate,E,999.84,6.15,High,Peak,Active,61.9,0.76,53.33,Decreasing
19-06-2024 04:00,NODE_03,Sensor_Node_3_Residential_Border,11.94,14.21,0.996,417.3,8.77,2.66,26.64,30.1,78.6,1.5,50,Good,SW,1013.38,1.02,High,High,Active,37.3,0.82,53.32,Decreasing
19-06-2024 05:00,NODE_03,Sensor_Node_3_Residential_Border,20.52,31.84,1.612,406.8,13.87,1,23.63,32.9,69.8,3.5,69,Moderate,NE,1012.89,2.02,High,High,Active,86.6,0.78,70.47,Increasing
19-06-2024 06:00,NODE_03,Sensor_Node_3_Residential_Border,57.92,121.23,4.711,446,41.04,15.54,13.62,35.3,77.7,1.4,152,Unhealthy,SW,1031.76,3.54,Low,Normal,Active,78.1,0.91,147.88,Stable
19-06-2024 07:00,NODE_03,Sensor_Node_3_Residential_Border,69.37,116.81,4.478,460.2,54.31,29.54,22.17,33.4,67,2.7,500,Hazardous,E,1008.99,1.88,Medium,Normal,Active,84.3,0.87,495,Stable
19-06-2024 08:00,NODE_03,Sensor_Node_3_Residential_Border,78.79,107.96,3.741,452.5,45.17,20.82,16.92,35.4,73.2,2.8,163,Unhealthy,NE,1017.62,4.73,High,Low,Maintenance,63,0.83,154.59,Decreasing
19-06-2024 09:00,NODE_03,Sensor_Node_3_Residential_Border,273.85,468.24,15.991,485.1,57.35,63.87,18.2,37.5,73.3,6.2,349,Hazardous,SW,1014.53,5.2,Medium,Low,Active,99.9,0.8,367.49,Decreasing
19-06-2024 10:00,NODE_03,Sensor_Node_3_Residential_Border,62.88,107.34,3.649,490.9,39.28,19.61,14.37,37.1,68.6,3.9,155,Unhealthy,SW,1004.71,2.89,Medium,Peak,Active,22.4,0.78,149.02,Increasing
19-06-2024 11:00,NODE_03,Sensor_Node_3_Residential_Border,55.21,123.44,3.736,455.7,48.12,21.84,19.33,37.7,68.4,4.2,150,Unhealthy for Sensitive Groups,E,1009.82,5.29,High,Normal,Active,53,0.84,153.83,Stable
19-06-2024 12:00,NODE_03,Sensor_Node_3_Residential_Border,64.01,117.75,2.957,477.8,54.18,23.72,11.06,36.9,60.8,1.7,155,Unhealthy,W,1005.9,3.99,Low,Low,Active,91,0.92,167.37,Increasing
19-06-2024 13:00,NODE_03,Sensor_Node_3_Residential_Border,68.64,132.42,4.491,471.5,53,14.88,13.35,36,60.7,0.7,500,Hazardous,E,1016.9,9.81,Medium,Low,Active,50.8,0.97,506.23,Stable
19-06-2024 14:00,NODE_03,Sensor_Node_3_Residential_Border,70.12,124.58,4.239,473.4,54.06,15.24,9.55,37.2,70.4,1.2,159,Unhealthy,W,996.15,9.85,High,Low,Active,55.4,0.71,144.7,Decreasing
19-06-2024 15:00,NODE_03,Sensor_Node_3_Residential_Border,49.22,72.15,2.726,441.4,28.25,26.18,24.56,33.9,56.2,2,135,Unhealthy for Sensitive Groups,NE,1006,8.33,High,Normal,Active,58.6,0.81,133.68,Stable
19-06-2024 16:00,NODE_03,Sensor_Node_3_Residential_Border,71.86,79.97,3.253,449.1,32.15,21.47,21.67,35.9,83.3,3.8,159,Unhealthy,W,1007.89,6.18,Low,Normal,Fault,83.4,0.79,153.31,Decreasing
19-06-2024 17:00,NODE_03,Sensor_Node_3_Residential_Border,54.68,96.85,3.886,457.5,19.22,11.04,23.81,34.2,72,3.2,148,Unhealthy for Sensitive Groups,SE,1003.73,8.92,Medium,Peak,Active,96.2,1,161.93,Increasing
19-06-2024 18:00,NODE_03,Sensor_Node_3_Residential_Border,45.92,91.04,3.125,450.9,30.63,15.86,17.94,31.8,66.5,3,127,Unhealthy for Sensitive Groups,NW,1011.3,8.53,High,Low,Maintenance,83.4,0.73,119.64,Increasing
19-06-2024 19:00,NODE_03,Sensor_Node_3_Residential_Border,47.07,94.52,2.8,433.6,43.17,19.46,18.89,33,77.1,1.1,129,Unhealthy for Sensitive Groups,S,1008.99,9.16,Medium,Normal,Active,52.3,0.73,118.95,Stable
19-06-2024 20:00,NODE_03,Sensor_Node_3_Residential_Border,52.24,85.71,3.037,474.1,31.91,17.99,12.14,30.6,84.4,1.9,142,Unhealthy for Sensitive Groups,SW,1019.83,1.39,Low,Low,Active,48.9,0.97,131.41,Stable
19-06-2024 21:00,NODE_03,Sensor_Node_3_Residential_Border,56.46,87.9,2.036,458.9,31.59,19.51,19.21,29.3,78.5,2.8,151,Unhealthy,S,1004.98,7.49,Low,Peak,Active,89.4,0.96,145.25,Stable
19-06-2024 22:00,NODE_03,Sensor_Node_3_Residential_Border,59.84,61.76,3.306,448,38.44,19.66,17.18,28.1,86.4,3.2,153,Unhealthy,W,1014.56,2.73,High,Normal,Active,29.3,1,141.87,Increasing
19-06-2024 23:00,NODE_03,Sensor_Node_3_Residential_Border,28,70.32,2.518,449.8,38.28,14.92,14.87,26.2,78.7,2.4,84,Moderate,S,1009.08,8.71,Low,Peak,Active,93,0.97,81.67,Increasing
20-06-2024 00:00,NODE_03,Sensor_Node_3_Residential_Border,31.2,73.37,2.545,467.6,41.73,13.9,16.17,28.7,74.7,4.7,91,Moderate,NE,1006.36,6.8,Low,Normal,Active,94.7,0.96,85.73,Decreasing
20-06-2024 01:00,NODE_03,Sensor_Node_3_Residential_Border,47.85,47.05,2.448,433.9,33.89,11.93,24.79,29.5,77.6,6.8,131,Unhealthy for Sensitive Groups,SW,1013.16,3.76,Low,High,Active,63.9,0.99,120.62,Stable
20-06-2024 02:00,NODE_03,Sensor_Node_3_Residential_Border,46.06,66.97,2.333,461.1,29.7,6.62,17.94,27.7,75.7,4.7,127,Unhealthy for Sensitive Groups,NW,1011.22,2.42,Low,Low,Active,70,0.93,130.98,Increasing
20-06-2024 03:00,NODE_03,Sensor_Node_3_Residential_Border,20.27,30.24,1.657,451.6,14.4,1,28.36,30,81.5,5.3,68,Moderate,SW,1021.82,6.39,Medium,High,Active,20.1,0.73,66.75,Increasing
20-06-2024 04:00,NODE_03,Sensor_Node_3_Residential_Border,20.51,61.96,1.221,405.5,20.1,3.68,31.73,34.3,78.7,4.3,69,Moderate,S,1004.52,1.25,High,Peak,Active,99.2,0.8,72.69,Increasing
20-06-2024 05:00,NODE_03,Sensor_Node_3_Residential_Border,6.28,56.49,0.991,423.6,4.34,1,26.16,34,64.6,4,52,Moderate,SW,1014.73,8.12,High,Peak,Active,78.2,0.87,56.64,Stable
20-06-2024 06:00,NODE_03,Sensor_Node_3_Residential_Border,71.04,137.14,4.018,475.6,52.82,27.04,18.69,33.2,74.5,5,159,Unhealthy,SW,1016.72,3.89,Low,Peak,Active,62.1,0.74,157.97,Decreasing
20-06-2024 07:00,NODE_03,Sensor_Node_3_Residential_Border,69.47,115.28,4.193,478.2,45.32,17.68,12.42,34.9,80,6.9,158,Unhealthy,N,1018.33,7.96,Low,Normal,Active,21,0.71,163.19,Increasing
20-06-2024 08:00,NODE_03,Sensor_Node_3_Residential_Border,72.98,108.98,3.633,487.9,54.38,19.34,13.94,36.1,71,7.5,160,Unhealthy,E,1020.42,1.76,Low,High,Active,32.5,0.85,162.38,Stable
20-06-2024 09:00,NODE_03,Sensor_Node_3_Residential_Border,75.95,121.45,3.348,454.8,52.57,22.17,11.78,38.4,54.3,1.8,162,Unhealthy,NE,1009.96,9.97,Medium,Low,Active,44.2,0.93,162.06,Stable
20-06-2024 10:00,NODE_03,Sensor_Node_3_Residential_Border,73.05,110.29,4.214,462,59.68,14.14,20.4,36.6,69.1,3.5,160,Unhealthy,W,1007.4,7.42,High,Normal,Active,63,0.81,173.74,Stable
20-06-2024 11:00,NODE_03,Sensor_Node_3_Residential_Border,69.34,119.51,3.898,475.9,51.28,24.94,13.64,39.1,69.6,3.9,158,Unhealthy,W,1016.75,8.19,Low,Normal,Active,93.3,0.71,161.6,Decreasing
20-06-2024 12:00,NODE_03,Sensor_Node_3_Residential_Border,69.61,116.73,4.127,467.1,58.81,21.51,20.1,36.4,55.2,2,158,Unhealthy,NE,1008.59,8.87,Medium,High,Active,57.8,0.89,152.12,Stable
20-06-2024 13:00,NODE_03,Sensor_Node_3_Residential_Border,69.22,81.22,4.69,470.9,59.74,16.03,16.49,38.5,67,5.3,158,Unhealthy,N,1001.88,5.13,High,Normal,Active,28.8,1,162.51,Decreasing
20-06-2024 14:00,NODE_03,Sensor_Node_3_Residential_Border,67.87,94.54,3.999,453.8,46.08,21.67,14.24,37,73.5,2.3,157,Unhealthy,E,1022.77,3.83,High,High,Fault,32.3,0.71,151.54,Decreasing
20-06-2024 15:00,NODE_03,Sensor_Node_3_Residential_Border,51.55,75.64,3.153,471.2,42.52,17.43,21.41,36,68,4.2,141,Unhealthy for Sensitive Groups,NW,1008.9,6.07,High,High,Active,70.9,0.74,142.19,Decreasing
20-06-2024 16:00,NODE_03,Sensor_Node_3_Residential_Border,63.99,87.08,3.376,469.6,35.02,20.03,15.37,36.6,65.3,4.6,155,Unhealthy,S,1020.31,2.16,Low,Peak,Active,32.1,0.82,165.94,Stable
20-06-2024 17:00,NODE_03,Sensor_Node_3_Residential_Border,55.05,95.01,2.807,437.2,40.89,21.69,21.32,35.7,67.4,1.1,149,Unhealthy for Sensitive Groups,NE,1009.07,8.78,High,Low,Active,29.8,0.86,149.81,Stable
20-06-2024 18:00,NODE_03,Sensor_Node_3_Residential_Border,49.41,96.2,2.164,489.3,30.98,24.83,14.21,32.7,69.6,2,135,Unhealthy for Sensitive Groups,NE,1017.72,1.46,High,Low,Active,31.5,1,141.86,Stable
20-06-2024 19:00,NODE_03,Sensor_Node_3_Residential_Border,49.28,92.48,2.623,473.3,50.21,9.5,27.68,34.1,75.1,3.5,135,Unhealthy for Sensitive Groups,NE,1009.52,1.19,High,Low,Active,79.8,0.91,142.53,Increasing
20-06-2024 20:00,NODE_03,Sensor_Node_3_Residential_Border,59.98,127.74,4.168,430.7,38.87,17.59,25.12,31.9,70.5,4.3,153,Unhealthy,NE,1019.53,6.47,Low,Normal,Active,61.6,0.98,154.14,Increasing
20-06-2024 21:00,NODE_03,Sensor_Node_3_Residential_Border,53.23,85.81,3.565,501.2,46.69,21.08,24.58,31.9,73.9,4.8,145,Unhealthy for Sensitive Groups,NE,1017.89,5.88,Low,Normal,Maintenance,97.1,0.76,157.73,Stable
20-06-2024 22:00,NODE_03,Sensor_Node_3_Residential_Border,55.11,77.45,3.727,444.3,32.43,13.77,19.93,32,78.7,4.1,149,Unhealthy for Sensitive Groups,NW,1027.39,9.93,Low,High,Active,96.3,0.83,160.65,Decreasing
20-06-2024 23:00,NODE_03,Sensor_Node_3_Residential_Border,35.15,67.1,2.475,444.9,32.34,14.52,32.93,30.7,75.5,0.7,99,Moderate,NE,1014.91,8.51,Low,Normal,Active,66.9,0.72,106.14,Stable
21-06-2024 00:00,NODE_03,Sensor_Node_3_Residential_Border,41,55.11,1.825,469.9,32.37,17.44,12.68,28.5,79.8,2.4,115,Unhealthy for Sensitive Groups,N,1002.21,5.83,High,High,Active,86.1,0.75,105.71,Increasing
21-06-2024 01:00,NODE_03,Sensor_Node_3_Residential_Border,33.01,63.9,2.511,478.3,22.87,8.96,13.55,31,78.5,2,95,Moderate,NE,1000.1,9,Low,Normal,Active,62.4,0.9,98.88,Decreasing
21-06-2024 02:00,NODE_03,Sensor_Node_3_Residential_Border,38.61,67.46,1.784,450.6,20.61,13.16,19.91,31.1,84.5,2.1,109,Unhealthy for Sensitive Groups,SE,1016.32,1.46,Low,High,Active,82.7,1,107.93,Decreasing
21-06-2024 03:00,NODE_03,Sensor_Node_3_Residential_Border,13.53,56.1,0.2,427,2,2.1,33.68,32.9,82.2,4.1,54,Moderate,E,1013.98,5.85,High,Normal,Active,59.2,0.8,54.51,Stable
21-06-2024 04:00,NODE_03,Sensor_Node_3_Residential_Border,18.56,38.16,2.283,448.1,12.14,7.44,32.02,32.9,79.7,2.8,65,Moderate,E,1009.67,4.62,High,Normal,Fault,90.2,0.7,65.95,Increasing
21-06-2024 05:00,NODE_03,Sensor_Node_3_Residential_Border,26.8,38.33,1.19,421.6,8.07,12.01,19.89,30.9,70.2,0.6,82,Moderate,SW,1021.69,1.4,Low,Peak,Active,55.3,0.9,77.54,Increasing
21-06-2024 06:00,NODE_03,Sensor_Node_3_Residential_Border,51.74,102.16,3.314,470.5,60.52,19.24,20.33,35.1,58.7,4.7,141,Unhealthy for Sensitive Groups,NW,1001.42,2.27,Low,Low,Active,42.4,0.85,145.95,Decreasing
21-06-2024 07:00,NODE_03,Sensor_Node_3_Residential_Border,61.58,121.98,4.005,452.9,45.97,15.59,16.33,34.5,73.6,2.1,154,Unhealthy,S,1010.2,1.15,High,Peak,Active,76.8,0.98,142.82,Stable
21-06-2024 08:00,NODE_03,Sensor_Node_3_Residential_Border,68.26,110.98,3.283,454.6,34.52,20.02,13.03,34.4,73.9,4.6,158,Unhealthy,SW,1010.31,5.71,Medium,Peak,Active,90.3,0.91,162.97,Stable
21-06-2024 09:00,NODE_03,Sensor_Node_3_Residential_Border,70.21,113.97,3.834,483.9,55.07,25.71,15.78,35.3,69.2,1,159,Unhealthy,NE,1009.05,1.39,Low,High,Active,75.8,0.89,148.3,Decreasing
21-06-2024 10:00,NODE_03,Sensor_Node_3_Residential_Border,61.37,123.15,3.984,469.9,47.66,25.6,20.62,36.6,59.4,2.2,154,Unhealthy,SW,1012.64,4.97,High,Low,Active,37.4,0.79,159.9,Increasing
21-06-2024 11:00,NODE_03,Sensor_Node_3_Residential_Border,67.44,120.59,3.43,450.7,56.92,24.2,15.24,39,70.3,3,157,Unhealthy,NE,1015.67,6.66,Low,Normal,Active,49.6,0.94,168.15,Stable
21-06-2024 12:00,NODE_03,Sensor_Node_3_Residential_Border,77.3,120.63,2.532,449.7,57.37,19.37,21.61,41.1,64.6,3.9,162,Unhealthy,N,1014.69,9.6,Low,High,Active,36.4,0.77,167.52,Stable
21-06-2024 13:00,NODE_03,Sensor_Node_3_Residential_Border,61.06,105.56,3.639,449,47.37,18.77,6.09,36.6,70.7,2.8,154,Unhealthy,SE,1016.87,1.48,Low,Peak,Active,43,0.99,154.05,Decreasing
21-06-2024 14:00,NODE_03,Sensor_Node_3_Residential_Border,66.27,118,4.821,450.8,41.57,21.39,17.97,37.4,58.6,6,157,Unhealthy,NW,1011.7,5.11,Low,Peak,Active,76.2,0.98,162.5,Decreasing
21-06-2024 15:00,NODE_03,Sensor_Node_3_Residential_Border,59.88,112.94,2.34,427.3,44.28,9.14,16.4,36,69.9,4.1,153,Unhealthy,W,1005.81,8.6,Medium,Low,Active,42.5,0.89,146.06,Increasing
21-06-2024 16:00,NODE_03,Sensor_Node_3_Residential_Border,44.26,73.81,3.082,460.1,42.39,23.2,24.8,36.7,73.9,3.4,123,Unhealthy for Sensitive Groups,E,1015.49,9.91,Medium,Low,Maintenance,28.2,0.71,111.04,Increasing
21-06-2024 17:00,NODE_03,Sensor_Node_3_Residential_Border,54.9,83.47,2.696,478.9,39.04,24.95,12.88,36.9,67.9,1.7,149,Unhealthy for Sensitive Groups,W,1017.07,1.71,Low,Low,Active,31.9,0.85,153.54,Stable
21-06-2024 18:00,NODE_03,Sensor_Node_3_Residential_Border,38.09,111.92,2.853,475.9,35.72,21.23,16.26,32.2,75.9,2.5,107,Unhealthy for Sensitive Groups,W,1009.69,1.78,Medium,Peak,Active,86.5,0.91,101.34,Decreasing
21-06-2024 19:00,NODE_03,Sensor_Node_3_Residential_Border,60.36,66.72,2.538,445.6,38.51,21.8,17.81,29.8,58,1.9,154,Unhealthy,E,1003.87,9.48,High,Normal,Active,35.1,0.94,146.9,Stable
21-06-2024 20:00,NODE_03,Sensor_Node_3_Residential_Border,55.65,70.87,2.381,466.4,49.66,9.43,14.56,33.7,80.6,3,151,Unhealthy,W,1015.78,9.86,Medium,Low,Active,94.2,0.72,153.63,Increasing
21-06-2024 21:00,NODE_03,Sensor_Node_3_Residential_Border,45.39,100.44,2.72,463.5,32.16,15.09,16.92,31.4,90.7,2.9,125,Unhealthy for Sensitive Groups,S,1013.9,2.73,Medium,Peak,Active,52.8,0.77,131.94,Decreasing
21-06-2024 22:00,NODE_03,Sensor_Node_3_Residential_Border,64.64,75.67,3.272,445.9,37.16,27.92,16.47,29.6,71.2,6.1,156,Unhealthy,NE,1012.06,1.65,Low,Low,Active,45.5,0.89,148.07,Stable
21-06-2024 23:00,NODE_03,Sensor_Node_3_Residential_Border,33.45,48.5,2.415,451.1,32.6,12.91,17.96,29.2,78.7,0.8,96,Moderate,N,1017.14,3.21,Medium,High,Active,88.5,0.76,96.06,Stable
22-06-2024 00:00,NODE_03,Sensor_Node_3_Residential_Border,23.45,66.01,2.483,443.4,14.52,8.25,26.48,29.9,80.1,0.8,75,Moderate,S,1022.81,5.03,High,Low,Active,73.1,0.95,75.73,Decreasing
22-06-2024 01:00,NODE_03,Sensor_Node_3_Residential_Border,20.48,28.13,1.878,450.9,24.25,1.58,29.96,30.5,67,2.4,69,Moderate,S,1006.03,7.58,Medium,Peak,Active,47.3,0.74,67.66,Increasing
22-06-2024 02:00,NODE_03,Sensor_Node_3_Residential_Border,25.98,37.77,1.449,446.5,7.97,11.89,21.36,31.2,82.1,1.8,80,Moderate,NW,1031.27,7.29,High,Normal,Active,62.8,0.74,86.81,Increasing
22-06-2024 03:00,NODE_03,Sensor_Node_3_Residential_Border,33.58,28.72,1.531,431.8,10.99,15.74,24.53,31.7,76.6,1.9,96,Moderate,S,1011,7,Low,High,Maintenance,66.9,0.9,94.15,Increasing
22-06-2024 04:00,NODE_03,Sensor_Node_3_Residential_Border,9.31,10,0.609,411.9,6.69,1,25.18,30.7,79.5,4.4,39,Good,NW,1022.66,9.48,High,Low,Active,41.9,0.8,40.69,Stable
22-06-2024 05:00,NODE_03,Sensor_Node_3_Residential_Border,7.7,10,0.421,427,10.52,5.63,20.97,31.8,73.4,5.2,32,Good,N,1010,1.33,High,High,Active,71.5,0.71,31.37,Decreasing
22-06-2024 06:00,NODE_03,Sensor_Node_3_Residential_Border,50.51,50.63,2.981,483.7,38.71,13.15,17.27,34.7,70.9,3.6,138,Unhealthy for Sensitive Groups,N,1010.63,6.44,Medium,High,Active,42.7,0.84,125.18,Decreasing
22-06-2024 07:00,NODE_03,Sensor_Node_3_Residential_Border,50.51,81.02,3.256,503.9,31.42,20.19,17.52,35.5,72.8,2.1,138,Unhealthy for Sensitive Groups,NW,1011.51,2.41,High,Peak,Active,90.9,0.82,128.54,Increasing
22-06-2024 08:00,NODE_03,Sensor_Node_3_Residential_Border,32.19,89.99,1.802,478.1,15.22,13.17,15.95,37,77.7,2.5,93,Moderate,NE,1001.64,8.28,Low,High,Active,21.9,0.97,90.06,Decreasing
22-06-2024 09:00,NODE_03,Sensor_Node_3_Residential_Border,42.3,77.41,2.573,437.7,29.17,11.91,14.96,37.7,63,3.8,118,Unhealthy for Sensitive Groups,N,1014.66,8.72,High,Normal,Active,72.7,0.89,119.52,Decreasing
22-06-2024 10:00,NODE_03,Sensor_Node_3_Residential_Border,26.17,68.25,2.602,496.2,24.37,7.14,17.12,36,66.4,1.4,81,Moderate,S,1007.77,6.65,Medium,Low,Active,26.9,0.75,76.33,Decreasing
22-06-2024 11:00,NODE_03,Sensor_Node_3_Residential_Border,37.07,86.99,2.867,458.1,43.34,14.29,17.65,36.9,61.8,3,105,Unhealthy for Sensitive Groups,W,1015.19,1.87,Medium,Peak,Active,59.9,0.79,105.12,Increasing
22-06-2024 12:00,NODE_03,Sensor_Node_3_Residential_Border,44.72,66.94,2.632,469.3,32.63,20.64,16.67,36.3,69,2.1,124,Unhealthy for Sensitive Groups,W,1014.75,2.34,Medium,Low,Active,33.3,0.86,113.76,Decreasing
22-06-2024 13:00,NODE_03,Sensor_Node_3_Residential_Border,39.96,89.36,1.982,451.4,33.2,12.73,11.1,39.2,63.7,3.2,112,Unhealthy for Sensitive Groups,NE,1015.64,5.35,Low,High,Maintenance,48.3,0.82,115.49,Stable
22-06-2024 14:00,NODE_03,Sensor_Node_3_Residential_Border,49.42,80.68,2.825,480.5,30.89,12.18,12.64,37.5,57,3.6,135,Unhealthy for Sensitive Groups,NW,1005.3,9.31,Medium,High,Active,39.8,0.72,125.52,Decreasing
22-06-2024 15:00,NODE_03,Sensor_Node_3_Residential_Border,25.08,61.45,2.761,465.1,26.4,5.82,17.01,38.3,71.1,2.9,78,Moderate,S,1009.48,2.72,High,Low,Active,21.1,0.73,83.19,Increasing
22-06-2024 16:00,NODE_03,Sensor_Node_3_Residential_Border,13.85,64.67,0.772,449.6,32.46,17.97,13.23,36.6,78.5,3.8,56,Moderate,W,1009.55,9.07,High,Peak,Fault,56.6,0.91,50.59,Increasing
22-06-2024 17:00,NODE_03,Sensor_Node_3_Residential_Border,35.09,73.17,2.03,430.7,23.71,8.31,9.81,37.1,73.9,1.8,99,Moderate,S,1017.5,9.88,Medium,Peak,Active,77.2,0.79,103.08,Decreasing
22-06-2024 18:00,NODE_03,Sensor_Node_3_Residential_Border,30.65,45.3,3.42,445.3,23.95,8.48,9.44,32.2,78.4,4.7,90,Moderate,E,1012.12,1.16,High,Peak,Active,23.5,0.86,94.58,Decreasing
22-06-2024 19:00,NODE_03,Sensor_Node_3_Residential_Border,31.71,65.71,1.65,488.6,32.66,13.14,19.66,30.9,78.5,1,92,Moderate,NW,1006.2,2.24,Low,Low,Active,29.7,0.74,90.34,Decreasing
22-06-2024 20:00,NODE_03,Sensor_Node_3_Residential_Border,26.15,73.03,1.299,451,27.33,10.64,20.48,33.8,78.7,1.8,81,Moderate,NW,1011.98,3.27,Low,Peak,Active,98,0.86,85.26,Increasing
22-06-2024 21:00,NODE_03,Sensor_Node_3_Residential_Border,34.84,58.38,1.809,467.7,25.26,15.39,16.2,30.3,78.8,6.3,99,Moderate,W,1005.34,2.8,Low,Low,Active,50.5,0.8,108.25,Stable
22-06-2024 22:00,NODE_03,Sensor_Node_3_Residential_Border,33.27,59.64,1.849,460.6,34.86,9.2,15.37,31,76.1,0.6,96,Moderate,W,1019.2,7.32,High,Normal,Active,97.8,0.73,86.66,Stable
22-06-2024 23:00,NODE_03,Sensor_Node_3_Residential_Border,37.04,54.26,1.925,464.4,15.06,8.87,24.19,30.1,72.4,9.1,500,Hazardous,W,1006.5,6.08,Medium,High,Active,70.1,0.71,495.59,Stable
23-06-2024 00:00,NODE_03,Sensor_Node_3_Residential_Border,33.17,42.02,1.649,457.9,30.24,9.24,10.72,30.3,79.7,2.7,95,Moderate,N,1010.05,2.57,Low,Normal,Active,91.9,0.93,102.67,Decreasing
23-06-2024 01:00,NODE_03,Sensor_Node_3_Residential_Border,12.39,52.57,0.732,466.6,23.61,14.32,23.39,30.7,75.8,3.2,52,Moderate,NW,1008.07,5.35,Low,Normal,Active,54.5,0.99,53.78,Stable
23-06-2024 02:00,NODE_03,Sensor_Node_3_Residential_Border,21.87,49.19,1.086,428.1,20.07,10.09,29.59,32,78.9,6.7,72,Moderate,SW,1018.24,5.25,Medium,Peak,Active,49,0.81,78.59,Decreasing
23-06-2024 03:00,NODE_03,Sensor_Node_3_Residential_Border,10.24,23.35,0.493,433.2,2.62,1.29,24.74,31.7,75.5,1.2,43,Good,E,1006.92,1.44,Low,Peak,Active,72.1,0.79,42.39,Decreasing
23-06-2024 04:00,NODE_03,Sensor_Node_3_Residential_Border,5,17.83,0.2,444,2,1.95,27.52,33.4,78.9,2.8,21,Good,E,1011.88,7.56,Medium,Peak,Active,83.1,0.8,20.97,Stable
23-06-2024 05:00,NODE_03,Sensor_Node_3_Residential_Border,14.61,22.92,0.94,434.9,4.94,5.69,27.38,34.8,76.4,3.2,56,Moderate,SW,1018.29,2.14,Medium,Peak,Active,20.7,0.93,53.85,Decreasing
23-06-2024 06:00,NODE_03,Sensor_Node_3_Residential_Border,39.69,71.44,1.924,471.5,46.58,18.31,10.08,33.7,78.1,2.7,111,Unhealthy for Sensitive Groups,S,1020.31,2.39,Medium,Peak,Maintenance,68,0.82,106.12,Increasing
23-06-2024 07:00,NODE_03,Sensor_Node_3_Residential_Border,41.47,93.43,3.25,465.8,30.84,4.86,15.52,34.2,59.1,2,116,Unhealthy for Sensitive Groups,W,1013.73,4.93,Low,Low,Maintenance,41.5,1,122.96,Increasing
23-06-2024 08:00,NODE_03,Sensor_Node_3_Residential_Border,43.36,95.81,2.42,473.7,50,6.42,16.96,37.7,70.9,0.7,120,Unhealthy for Sensitive Groups,SW,1014.13,6.74,Low,Low,Active,75.2,0.82,109.31,Decreasing
23-06-2024 09:00,NODE_03,Sensor_Node_3_Residential_Border,29.89,101.1,2.916,473.8,23.09,23.2,18.93,37.5,71.3,3.1,88,Moderate,N,1014.99,7.78,Medium,Low,Active,85.3,0.83,89.51,Decreasing
23-06-2024 10:00,NODE_03,Sensor_Node_3_Residential_Border,41.96,42.71,2.103,504.7,26.95,12.85,10.24,38.2,65.3,3.8,117,Unhealthy for Sensitive Groups,S,1010.54,9.97,Low,Low,Active,20.9,0.8,122.68,Increasing
23-06-2024 11:00,NODE_03,Sensor_Node_3_Residential_Border,40.57,94.71,1.65,463.5,31.62,10.99,21.78,39.6,67.6,4.3,113,Unhealthy for Sensitive Groups,NW,1011.18,5.39,High,Low,Active,97.7,0.77,103.53,Stable
23-06-2024 12:00,NODE_03,Sensor_Node_3_Residential_Border,40.54,87.8,3.717,469,33.87,11.25,21.09,38.3,58.5,2.8,113,Unhealthy for Sensitive Groups,SE,1015.14,9.87,High,High,Active,46.4,0.96,120.7,Increasing
23-06-2024 13:00,NODE_03,Sensor_Node_3_Residential_Border,37.19,58.76,2.59,459.4,31.46,16.21,17.69,37.9,62.5,3.2,105,Unhealthy for Sensitive Groups,S,1004.41,6.31,Low,Low,Active,49.8,0.88,95.09,Increasing
23-06-2024 14:00,NODE_03,Sensor_Node_3_Residential_Border,57.79,74.44,2.913,468.4,27.35,14.33,16.7,39.7,67.4,0.9,152,Unhealthy,S,1014.88,7.08,Medium,Peak,Active,90.9,0.92,165.33,Increasing
23-06-2024 15:00,NODE_03,Sensor_Node_3_Residential_Border,47.96,80.13,2.694,459.6,28.6,12.37,19.46,36.3,82.1,4.9,132,Unhealthy for Sensitive Groups,N,1030.02,4.2,Medium,Low,Fault,24.4,0.72,131.27,Decreasing
23-06-2024 16:00,NODE_03,Sensor_Node_3_Residential_Border,139.19,93.31,6.386,453.1,22.31,16.49,27.41,34.3,67.9,2,194,Unhealthy,W,1011.09,3.93,High,High,Active,78.8,0.97,210.62,Increasing
23-06-2024 17:00,NODE_03,Sensor_Node_3_Residential_Border,30.14,50.46,1.747,463.6,30.67,9.33,13.21,35.2,73.6,3.4,89,Moderate,W,1007.65,6.57,Medium,Normal,Active,45.6,0.72,84.94,Increasing
23-06-2024 18:00,NODE_03,Sensor_Node_3_Residential_Border,85.33,201.66,6.264,442.9,23.75,29.41,19.65,34,68.1,2.4,166,Unhealthy,S,1012.23,8.63,Low,Low,Active,92.8,0.83,158.58,Decreasing
23-06-2024 19:00,NODE_03,Sensor_Node_3_Residential_Border,22.76,53.99,1.849,475.8,31.63,9.57,16.88,31.7,71.5,3.6,73,Moderate,SW,1011.28,9.03,Low,Peak,Active,57.4,0.86,68.98,Stable
23-06-2024 20:00,NODE_03,Sensor_Node_3_Residential_Border,37.39,44.26,1.97,451.3,25.13,14.39,23.79,35.7,69.6,0.9,106,Unhealthy for Sensitive Groups,S,1016.93,6.38,Low,High,Active,98.7,0.76,108.13,Decreasing
23-06-2024 21:00,NODE_03,Sensor_Node_3_Residential_Border,44.16,89.71,2.877,453.1,21.15,4.19,24.67,28.1,75.4,3.9,122,Unhealthy for Sensitive Groups,E,1005.96,4.2,Low,Peak,Active,78.9,0.71,129.02,Stable
23-06-2024 22:00,NODE_03,Sensor_Node_3_Residential_Border,49.08,35.42,2.038,463.1,24.19,8.67,26.22,29.8,89.1,4.7,134,Unhealthy for Sensitive Groups,SW,1007.99,3.7,Medium,Low,Active,22.3,0.83,140.69,Increasing
23-06-2024 23:00,NODE_03,Sensor_Node_3_Residential_Border,20.44,55.27,1.915,435.5,7.21,4.99,14.9,31.4,75.5,0.9,69,Moderate,W,1012.29,1.49,Low,High,Active,35.7,0.73,73.54,Stable
24-06-2024 00:00,NODE_03,Sensor_Node_3_Residential_Border,50.59,76.42,2.208,448.9,20.95,12.18,21.52,29.4,74.6,3.8,138,Unhealthy for Sensitive Groups,W,1013.05,9.59,Medium,Low,Active,79.3,0.76,151,Decreasing
24-06-2024 01:00,NODE_03,Sensor_Node_3_Residential_Border,47.64,83.8,2.551,425.7,31.04,16.53,19.36,28.9,72.5,1.1,131,Unhealthy for Sensitive Groups,SW,1013.25,5.62,Low,Peak,Active,54.9,0.81,122.23,Increasing
24-06-2024 02:00,NODE_03,Sensor_Node_3_Residential_Border,42.18,63.75,1.995,409.6,42.86,11.7,24.87,32.5,95,1.8,117,Unhealthy for Sensitive Groups,S,1000.49,5.51,Low,High,Active,51.1,0.86,120.22,Decreasing
24-06-2024 03:00,NODE_03,Sensor_Node_3_Residential_Border,21.96,10,0.2,425.5,5.61,3.46,32.19,31.9,76.2,5,72,Moderate,N,1017.86,6.03,High,Low,Active,80.7,0.76,77.03,Stable
24-06-2024 04:00,NODE_03,Sensor_Node_3_Residential_Border,18.06,18.75,0.721,403.6,18.04,12.48,31.81,32,80.7,5.7,64,Moderate,E,1023.35,2.57,Low,Low,Active,94,0.81,60.56,Decreasing
24-06-2024 05:00,NODE_03,Sensor_Node_3_Residential_Border,20.85,10.04,0.72,416.2,2.02,7.71,28.51,29.2,73.5,1.2,69,Moderate,SW,1014.56,2.57,Low,Peak,Active,89.7,0.72,73.61,Stable
24-06-2024 06:00,NODE_03,Sensor_Node_3_Residential_Border,52.82,114.85,3.849,462.2,56.06,24.66,6.68,35.1,66.3,2.9,144,Unhealthy for Sensitive Groups,NE,1004.03,1.54,High,High,Active,78.7,0.91,134.89,Increasing
24-06-2024 07:00,NODE_03,Sensor_Node_3_Residential_Border,63.82,128.39,3.713,485.9,50.02,20.52,16.61,33.4,67.4,5,155,Unhealthy,W,1011.12,4.99,High,Low,Active,69.7,0.96,144.58,Decreasing
24-06-2024 08:00,NODE_03,Sensor_Node_3_Residential_Border,70.89,125.73,3.384,500,63.05,17.9,13.72,36,76.3,1.4,159,Unhealthy,SW,1003.86,3.5,High,Normal,Active,69,0.77,146.41,Increasing
24-06-2024 09:00,NODE_03,Sensor_Node_3_Residential_Border,70.58,109.71,3.208,433.8,52.4,28.88,16.02,37.5,69,4.9,159,Unhealthy,W,1009.8,9.5,Medium,Normal,Active,23.9,0.83,147.39,Decreasing
24-06-2024 10:00,NODE_03,Sensor_Node_3_Residential_Border,52.89,136,3.446,454.6,53.67,18.73,9.48,38.9,67.6,0.9,144,Unhealthy for Sensitive Groups,NE,1013.15,1.95,Low,Low,Active,61.2,1,157.14,Increasing
24-06-2024 11:00,NODE_03,Sensor_Node_3_Residential_Border,73.67,108.85,3.613,473.5,52.86,19.03,12.19,39.2,68.2,2.2,160,Unhealthy,S,1020.3,1.81,Low,Peak,Active,28.7,0.73,175.31,Stable
24-06-2024 12:00,NODE_03,Sensor_Node_3_Residential_Border,68.06,119.21,3.68,479.2,45.55,22.97,8.37,39.4,61.4,3.7,157,Unhealthy,E,1005.61,1.5,Medium,Peak,Active,88.5,0.73,142.98,Stable
24-06-2024 13:00,NODE_03,Sensor_Node_3_Residential_Border,69.48,120.03,4.251,495.9,51.24,25.48,10.11,36.8,75.2,7.4,158,Unhealthy,SE,1010.37,9.2,High,High,Active,22.3,0.96,151.39,Stable
24-06-2024 14:00,NODE_03,Sensor_Node_3_Residential_Border,64.02,106.66,3.697,456.2,49.21,17.4,13.16,37.6,76.2,3.3,155,Unhealthy,SW,1028.57,2.58,Low,Low,Active,57.4,0.76,161.6,Decreasing
24-06-2024 15:00,NODE_03,Sensor_Node_3_Residential_Border,52.44,102.48,2.675,472.4,39.4,23.06,30.34,37.4,72.4,3.4,143,Unhealthy for Sensitive Groups,NE,1015.6,3.34,Medium,Peak,Active,98.2,0.91,148.56,Increasing
24-06-2024 16:00,NODE_03,Sensor_Node_3_Residential_Border,56.44,89.67,2.505,453.2,38.67,17.37,9.24,35.5,67.4,4.9,151,Unhealthy,NW,1019.87,3.46,Low,Peak,Active,50.2,0.79,161.24,Decreasing
24-06-2024 17:00,NODE_03,Sensor_Node_3_Residential_Border,41.66,91.14,2.451,456.3,45.45,20.07,18.17,35.7,66.6,2.1,116,Unhealthy for Sensitive Groups,SW,1017.86,9.95,High,Low,Active,63.1,0.84,109.77,Stable
24-06-2024 18:00,NODE_03,Sensor_Node_3_Residential_Border,46.69,104.53,3.139,459.7,44.06,17.01,13.74,33.7,63.1,3.5,129,Unhealthy for Sensitive Groups,E,1011.29,1.41,Low,Normal,Active,38.9,0.91,134.14,Decreasing
24-06-2024 19:00,NODE_03,Sensor_Node_3_Residential_Border,62.18,80.15,3.38,492,42.15,15.99,18.56,31.7,61.4,2.3,154,Unhealthy,SW,1009.33,6.04,Low,Normal,Active,50,0.92,167.38,Decreasing
24-06-2024 20:00,NODE_03,Sensor_Node_3_Residential_Border,41.85,92.01,2.742,467,51.51,16.26,15.36,34.7,79.1,2.4,117,Unhealthy for Sensitive Groups,NE,1005.41,1.19,Medium,High,Active,86.1,0.96,113.13,Decreasing
24-06-2024 21:00,NODE_03,Sensor_Node_3_Residential_Border,60.19,85.94,2.597,471.3,43.02,19.86,9.04,32.6,73.5,1,153,Unhealthy,SW,1009.44,7.6,Medium,Normal,Active,27.7,0.75,163.78,Increasing
24-06-2024 22:00,NODE_03,Sensor_Node_3_Residential_Border,36,73.01,2.821,445.3,40.41,19.11,17.83,29.8,78,2.4,102,Unhealthy for Sensitive Groups,NW,1010.36,5.09,Medium,Normal,Active,50.7,0.73,95.79,Increasing
24-06-2024 23:00,NODE_03,Sensor_Node_3_Residential_Border,40.85,66.84,3.128,425.4,27.68,9.3,14.53,30.5,85.8,1.7,114,Unhealthy for Sensitive Groups,E,1011.36,3.99,Medium,Normal,Active,86.9,0.93,119.16,Stable
25-06-2024 00:00,NODE_03,Sensor_Node_3_Residential_Border,56.38,67.81,2.556,457.1,28.8,18.08,19.98,31.6,75.9,2.3,151,Unhealthy,W,1018.53,2.43,Medium,High,Active,79.2,0.95,138.12,Decreasing
25-06-2024 01:00,NODE_03,Sensor_Node_3_Residential_Border,30.38,86.09,2.943,434.5,22.77,9.85,21.69,28.7,81.1,4.8,89,Moderate,NW,994.11,5.24,High,Low,Active,98,0.85,97.05,Increasing
25-06-2024 02:00,NODE_03,Sensor_Node_3_Residential_Border,45,52.69,1.674,451.1,28.97,18.06,22.75,29.8,87.3,2.7,124,Unhealthy for Sensitive Groups,NW,1005.07,1.39,High,Normal,Active,68.3,0.78,130.75,Increasing
25-06-2024 03:00,NODE_03,Sensor_Node_3_Residential_Border,13.07,17.22,1.454,408.2,18.54,4.36,17.08,31.8,83.4,0.9,53,Moderate,S,1011.79,9.01,High,Peak,Maintenance,86.8,0.92,56.57,Increasing
25-06-2024 04:00,NODE_03,Sensor_Node_3_Residential_Border,31.37,45.3,1.346,392.3,7.72,4.55,27.32,33.3,68.8,3.7,92,Moderate,W,1013.59,7.6,Low,Normal,Active,42.2,0.9,92.01,Stable
25-06-2024 05:00,NODE_03,Sensor_Node_3_Residential_Border,21.14,13.06,1.581,433.1,9.91,6.61,21.73,33,67.6,1.6,70,Moderate,E,1009.58,7.83,Medium,High,Active,97.9,0.94,64.53,Increasing
25-06-2024 06:00,NODE_03,Sensor_Node_3_Residential_Border,64.35,113.41,3.395,506.4,48.97,26,10.18,30.6,73.5,3.7,156,Unhealthy,E,1006.95,6.3,High,Peak,Active,22.7,0.84,141.04,Stable
25-06-2024 07:00,NODE_03,Sensor_Node_3_Residential_Border,74.53,111.04,4.128,457.5,46.12,22.48,17.19,34.2,71.5,2.2,161,Unhealthy,N,1018.19,9.24,High,Normal,Active,66.9,0.99,145.72,Decreasing
25-06-2024 08:00,NODE_03,Sensor_Node_3_Residential_Border,71.38,94.9,3,474.4,49.95,22.06,16.5,37.4,72.2,3.5,159,Unhealthy,S,1014.42,9.73,High,Peak,Maintenance,81.9,0.88,153.54,Decreasing
25-06-2024 09:00,NODE_03,Sensor_Node_3_Residential_Border,69.75,116.51,4.368,464,48.65,26.86,14.86,37.4,69.9,4.2,158,Unhealthy,SW,1012.99,7.25,Low,Normal,Maintenance,53.3,0.7,143.33,Stable
25-06-2024 10:00,NODE_03,Sensor_Node_3_Residential_Border,67.24,139.21,3.778,500.9,42.87,21.41,14.8,38.6,58.7,2.4,157,Unhealthy,NW,1009.01,8.04,High,Peak,Active,80,0.75,172.69,Increasing
25-06-2024 11:00,NODE_03,Sensor_Node_3_Residential_Border,69.05,105.3,3.533,477.9,39.3,16.37,16.42,38.7,67.9,1.6,158,Unhealthy,SE,1016.96,9.92,Low,Low,Active,32.9,0.95,170.38,Stable
25-06-2024 12:00,NODE_03,Sensor_Node_3_Residential_Border,52.01,126.36,3.206,478.3,37.6,24.31,15.99,39.6,70.8,4,142,Unhealthy for Sensitive Groups,W,993.24,1.45,Medium,Peak,Active,56.8,0.96,139.3,Stable
25-06-2024 13:00,NODE_03,Sensor_Node_3_Residential_Border,63.24,106.98,2.202,463.9,44.38,19.46,17.49,39.7,77.2,1.5,155,Unhealthy,SW,1013.65,8.59,Low,Peak,Active,39.7,0.96,162.2,Stable
25-06-2024 14:00,NODE_03,Sensor_Node_3_Residential_Border,73.75,92.85,3.495,464.9,36.92,22.59,11.89,37.8,65.2,1.3,160,Unhealthy,SW,1016.86,4.15,Low,High,Active,80.1,0.87,170.74,Increasing
25-06-2024 15:00,NODE_03,Sensor_Node_3_Residential_Border,46.07,77.21,3.048,471.2,45.18,18.45,21.26,36.9,63.8,2.4,127,Unhealthy for Sensitive Groups,NE,1016.55,8.97,High,High,Active,21.3,0.81,121.86,Increasing
25-06-2024 16:00,NODE_03,Sensor_Node_3_Residential_Border,65.41,100.11,2.945,435.1,42.68,17.09,24.47,34.4,75.3,4.3,156,Unhealthy,E,1007.69,7.26,Medium,Normal,Active,76.8,0.89,160.49,Increasing
25-06-2024 17:00,NODE_03,Sensor_Node_3_Residential_Border,64.6,110.85,3.753,477.1,52.36,17.55,18.18,37.4,56.3,1.2,156,Unhealthy,E,1003.71,3.33,High,Normal,Active,51.6,0.89,155.84,Stable
25-06-2024 18:00,NODE_03,Sensor_Node_3_Residential_Border,53.13,97.04,3.366,459.6,41.53,21.16,15.54,33.5,66.5,3.4,144,Unhealthy for Sensitive Groups,S,1008.95,3.75,High,Low,Active,70.2,0.97,136.21,Stable
25-06-2024 19:00,NODE_03,Sensor_Node_3_Residential_Border,52.7,102.34,2.581,480.4,38.46,14.48,20.27,30.5,71.5,3.9,143,Unhealthy for Sensitive Groups,NW,1012.5,6.9,Medium,Low,Active,95.4,0.99,156.69,Decreasing
25-06-2024 20:00,NODE_03,Sensor_Node_3_Residential_Border,42.62,74.5,2.952,452.4,45.81,23.37,23.54,31.3,83.7,4.3,119,Unhealthy for Sensitive Groups,N,1006.69,6.73,Low,Low,Active,85.9,0.72,109.87,Stable
25-06-2024 21:00,NODE_03,Sensor_Node_3_Residential_Border,52.19,97.46,3.509,472.7,45.4,15.18,14.06,32.3,78.3,2.2,142,Unhealthy for Sensitive Groups,SW,1015.67,1.31,Low,Peak,Active,26,0.99,143.38,Decreasing
25-06-2024 22:00,NODE_03,Sensor_Node_3_Residential_Border,58.73,86.95,2.889,479.3,48.02,18.15,16.67,30.4,78.1,1.2,153,Unhealthy,NE,1011.02,6.45,High,Peak,Active,62.1,0.89,151.72,Increasing
25-06-2024 23:00,NODE_03,Sensor_Node_3_Residential_Border,36.5,90.15,1.313,436,35.65,19.27,17.81,29.8,80.6,3.5,103,Unhealthy for Sensitive Groups,SE,1013.61,7.03,Low,Peak,Active,74.7,0.91,94.55,Increasing
26-06-2024 00:00,NODE_03,Sensor_Node_3_Residential_Border,45.85,72.54,2.462,475.6,29.08,11.99,19.28,29.1,77.3,4.6,126,Unhealthy for Sensitive Groups,E,1003.52,2.35,Medium,High,Active,55,0.74,117.83,Increasing
26-06-2024 01:00,NODE_03,Sensor_Node_3_Residential_Border,34.68,71.79,2.503,462,23.06,14.05,28.83,29.3,92.8,4.5,98,Moderate,N,1009.33,9.12,Low,High,Active,37.2,0.73,107.74,Stable
26-06-2024 02:00,NODE_03,Sensor_Node_3_Residential_Border,41.94,48.36,1.904,459.3,28.62,9.48,26.88,31,76.3,2,117,Unhealthy for Sensitive Groups,NW,1004.42,3.18,Medium,High,Active,68.5,0.77,112.55,Decreasing
26-06-2024 03:00,NODE_03,Sensor_Node_3_Residential_Border,34.78,22.93,1.099,436.6,7.51,1,27.92,30.5,76.3,5.3,99,Moderate,NE,1021.02,8.07,Medium,Peak,Active,71.2,0.93,91.07,Decreasing
26-06-2024 04:00,NODE_03,Sensor_Node_3_Residential_Border,12.4,50.74,0.887,404.3,5.54,1.19,21.36,32.4,81,3.9,52,Moderate,NE,1015.67,1.13,Medium,Low,Active,94,0.79,46.91,Increasing
26-06-2024 05:00,NODE_03,Sensor_Node_3_Residential_Border,5,57.22,1.17,396.5,3.19,8.97,25.47,32,64.6,3.6,52,Moderate,SE,1009.22,4.61,Medium,Peak,Active,98.5,0.74,47.42,Increasing
26-06-2024 06:00,NODE_03,Sensor_Node_3_Residential_Border,69.83,127.53,4.5,453.2,56.86,18.63,15.38,32.9,76.6,4.1,500,Hazardous,S,1010.43,2.78,High,Peak,Active,94.5,0.9,480.58,Increasing
26-06-2024 07:00,NODE_03,Sensor_Node_3_Residential_Border,61.36,129.94,4.132,502.6,45.9,24.78,18.01,33.9,76.2,2,154,Unhealthy,W,1023.22,2.99,Low,Low,Active,80,0.98,164.98,Decreasing
26-06-2024 08:00,NODE_03,Sensor_Node_3_Residential_Border,52.63,112.54,3.497,471.9,50.48,28.73,12.31,36.9,60.9,1.3,143,Unhealthy for Sensitive Groups,SW,1016.06,4.45,Low,Normal,Active,29,0.74,143.49,Increasing
26-06-2024 09:00,NODE_03,Sensor_Node_3_Residential_Border,58.17,107.8,3.417,476.9,50.2,24.9,10.87,37.1,63.3,2.3,152,Unhealthy,W,1009.67,1.12,Low,Normal,Fault,68,0.89,147.27,Increasing
26-06-2024 10:00,NODE_03,Sensor_Node_3_Residential_Border,51.94,105.78,3.279,471.6,54.47,24.52,5.32,38.5,68.2,2,141,Unhealthy for Sensitive Groups,NE,1005.76,5.2,Medium,Peak,Active,50.3,0.96,145.12,Decreasing
26-06-2024 11:00,NODE_03,Sensor_Node_3_Residential_Border,71.61,101.33,4.004,486.4,41.64,21.85,13.41,37.1,63.9,4.3,159,Unhealthy,W,997.45,7.33,High,Normal,Active,26,0.98,157.43,Decreasing
26-06-2024 12:00,NODE_03,Sensor_Node_3_Residential_Border,58.9,94.77,4.377,483.4,59.07,23.79,22.67,34.5,65.3,2.6,153,Unhealthy,NE,1014.73,6.96,High,Normal,Active,45.6,0.83,166.56,Stable
26-06-2024 13:00,NODE_03,Sensor_Node_3_Residential_Border,60.45,95.19,3.526,459.5,47.77,25.21,23.41,39.3,81.1,2.4,154,Unhealthy,SW,1009.48,8.95,Medium,Low,Maintenance,90.5,0.76,149.65,Decreasing
26-06-2024 14:00,NODE_03,Sensor_Node_3_Residential_Border,65.1,125.07,3.262,463.4,54.95,29.25,16.17,37.8,69.9,7.2,156,Unhealthy,SE,1024.05,1.9,Medium,Peak,Active,69.7,0.79,166.4,Increasing
26-06-2024 15:00,NODE_03,Sensor_Node_3_Residential_Border,38.93,86.15,2.645,472.2,37.25,22.14,20.58,36.6,64.4,0.4,109,Unhealthy for Sensitive Groups,SW,1015.83,5.66,Low,Normal,Active,59.8,0.96,109.28,Stable
26-06-2024 16:00,NODE_03,Sensor_Node_3_Residential_Border,47.09,113.77,2.054,456.7,40.92,8.24,24.94,36.3,73.4,4,130,Unhealthy for Sensitive Groups,E,1010.11,5.09,High,Normal,Active,52.3,0.97,117.29,Stable
26-06-2024 17:00,NODE_03,Sensor_Node_3_Residential_Border,58.75,102.53,3.267,476,59.4,13.86,20.97,36.3,61.2,0.6,153,Unhealthy,S,1011.68,8.58,Low,High,Active,90.9,0.81,164.63,Decreasing
26-06-2024 18:00,NODE_03,Sensor_Node_3_Residential_Border,67.94,100.31,3.228,451.7,46.24,12.81,27.05,35.6,71.3,2.5,157,Unhealthy,NW,1011.35,8,High,Normal,Active,60.7,0.88,153.75,Increasing
26-06-2024 19:00,NODE_03,Sensor_Node_3_Residential_Border,64.33,92.08,3.124,466.4,41.8,22.28,11.13,30.1,65.2,1,156,Unhealthy,W,1006.63,6.94,High,Low,Active,77.7,0.75,159,Stable
26-06-2024 20:00,NODE_03,Sensor_Node_3_Residential_Border,42.46,91.85,3.007,464.2,42.97,18.46,10.81,31.7,72.1,3.8,118,Unhealthy for Sensitive Groups,SE,1010.37,8.29,High,Normal,Active,40.1,0.82,112.81,Stable
26-06-2024 21:00,NODE_03,Sensor_Node_3_Residential_Border,62.81,77.81,2.938,475.2,37.08,18.92,15.52,33,68,3.2,155,Unhealthy,E,1019.05,9.37,High,Peak,Active,20.5,0.8,154.9,Increasing
26-06-2024 22:00,NODE_03,Sensor_Node_3_Residential_Border,57.06,97.19,2.742,471.6,36.95,9.01,19.05,29.5,78.3,3.5,152,Unhealthy,SE,1008.91,4.46,Low,High,Fault,47.2,0.76,163.96,Increasing
26-06-2024 23:00,NODE_03,Sensor_Node_3_Residential_Border,39.78,59.6,2.856,435.2,30.59,14.23,10.8,29.3,79.6,4.4,112,Unhealthy for Sensitive Groups,W,1002.97,1.11,Medium,Peak,Active,24.1,0.7,112.87,Increasing
27-06-2024 00:00,NODE_03,Sensor_Node_3_Residential_Border,47.15,57.5,2.353,423.5,26.89,17.98,20.99,29.3,73.3,1.1,130,Unhealthy for Sensitive Groups,SW,1003.62,8.55,High,Peak,Active,56.3,0.93,136.1,Stable
27-06-2024 01:00,NODE_03,Sensor_Node_3_Residential_Border,28.73,82.04,3.373,440,17.63,19.17,16.35,30.7,81,0.3,86,Moderate,NW,1011.69,4,Medium,High,Active,66.1,0.78,87.6,Decreasing
27-06-2024 02:00,NODE_03,Sensor_Node_3_Residential_Border,48.64,65.23,2.537,441.6,16.3,11.3,22.67,29,77.7,2.3,133,Unhealthy for Sensitive Groups,SW,1011.75,8.97,Low,Peak,Active,82.9,0.75,126.17,Stable
27-06-2024 03:00,NODE_03,Sensor_Node_3_Residential_Border,18.66,31.93,0.414,389.2,9.26,3.21,26.72,32.9,76.9,1.7,65,Moderate,SE,1010.59,7.39,High,Low,Active,70.9,0.87,70.22,Stable
27-06-2024 04:00,NODE_03,Sensor_Node_3_Residential_Border,85.55,126.27,1.374,403.9,6.41,18.6,20.28,32.7,85.2,2.7,167,Unhealthy,NW,1004.35,5.71,High,Normal,Active,92.2,0.94,180.08,Increasing
27-06-2024 05:00,NODE_03,Sensor_Node_3_Residential_Border,10.13,20.59,0.81,413.9,13.56,5.27,22.71,32.1,74.6,2.4,42,Good,W,1013.06,5.55,Medium,Low,Active,61.8,0.88,44.74,Increasing
27-06-2024 06:00,NODE_03,Sensor_Node_3_Residential_Border,62.39,83.11,4.27,436,38.02,25.18,10.46,30.9,80,1.4,155,Unhealthy,W,1010.81,9.91,Low,High,Active,79.1,0.93,139.77,Stable
27-06-2024 07:00,NODE_03,Sensor_Node_3_Residential_Border,60.9,131.01,3.382,439.4,48.15,16.77,18.02,36,76,4.4,154,Unhealthy,SW,1017.22,2.84,Low,Normal,Active,26.3,0.86,159.34,Increasing
27-06-2024 08:00,NODE_03,Sensor_Node_3_Residential_Border,58.58,115.88,3.771,504.5,58.85,21.73,16.99,38.3,64.5,2.3,153,Unhealthy,SE,1014.49,4.4,Medium,High,Active,63.5,0.9,160.51,Increasing
27-06-2024 09:00,NODE_03,Sensor_Node_3_Residential_Border,49.74,133.05,4.358,468.2,53.67,18.76,26.44,38.6,68.1,5.9,136,Unhealthy for Sensitive Groups,N,1004.88,5.23,High,Normal,Maintenance,41.9,0.94,127.24,Stable
27-06-2024 10:00,NODE_03,Sensor_Node_3_Residential_Border,65.54,88.5,4.607,490,53,19.92,16.05,33.5,60.2,2.2,156,Unhealthy,SW,1004.4,5.11,Medium,Peak,Active,78.1,0.86,141.21,Stable
27-06-2024 11:00,NODE_03,Sensor_Node_3_Residential_Border,80.14,102.41,2.877,455,49.24,28.01,19.93,37.4,64.7,1.2,164,Unhealthy,NW,1021.52,8.46,High,High,Active,24.6,0.94,158.33,Increasing
27-06-2024 12:00,NODE_03,Sensor_Node_3_Residential_Border,59.6,129.26,4.445,444.9,38.36,20.33,15.02,38.4,56,1,500,Hazardous,SE,1012.37,8.2,Low,Normal,Active,88.1,0.95,508.59,Increasing
27-06-2024 13:00,NODE_03,Sensor_Node_3_Residential_Border,60.28,126.01,4.774,459.3,56.62,20.17,11.35,36.8,70.8,1.9,153,Unhealthy,NW,1010.94,9.27,High,Low,Active,68.1,0.8,165.42,Increasing
27-06-2024 14:00,NODE_03,Sensor_Node_3_Residential_Border,56.85,122.88,4.069,495.2,54.57,23.25,18.92,37.1,67.5,3.8,152,Unhealthy,SW,1008.49,2.92,High,Peak,Active,95.7,0.92,162.35,Decreasing
27-06-2024 15:00,NODE_03,Sensor_Node_3_Residential_Border,60.25,100.13,4.083,437,32.09,18.77,19.02,36.1,60.1,4.5,153,Unhealthy,E,1009.37,6.71,High,High,Active,76.6,0.74,152.36,Increasing
27-06-2024 16:00,NODE_03,Sensor_Node_3_Residential_Border,42.33,85.45,3.263,472.4,38.32,14.08,18.98,35.7,60.2,3,118,Unhealthy for Sensitive Groups,NW,1012.11,5.71,Low,High,Active,24.7,0.94,121.95,Decreasing
27-06-2024 17:00,NODE_03,Sensor_Node_3_Residential_Border,49.2,80.93,2.798,454.9,44.79,17.65,31.72,33.1,75.9,1.3,135,Unhealthy for Sensitive Groups,E,1019.99,5.95,High,Peak,Maintenance,88.9,0.9,148.15,Stable
27-06-2024 18:00,NODE_03,Sensor_Node_3_Residential_Border,52.18,71.68,2.883,431,40.9,16.06,14.97,32.4,78.1,4.6,142,Unhealthy for Sensitive Groups,NE,1021.5,4.93,Medium,Low,Active,88.7,0.74,133.99,Stable
27-06-2024 19:00,NODE_03,Sensor_Node_3_Residential_Border,51.52,92.71,2.909,485.5,55.97,23.07,18.51,32.9,80.1,3.8,140,Unhealthy for Sensitive Groups,W,1010.06,6.44,Low,Low,Active,43,0.7,152.56,Increasing
27-06-2024 20:00,NODE_03,Sensor_Node_3_Residential_Border,59.13,87.28,3.213,469.5,37.33,21.42,24.76,31.6,72.1,2.3,153,Unhealthy,SW,1026.05,6.66,High,High,Active,91.5,0.74,152.48,Increasing
27-06-2024 21:00,NODE_03,Sensor_Node_3_Residential_Border,51.96,85.13,2.592,490.1,37.13,19.1,15.26,33.8,75.1,3.6,142,Unhealthy for Sensitive Groups,N,1008.32,4.66,Low,Peak,Active,99.5,0.78,130.11,Decreasing
27-06-2024 22:00,NODE_03,Sensor_Node_3_Residential_Border,54.88,108.04,2.995,460.1,29.77,20.62,18.71,30.3,75.8,1.9,149,Unhealthy for Sensitive Groups,E,1017.55,5.75,Low,Normal,Active,54.1,0.82,149.4,Increasing
27-06-2024 23:00,NODE_03,Sensor_Node_3_Residential_Border,37.34,78.81,1.501,412.9,40.12,8.87,21.33,29.7,79.9,5.1,106,Unhealthy for Sensitive Groups,N,1010.66,4.12,Low,Low,Active,38.5,0.9,101.33,Stable
28-06-2024 00:00,NODE_03,Sensor_Node_3_Residential_Border,99.66,275.25,6.449,419.8,26.53,13.89,12.43,29.3,85.1,0.8,174,Unhealthy,NE,1017.35,2.96,Low,Normal,Active,91.8,0.79,175.03,Increasing
28-06-2024 01:00,NODE_03,Sensor_Node_3_Residential_Border,42.1,73.88,2.881,429.5,32.54,13.06,22.84,29.8,72.5,1,117,Unhealthy for Sensitive Groups,N,1012.87,7.64,High,Peak,Active,96.3,0.79,123.55,Increasing
28-06-2024 02:00,NODE_03,Sensor_Node_3_Residential_Border,31.69,85,2.38,411.8,7.17,12.35,17.64,30.6,78.7,4.2,92,Moderate,E,1013.47,7.81,Low,Normal,Active,61.4,0.99,100.59,Decreasing
28-06-2024 03:00,NODE_03,Sensor_Node_3_Residential_Border,16.4,12.19,1.568,439,8,7.16,23.22,33.2,72.4,1.9,60,Moderate,S,1014.27,5.38,High,Low,Active,89.3,0.71,61.58,Stable
28-06-2024 04:00,NODE_03,Sensor_Node_3_Residential_Border,19.2,32.68,1.278,437.4,10.47,1,18.29,28.9,73.4,2.1,66,Moderate,W,1024.18,8.25,Low,High,Active,71.5,0.73,69.83,Decreasing
28-06-2024 05:00,NODE_03,Sensor_Node_3_Residential_Border,25.56,20.22,1.084,431.6,9.66,1.52,28.13,34.6,78.4,2.6,79,Moderate,N,1015.79,3.67,High,Low,Active,97.6,0.8,83.03,Increasing
28-06-2024 06:00,NODE_03,Sensor_Node_3_Residential_Border,64.09,133.27,2.845,461.6,61.67,25.52,17.16,32.2,81,3.1,155,Unhealthy,W,1014.15,5.99,Low,Normal,Maintenance,65.9,0.79,143.22,Increasing
28-06-2024 07:00,NODE_03,Sensor_Node_3_Residential_Border,64.51,99.48,5.431,465.7,53.36,21.97,14.67,36.2,71.7,1.2,156,Unhealthy,SW,1014.7,6.73,High,Normal,Active,34,0.81,154.12,Stable
28-06-2024 08:00,NODE_03,Sensor_Node_3_Residential_Border,64.81,97.55,4.043,475.1,51.64,26.57,20.01,39.1,74.9,1.7,156,Unhealthy,N,1010.16,1.12,Medium,Peak,Active,26.5,0.99,167.36,Increasing
28-06-2024 09:00,NODE_03,Sensor_Node_3_Residential_Border,67.25,133.25,4.125,460.9,52.57,22.14,15.54,38.2,58.5,4,157,Unhealthy,S,1018.66,2.61,Medium,Peak,Active,25.4,0.85,153.58,Decreasing
28-06-2024 10:00,NODE_03,Sensor_Node_3_Residential_Border,57.1,86.6,4.073,486.4,44.24,16,6.6,39.1,66.2,2.9,152,Unhealthy,SE,1014.92,8.55,Low,Low,Active,45.5,0.76,163.1,Stable
28-06-2024 11:00,NODE_03,Sensor_Node_3_Residential_Border,76.43,129.6,3.37,482.3,43.02,17.81,16.35,37,74.4,4.5,162,Unhealthy,S,1010.18,7.25,Medium,Normal,Active,58.1,0.71,160.46,Increasing
28-06-2024 12:00,NODE_03,Sensor_Node_3_Residential_Border,71.39,101.24,3.951,454,58.48,27.43,7.36,38.8,73.3,3.2,159,Unhealthy,SE,1003.26,9.05,Low,Normal,Active,48.3,0.94,163.39,Stable
28-06-2024 13:00,NODE_03,Sensor_Node_3_Residential_Border,73.15,117.31,3.098,481.5,58.05,23.97,17.03,35.8,56.3,2.6,160,Unhealthy,W,1006.48,4.31,High,Peak,Active,92.5,0.75,152.14,Decreasing
28-06-2024 14:00,NODE_03,Sensor_Node_3_Residential_Border,78.23,114.99,3.672,443.1,41.41,21.68,14.55,37.7,58.8,0.3,163,Unhealthy,NW,1016.1,8.75,Low,Low,Active,82.1,0.79,149.11,Stable
28-06-2024 15:00,NODE_03,Sensor_Node_3_Residential_Border,55.87,109.13,2.929,472.3,39.1,15.74,20.55,36.1,64,2.3,151,Unhealthy,S,1009.87,3.01,Low,High,Active,92.3,0.71,156.95,Stable
28-06-2024 16:00,NODE_03,Sensor_Node_3_Residential_Border,143.48,204.8,8.526,474.5,49.27,29.06,21.56,36.3,65.6,1.7,196,Unhealthy,N,1014.36,5.99,Medium,Low,Active,74.8,0.85,190.95,Decreasing
28-06-2024 17:00,NODE_03,Sensor_Node_3_Residential_Border,66.97,83.33,2.765,446.1,50.34,15.81,17.68,38.4,75.1,5.1,157,Unhealthy,SE,1009.71,7.63,Medium,High,Active,96.8,0.9,161.88,Increasing
28-06-2024 18:00,NODE_03,Sensor_Node_3_Residential_Border,47.45,85.25,2.891,462.7,43.59,13.48,20.43,34.9,69.2,2.2,130,Unhealthy for Sensitive Groups,W,1001.76,9.45,High,Low,Active,72.2,0.82,127.94,Decreasing
28-06-2024 19:00,NODE_03,Sensor_Node_3_Residential_Border,51.48,75.14,3.432,467.6,53.81,17.43,18.66,33.5,67.2,3.6,140,Unhealthy for Sensitive Groups,W,1011.04,8.95,High,High,Active,65.6,0.86,150.96,Decreasing
28-06-2024 20:00,NODE_03,Sensor_Node_3_Residential_Border,45.22,96.4,3.451,434.2,47.72,15.48,5,33.5,83.1,3.3,125,Unhealthy for Sensitive Groups,SE,1002.3,9.9,High,Peak,Maintenance,38,0.9,132.42,Stable
28-06-2024 21:00,NODE_03,Sensor_Node_3_Residential_Border,43.81,82.56,3.744,425.9,50.16,21.57,21.1,28.2,74.1,2.2,121,Unhealthy for Sensitive Groups,S,1015.7,9.14,Low,Peak,Active,55.9,0.79,127.71,Decreasing
28-06-2024 22:00,NODE_03,Sensor_Node_3_Residential_Border,48.62,96.75,2.493,481.6,48.04,18.25,20.57,29.7,80.7,0.9,133,Unhealthy for Sensitive Groups,N,1026.44,6.45,High,Peak,Active,69.5,0.96,137.47,Decreasing
28-06-2024 23:00,NODE_03,Sensor_Node_3_Residential_Border,34.82,88.5,2.908,429.3,39.6,9.77,30.06,32.5,91,1.5,99,Moderate,W,1013.89,4.88,High,Normal,Active,46.3,0.99,96.24,Increasing
29-06-2024 00:00,NODE_03,Sensor_Node_3_Residential_Border,23.32,49.71,0.991,404,16.86,8.59,23.58,30.6,78.8,2,75,Moderate,N,1019.56,1.31,High,Peak,Active,62.7,0.87,80.48,Stable
29-06-2024 01:00,NODE_03,Sensor_Node_3_Residential_Border,35.1,73.99,0.2,467.5,23.6,8.42,25.28,31.2,69,2.2,99,Moderate,N,1013.99,3.94,Low,High,Active,24.9,0.99,102.23,Decreasing
29-06-2024 02:00,NODE_03,Sensor_Node_3_Residential_Border,8.77,44.34,1.816,468.4,20.2,5.43,21.92,30.4,81.9,0.6,41,Good,SE,1004.2,3.31,Medium,Peak,Active,30.9,0.98,43.69,Decreasing
29-06-2024 03:00,NODE_03,Sensor_Node_3_Residential_Border,10.36,30.98,0.493,451.7,9.43,1.12,23.33,32.3,68.6,5,43,Good,SE,1015.32,4.42,Medium,Peak,Active,96.9,0.91,44.87,Increasing
29-06-2024 04:00,NODE_03,Sensor_Node_3_Residential_Border,14.86,10,0.78,404.3,9.5,9.03,25.37,30.3,73.9,3.8,57,Moderate,SW,1007.41,3.93,High,High,Active,57.7,0.95,60.51,Decreasing
29-06-2024 05:00,NODE_03,Sensor_Node_3_Residential_Border,12.28,10,0.462,435.6,3.96,5.5,18.26,33.4,79.7,6.7,51,Moderate,NW,1002.38,9.75,Low,Normal,Active,73.2,0.84,51.24,Stable
29-06-2024 06:00,NODE_03,Sensor_Node_3_Residential_Border,49.65,67.88,2.807,468.4,26.4,17.65,23,35.7,77.4,1.4,136,Unhealthy for Sensitive Groups,SW,1013.7,2.11,Medium,High,Active,23.8,0.94,143.69,Increasing
29-06-2024 07:00,NODE_03,Sensor_Node_3_Residential_Border,46.99,79.18,2.449,457.1,18.3,7.77,16.07,33.1,72.9,0.8,129,Unhealthy for Sensitive Groups,NW,1013.13,7.48,High,Peak,Active,28.2,0.73,140.16,Stable
29-06-2024 08:00,NODE_03,Sensor_Node_3_Residential_Border,56.88,28.95,2.01,508.3,38.6,13.59,13.34,36.9,74.9,3.2,152,Unhealthy,SE,1005.37,4.79,High,Peak,Active,46.6,0.87,167.02,Stable
29-06-2024 09:00,NODE_03,Sensor_Node_3_Residential_Border,32.74,87.23,3.008,474.6,35.88,16.11,14.21,37.8,66.2,4.6,94,Moderate,N,1011.85,5.33,Low,High,Maintenance,67.4,0.72,89.24,Decreasing
29-06-2024 10:00,NODE_03,Sensor_Node_3_Residential_Border,42.91,95.99,2.478,476.4,31.54,12.58,25.64,35.3,67.1,2.8,119,Unhealthy for Sensitive Groups,NE,1003.23,1.97,High,High,Maintenance,84,0.78,115.47,Increasing
29-06-2024 11:00,NODE_03,Sensor_Node_3_Residential_Border,33.29,67.54,1.578,497.4,23.47,15.99,20.66,41.1,62.9,2.2,96,Moderate,NE,1025.84,5.32,Low,Low,Active,98.4,0.73,104.73,Decreasing
29-06-2024 12:00,NODE_03,Sensor_Node_3_Residential_Border,38.19,47.73,3.314,461.5,31.64,16.55,22.93,36.3,68.1,4.5,108,Unhealthy for Sensitive Groups,W,1012.61,4.31,Medium,Normal,Fault,25.9,0.73,112.62,Increasing
29-06-2024 13:00,NODE_03,Sensor_Node_3_Residential_Border,33.17,67.48,2.613,473.5,32.19,13.22,9.18,36.2,62.5,2.2,95,Moderate,SE,1008.47,8.66,High,Peak,Active,53.5,0.82,87.87,Stable
29-06-2024 14:00,NODE_03,Sensor_Node_3_Residential_Border,42.29,75.34,2.777,471.8,33.59,16.19,11.42,36.2,64.6,3.2,118,Unhealthy for Sensitive Groups,SE,1011.71,1.58,Medium,Low,Active,23.2,0.8,123.33,Stable
29-06-2024 15:00,NODE_03,Sensor_Node_3_Residential_Border,28.74,45.3,2.903,461.2,15.7,13.9,18.57,37.3,64.8,2.1,86,Moderate,N,1016.56,2.2,Low,High,Active,71.8,0.81,86.11,Increasing
29-06-2024 16:00,NODE_03,Sensor_Node_3_Residential_Border,24.06,40.13,1.818,457.3,15.38,14.84,19.11,39.6,66.6,4.3,76,Moderate,N,1016.28,4.12,Medium,High,Active,30.2,0.74,76.66,Decreasing
29-06-2024 17:00,NODE_03,Sensor_Node_3_Residential_Border,52.18,69.72,1.017,436.8,28.43,4.24,13.92,32.6,83.3,2.5,142,Unhealthy for Sensitive Groups,NE,1005.23,6.97,High,Low,Active,37.6,0.95,143.87,Decreasing
29-06-2024 18:00,NODE_03,Sensor_Node_3_Residential_Border,46.42,76.89,2.652,448.1,24.05,6.85,17.83,32.8,65.6,0.6,128,Unhealthy for Sensitive Groups,NE,1014.33,5.07,Medium,High,Active,97.9,0.74,118.86,Stable
29-06-2024 19:00,NODE_03,Sensor_Node_3_Residential_Border,43.37,68.68,1.556,475.2,28.37,9.97,26.35,33.4,84.2,4.5,120,Unhealthy for Sensitive Groups,S,1010.69,1.67,High,Peak,Active,44.6,0.98,121.3,Decreasing
29-06-2024 20:00,NODE_03,Sensor_Node_3_Residential_Border,25.71,51.48,2.726,479.1,23.7,5.82,26.7,33.6,68.1,2.7,80,Moderate,W,1020.95,3.97,Low,Normal,Active,46.8,0.74,79.29,Decreasing
29-06-2024 21:00,NODE_03,Sensor_Node_3_Residential_Border,25.16,52.42,1.657,464.6,16.41,12.18,11.37,29.1,68,3.5,78,Moderate,N,1011.28,5.4,High,Normal,Active,81.8,0.81,72.88,Decreasing
29-06-2024 22:00,NODE_03,Sensor_Node_3_Residential_Border,40.1,57,1.681,483.1,31.07,6.52,20.15,31,81.5,3.9,112,Unhealthy for Sensitive Groups,E,1009.59,4.46,High,High,Active,86,0.96,103.27,Decreasing
29-06-2024 23:00,NODE_03,Sensor_Node_3_Residential_Border,47.73,65.4,2.357,450.6,10.5,1.24,24.93,30.7,78.6,2,131,Unhealthy for Sensitive Groups,S,1009,8.01,Low,Low,Active,51.5,0.78,138.16,Increasing
30-06-2024 00:00,NODE_03,Sensor_Node_3_Residential_Border,28,58.16,1.771,454.4,15.5,12.58,17.91,31.5,75.6,3.2,84,Moderate,N,1006.54,2.64,Low,Normal,Active,49.3,0.76,89.38,Stable
30-06-2024 01:00,NODE_03,Sensor_Node_3_Residential_Border,30.46,64.29,1.312,449.1,17.17,1.79,26.14,31,80.8,2.2,90,Moderate,E,1003.39,9.45,Medium,Peak,Active,74.6,0.73,84.87,Increasing
30-06-2024 02:00,NODE_03,Sensor_Node_3_Residential_Border,14.74,61.84,1.462,451.3,9.39,14.31,24.16,29.7,89.7,5.9,57,Moderate,W,1004.52,5.1,Low,Peak,Active,98.5,0.73,52.03,Decreasing
30-06-2024 03:00,NODE_03,Sensor_Node_3_Residential_Border,5,13.91,1.117,449.3,2,2.38,28.73,33.4,84.6,3.2,21,Good,E,1014.94,3.75,Medium,Peak,Active,75.6,0.77,21.02,Decreasing
30-06-2024 04:00,NODE_03,Sensor_Node_3_Residential_Border,9.29,25.5,1.341,424.6,6.28,8.09,30.31,31.3,67.1,1.3,39,Good,SE,1009.25,4.56,Medium,Low,Active,44,0.77,39.99,Increasing
30-06-2024 05:00,NODE_03,Sensor_Node_3_Residential_Border,5,31.07,0.2,457.5,5.83,1,22.29,31.7,82.6,3.2,29,Good,NW,1001.43,6.08,High,High,Active,62.9,0.91,28.7,Decreasing
30-06-2024 06:00,NODE_03,Sensor_Node_3_Residential_Border,33.28,73.33,2.111,421.6,27.9,16.46,13.87,33.8,78.2,2.7,96,Moderate,W,1004.29,1.32,High,Low,Active,83.7,0.91,94.96,Stable
30-06-2024 07:00,NODE_03,Sensor_Node_3_Residential_Border,49.8,62.31,2.95,476.8,33.46,11.62,17.13,35.3,59.3,1,136,Unhealthy for Sensitive Groups,SE,1013.12,9.19,Low,Low,Active,82.5,0.9,137.22,Decreasing
30-06-2024 08:00,NODE_03,Sensor_Node_3_Residential_Border,208.28,331.23,11.664,469,25.12,10.29,11.31,36.6,72.8,3.2,258,Very Unhealthy,E,1022.01,1.25,High,Low,Active,31.1,0.86,266.33,Increasing
30-06-2024 09:00,NODE_03,Sensor_Node_3_Residential_Border,38.06,57.99,2.734,475.3,21.49,19.44,17.35,37.9,55.3,3.3,107,Unhealthy for Sensitive Groups,E,1020.91,8.9,High,High,Active,53.2,0.8,97,Increasing
30-06-2024 10:00,NODE_03,Sensor_Node_3_Residential_Border,41.7,63.97,1.272,445.6,38.62,13.91,8.41,39.8,62.8,6.4,116,Unhealthy for Sensitive Groups,W,1004.14,3.44,Low,Normal,Maintenance,72.7,0.85,109.49,Decreasing
30-06-2024 11:00,NODE_03,Sensor_Node_3_Residential_Border,31.07,55.35,2.346,496.7,23.28,15.44,14.41,38.7,59.9,1.2,91,Moderate,SW,1009.6,1.41,Medium,Normal,Active,53.2,0.76,91.64,Stable
30-06-2024 12:00,NODE_03,Sensor_Node_3_Residential_Border,26.89,54.35,2.387,473.2,41.24,15.47,23.79,37.7,69.3,1.4,500,Hazardous,S,1007.86,6.37,Medium,Normal,Active,63,0.92,472.57,Stable
30-06-2024 13:00,NODE_03,Sensor_Node_3_Residential_Border,35.05,67.34,2.531,443.5,35.08,16.86,12.48,38.1,73.7,2.6,99,Moderate,E,1010.29,8.51,High,Peak,Active,30.6,0.87,104.78,Stable
30-06-2024 14:00,NODE_03,Sensor_Node_3_Residential_Border,46.07,95,2.623,486,38.33,14.42,22.45,35.9,69.4,2.9,127,Unhealthy for Sensitive Groups,SE,1015.37,9.41,Medium,Low,Active,40.3,0.84,131.08,Decreasing
30-06-2024 15:00,NODE_03,Sensor_Node_3_Residential_Border,29.9,72.65,2.38,450.6,29.97,13.06,17.38,38.1,67.1,0.4,88,Moderate,SE,1010.67,8.52,Low,Normal,Maintenance,84.9,0.94,92.52,Stable
30-06-2024 16:00,NODE_03,Sensor_Node_3_Residential_Border,28.09,63.29,2.224,404.6,42.99,22.55,14.23,36.9,62.6,1.8,85,Moderate,SE,1012.62,1.56,High,Normal,Active,56,0.97,78.85,Decreasing
30-06-2024 17:00,NODE_03,Sensor_Node_3_Residential_Border,21.02,66.76,2.436,489.9,26.54,14.68,20.35,35.5,64.5,4.2,70,Moderate,NE,1003.82,3.65,Low,Peak,Active,36.2,0.81,69.94,Decreasing
30-06-2024 18:00,NODE_03,Sensor_Node_3_Residential_Border,32.4,54.14,2.292,420.3,33.57,10.17,15.07,34.5,71.9,2.4,500,Hazardous,S,1008.7,8.27,Medium,Peak,Active,82.9,0.9,522.25,Stable
30-06-2024 19:00,NODE_03,Sensor_Node_3_Residential_Border,114.29,127.85,4.419,483.4,31.74,20.69,21.43,34.2,76.7,4.7,500,Hazardous,NW,1017.65,8.21,Medium,High,Active,83.2,0.8,524.56,Increasing
30-06-2024 20:00,NODE_03,Sensor_Node_3_Residential_Border,34.59,55.36,2.121,463.4,22.54,15.64,14.21,32.6,73,1.1,98,Moderate,S,1014.5,3.18,High,Normal,Active,65.7,0.99,97.31,Stable
30-06-2024 21:00,NODE_03,Sensor_Node_3_Residential_Border,27.37,68.5,1.95,482.8,19.55,2.44,20.37,33.8,79.2,2,83,Moderate,S,1021.35,7.39,High,Peak,Active,31,0.71,86.43,Stable
30-06-2024 22:00,NODE_03,Sensor_Node_3_Residential_Border,50.53,53.97,1.489,479.6,25.18,3.12,28.81,31.4,68.1,2.1,138,Unhealthy for Sensitive Groups,SW,1009.23,9.2,Medium,High,Active,38.6,0.85,148.19,Decreasing
30-06-2024 23:00,NODE_03,Sensor_Node_3_Residential_Border,36.91,31.98,2.467,484.2,15.82,15.25,9.36,31.5,86,5.6,104,Unhealthy for Sensitive Groups,NE,1009.89,3.46,Medium,High,Active,72.7,0.72,100.43,Decreasing
01-07-2024 00:00,NODE_03,Sensor_Node_3_Residential_Border,51.65,69.48,2.587,434.5,30.42,12.3,19.69,31.7,79.3,3.6,141,Unhealthy for Sensitive Groups,S,1016.15,2.21,Medium,High,Active,54.4,0.78,130.99,Stable
01-07-2024 01:00,NODE_03,Sensor_Node_3_Residential_Border,53.15,85.58,2.261,450.5,24.36,13.6,15.89,32.1,75.7,2.4,144,Unhealthy for Sensitive Groups,NE,1003.92,1.79,High,High,Active,86.7,0.99,157.78,Increasing
01-07-2024 02:00,NODE_03,Sensor_Node_3_Residential_Border,37.46,63.2,2.764,456.8,37.37,14.73,26.95,31.2,68.9,2.8,106,Unhealthy for Sensitive Groups,NE,1003.62,6.95,Low,Peak,Active,74.5,0.96,97.36,Stable
01-07-2024 03:00,NODE_03,Sensor_Node_3_Residential_Border,15.78,14.27,1.981,423.6,11.86,1,18.26,31.9,73.5,3.8,59,Moderate,E,1004.49,6.55,Medium,Normal,Active,50,0.71,58.24,Increasing
01-07-2024 04:00,NODE_03,Sensor_Node_3_Residential_Border,10.89,10.29,0.98,413.8,6.89,5.16,21.78,29.5,78.4,5.5,45,Good,NW,1019.16,5.9,High,Peak,Maintenance,71.1,0.86,48.28,Stable
01-07-2024 05:00,NODE_03,Sensor_Node_3_Residential_Border,23.43,23.34,0.2,444.6,11.91,6,24.47,32.7,74.4,4.7,75,Moderate,NE,1006.85,5.5,Low,Normal,Active,55.1,0.88,79.84,Decreasing
01-07-2024 06:00,NODE_03,Sensor_Node_3_Residential_Border,69.51,130.47,4.594,440,59.34,24.21,18.44,35.5,70.4,2.2,158,Unhealthy,N,1013.48,8.18,Medium,Low,Active,45.9,0.81,169.1,Increasing
01-07-2024 07:00,NODE_03,Sensor_Node_3_Residential_Border,70.82,121.44,3.805,468.9,44.82,23.16,13.87,35,67.5,2.5,159,Unhealthy,N,1019.11,2.95,High,High,Active,84.1,0.86,169.6,Increasing
01-07-2024 08:00,NODE_03,Sensor_Node_3_Residential_Border,75.48,107.38,3.777,464.2,45.94,26.52,9.19,35.9,63.9,4.8,161,Unhealthy,SW,1001.99,2.1,High,Peak,Active,21.7,0.74,151.17,Decreasing
01-07-2024 09:00,NODE_03,Sensor_Node_3_Residential_Border,70.54,124.28,3.881,482.4,56.25,17.95,19.87,37.3,70.7,1.4,159,Unhealthy,SW,1013.93,7.66,Low,Peak,Active,81.5,0.92,151.93,Decreasing
01-07-2024 10:00,NODE_03,Sensor_Node_3_Residential_Border,57.73,66.28,3.485,512.9,56.16,22.87,20.81,37.1,64.5,1.8,152,Unhealthy,S,1012.86,6.76,High,High,Active,29.7,0.74,146.47,Increasing
01-07-2024 11:00,NODE_03,Sensor_Node_3_Residential_Border,63.68,113.78,3.872,492.9,57.57,15.66,14.53,36.2,50.6,6.1,155,Unhealthy,NW,1017.33,7.49,High,Normal,Active,32.3,0.75,169.63,Decreasing
01-07-2024 12:00,NODE_03,Sensor_Node_3_Residential_Border,66.57,120.12,3.673,450.5,47.83,27.08,17.87,35.7,66.8,4.1,157,Unhealthy,N,1020.31,5.18,High,Normal,Active,54.3,0.89,169.48,Stable
01-07-2024 13:00,NODE_03,Sensor_Node_3_Residential_Border,76.19,93.16,3.903,462.7,54.56,18.2,11.67,37.9,60.7,2.2,162,Unhealthy,SW,999.62,5.83,Low,Peak,Active,38,0.87,149.1,Decreasing
01-07-2024 14:00,NODE_03,Sensor_Node_3_Residential_Border,75.41,75.01,4.292,458.5,40.25,22.28,20.43,39.2,73.6,2,161,Unhealthy,SW,1014.51,1.77,Medium,Low,Active,40.1,0.98,149.25,Stable
01-07-2024 15:00,NODE_03,Sensor_Node_3_Residential_Border,45.93,92.31,3.241,451.4,27.47,14.9,27.94,37.4,64.8,5.9,127,Unhealthy for Sensitive Groups,E,1001.93,3.12,Medium,High,Active,76.1,0.94,124.29,Increasing
01-07-2024 16:00,NODE_03,Sensor_Node_3_Residential_Border,40.41,70.24,2.704,449,52.88,17.56,15.82,36.1,56.9,1.8,113,Unhealthy for Sensitive Groups,N,1029.19,7.14,Low,Normal,Active,61.7,0.92,113.82,Decreasing
01-07-2024 17:00,NODE_03,Sensor_Node_3_Residential_Border,45.57,108.48,3.402,436.4,31.45,12.24,17.47,35.3,72.9,2.6,126,Unhealthy for Sensitive Groups,NE,1007.95,1.1,Medium,Peak,Active,89.8,0.98,130.5,Increasing
01-07-2024 18:00,NODE_03,Sensor_Node_3_Residential_Border,52.35,107.96,3.459,432.4,27.13,16.84,15.21,32.6,67.5,3.3,142,Unhealthy for Sensitive Groups,NW,1004.72,9.2,Medium,Low,Active,62.8,0.75,139.23,Decreasing
01-07-2024 19:00,NODE_03,Sensor_Node_3_Residential_Border,57.44,81.15,3.388,446.2,29.69,16.7,12.13,33.2,73.4,3.3,152,Unhealthy,SW,1001.66,8.54,Medium,Peak,Active,45.1,0.7,136.9,Increasing
01-07-2024 20:00,NODE_03,Sensor_Node_3_Residential_Border,61.11,89.66,2.708,465.4,43.41,16.14,25.27,31.6,83.9,2.5,154,Unhealthy,SW,1011.93,7.45,Low,Low,Active,40.5,0.77,151.92,Stable
01-07-2024 21:00,NODE_03,Sensor_Node_3_Residential_Border,47.56,94.96,2.059,497.2,42.54,21.35,11.51,31.4,75.2,3.8,131,Unhealthy for Sensitive Groups,N,1004.3,5.88,Low,Low,Active,92.1,0.74,128.65,Decreasing
01-07-2024 22:00,NODE_03,Sensor_Node_3_Residential_Border,53.97,90.44,3.384,442.8,41.45,17.64,19.07,32.1,74.6,1.7,146,Unhealthy for Sensitive Groups,W,1015.97,3.69,Low,Normal,Active,87.4,0.99,156.4,Stable
01-07-2024 23:00,NODE_03,Sensor_Node_3_Residential_Border,35.36,83.83,2.269,465.8,32.14,9.46,13.27,28,72.5,3.8,100,Moderate,SE,1011.31,9.56,Medium,High,Active,48.6,0.98,97.86,Decreasing
02-07-2024 00:00,NODE_03,Sensor_Node_3_Residential_Border,40.34,81.38,2.027,436.1,35.64,13.63,24.47,30.1,75.7,4.4,113,Unhealthy for Sensitive Groups,SW,1013.8,3.36,Low,High,Active,66.1,0.81,112.12,Decreasing
02-07-2024 01:00,NODE_03,Sensor_Node_3_Residential_Border,37.87,55.35,2.243,420,27.8,9.28,5.57,33.5,73.2,3.7,107,Unhealthy for Sensitive Groups,E,1006.23,4.47,Medium,Low,Active,36.9,0.84,115.98,Stable
02-07-2024 02:00,NODE_03,Sensor_Node_3_Residential_Border,30.22,48.08,2.201,438.5,25.76,9.29,19.86,33,67.5,0.3,89,Moderate,S,1016.07,6.67,Low,Low,Active,68.7,0.85,91.45,Stable
02-07-2024 03:00,NODE_03,Sensor_Node_3_Residential_Border,23.22,49.97,0.647,435.3,11.75,1,31.09,31.2,73.1,3.3,74,Moderate,NW,1014.46,4.25,Medium,Low,Active,39.6,0.88,70.71,Increasing
02-07-2024 04:00,NODE_03,Sensor_Node_3_Residential_Border,72.19,150.7,4.035,413.9,2,12.13,24.11,32.2,84.1,3.6,160,Unhealthy,SE,1016.61,5.77,High,Normal,Active,47.2,0.84,152.11,Stable
02-07-2024 05:00,NODE_03,Sensor_Node_3_Residential_Border,16.11,30.2,1.092,422.6,18.77,1,19.41,34.4,65.1,5.4,59,Moderate,E,1000.84,8.67,High,Low,Active,95,1,59.79,Decreasing
02-07-2024 06:00,NODE_03,Sensor_Node_3_Residential_Border,60.93,110.1,4.076,471.8,28.86,23.92,14.9,35.6,66.2,2.4,154,Unhealthy,E,1010.44,5.69,High,Peak,Active,86.5,0.81,149.51,Stable
02-07-2024 07:00,NODE_03,Sensor_Node_3_Residential_Border,78.61,131.64,4.967,447.9,67.85,12.08,19.78,37.7,64.3,2.4,163,Unhealthy,E,1008.07,4.65,High,Low,Active,21.8,0.78,168.1,Increasing
02-07-2024 08:00,NODE_03,Sensor_Node_3_Residential_Border,60,95.01,3.801,471.6,42.04,27.3,12.96,35.9,70.4,3.6,153,Unhealthy,N,1016.89,6.18,Medium,Low,Active,34.8,0.94,154.17,Increasing
02-07-2024 09:00,NODE_03,Sensor_Node_3_Residential_Border,89.97,107.82,4.027,477.6,50.18,25.43,31.66,35.2,70.2,1.9,169,Unhealthy,N,1005.37,3.75,Medium,Peak,Fault,66.1,0.95,165.53,Decreasing
02-07-2024 10:00,NODE_03,Sensor_Node_3_Residential_Border,60.64,103.9,4.961,471.9,57.49,20.48,18.16,38.2,65.4,2.3,154,Unhealthy,SE,1011.84,9.87,Medium,High,Active,56.6,0.75,165.13,Stable
02-07-2024 11:00,NODE_03,Sensor_Node_3_Residential_Border,68.11,117.16,4.126,483.4,57.12,24.5,21.97,37.3,75,5.4,158,Unhealthy,SE,1007.89,1.84,Medium,High,Active,33.1,0.74,145.58,Decreasing
02-07-2024 12:00,NODE_03,Sensor_Node_3_Residential_Border,55.53,123.28,3.917,463.6,59.46,22.5,17.01,35.9,61.9,4.1,151,Unhealthy,NE,1016.46,5.8,High,Low,Active,34.7,0.88,137.08,Increasing
02-07-2024 13:00,NODE_03,Sensor_Node_3_Residential_Border,67.47,109.89,3.358,448.9,49.47,25.01,11.3,36.3,62.7,1.3,157,Unhealthy,NE,1012.56,8.68,Medium,Normal,Active,85.8,0.98,162.87,Increasing
02-07-2024 14:00,NODE_03,Sensor_Node_3_Residential_Border,66.97,135.79,3.833,461.7,58.23,16.99,18.65,37.5,77,3,157,Unhealthy,NE,1001.14,3.63,High,Normal,Active,47.2,0.86,153.95,Stable
02-07-2024 15:00,NODE_03,Sensor_Node_3_Residential_Border,62.83,70.77,3.642,441,45.83,21.89,9.29,39,74.5,3.8,155,Unhealthy,W,1020.79,7.46,High,Low,Active,24.7,0.88,142.09,Decreasing
02-07-2024 16:00,NODE_03,Sensor_Node_3_Residential_Border,43.21,103.92,3.026,432.6,50.65,23.17,19.36,36,66.6,4.2,120,Unhealthy for Sensitive Groups,W,1024.66,9.91,Low,High,Active,58.8,0.71,114.14,Decreasing
02-07-2024 17:00,NODE_03,Sensor_Node_3_Residential_Border,57.23,94.14,3.772,424.7,45.99,17.99,20.19,37.8,77.1,1.3,152,Unhealthy,E,1015.07,2.05,Low,High,Active,39.3,0.77,142.63,Increasing
02-07-2024 18:00,NODE_03,Sensor_Node_3_Residential_Border,37.47,97.5,3.687,481,37.5,22.28,24.75,35.4,72.3,4.6,106,Unhealthy for Sensitive Groups,S,1017.53,4.52,High,Normal,Active,34,0.99,102.16,Stable
02-07-2024 19:00,NODE_03,Sensor_Node_3_Residential_Border,52.44,84.56,2.891,463,35.99,15.25,9.6,31.5,78,2.9,143,Unhealthy for Sensitive Groups,NE,1007.22,3.65,Medium,Low,Active,43,0.76,156.47,Stable
02-07-2024 20:00,NODE_03,Sensor_Node_3_Residential_Border,59.13,59.96,3.286,431.9,34.44,19.88,22.5,29.1,65,2.7,153,Unhealthy,SE,1012.93,5.06,Low,High,Active,93.6,0.97,151.72,Stable
02-07-2024 21:00,NODE_03,Sensor_Node_3_Residential_Border,47.43,103.33,2.296,494.4,38.5,18.77,13.26,32.7,77.6,5.3,130,Unhealthy for Sensitive Groups,S,1021.76,1.47,Low,High,Active,64.7,0.96,133.92,Increasing
02-07-2024 22:00,NODE_03,Sensor_Node_3_Residential_Border,42.45,96.95,3.424,430.6,38.43,16.05,18.61,31.6,82.1,0.3,118,Unhealthy for Sensitive Groups,W,1022.1,5.24,Low,High,Active,80.1,0.88,126.91,Stable
02-07-2024 23:00,NODE_03,Sensor_Node_3_Residential_Border,38.8,81.78,1.615,452.1,16.14,10.97,23.21,31.2,79.6,5.3,109,Unhealthy for Sensitive Groups,NW,1011.39,7.17,Low,Peak,Active,47.7,0.8,111.23,Stable
03-07-2024 00:00,NODE_03,Sensor_Node_3_Residential_Border,52.19,69.92,1.452,406.5,23.3,8.97,20.99,29.2,72.3,1.3,142,Unhealthy for Sensitive Groups,NE,1011.84,5.25,Medium,High,Active,29.8,0.86,139.91,Increasing
03-07-2024 01:00,NODE_03,Sensor_Node_3_Residential_Border,34.94,68.95,2.778,435.7,30.82,21.24,22.03,31.8,75,2.2,99,Moderate,N,1008.66,4.21,Medium,High,Active,24.4,0.97,102.08,Stable
03-07-2024 02:00,NODE_03,Sensor_Node_3_Residential_Border,44.41,83.48,3.075,449.7,28.35,7.43,20.43,31.7,81.4,4,123,Unhealthy for Sensitive Groups,NW,1009.99,6.18,High,Low,Active,24,0.79,124.14,Stable
03-07-2024 03:00,NODE_03,Sensor_Node_3_Residential_Border,16.34,38.04,0.843,428.5,17.33,7.78,36.29,33.6,70.1,4.2,60,Moderate,NW,1014.58,1.1,Low,Normal,Maintenance,85.1,0.72,62.32,Increasing
03-07-2024 04:00,NODE_03,Sensor_Node_3_Residential_Border,10.29,30.86,1.772,434.1,19.48,6.29,24.65,29.2,76.5,2.7,43,Good,SW,1010.11,4.51,High,Peak,Active,86.6,0.97,40.71,Increasing
03-07-2024 05:00,NODE_03,Sensor_Node_3_Residential_Border,12.26,21.4,1.654,463.7,20.67,8.08,16.38,31.4,79.1,6.2,51,Moderate,NE,1015.19,9.26,High,High,Active,36.8,0.79,54.38,Increasing
03-07-2024 06:00,NODE_03,Sensor_Node_3_Residential_Border,55.68,110.72,3.684,476.5,55.09,11.45,17.42,33,75.3,1,151,Unhealthy,NE,1014.89,1.42,Low,Normal,Active,69.1,0.99,152.55,Increasing
03-07-2024 07:00,NODE_03,Sensor_Node_3_Residential_Border,51.77,128.22,3.483,462,61.82,21.05,20.94,35,80.4,5.1,141,Unhealthy for Sensitive Groups,E,1015.82,5.64,High,Normal,Active,81.7,0.93,135.58,Decreasing
03-07-2024 08:00,NODE_03,Sensor_Node_3_Residential_Border,67.44,109.85,4.278,455.5,55.5,25.44,18.68,34.6,71.7,0.9,157,Unhealthy,E,1019.15,5.58,High,High,Active,28,0.94,143.25,Increasing
03-07-2024 09:00,NODE_03,Sensor_Node_3_Residential_Border,74.39,96.26,3.077,484.2,45.87,24.59,24.56,34.6,58.4,4,161,Unhealthy,NE,1019.31,2.43,Low,Low,Active,74.7,0.82,176.74,Increasing
03-07-2024 10:00,NODE_03,Sensor_Node_3_Residential_Border,79.71,125.29,3.773,470.7,52.75,28.33,17.46,36.4,68.1,2,164,Unhealthy,NW,1011.48,1.88,Low,Normal,Active,35.3,0.95,171.19,Increasing
03-07-2024 11:00,NODE_03,Sensor_Node_3_Residential_Border,53.5,108.54,3.047,447.6,50.26,24.95,13.91,38,71.5,2.9,145,Unhealthy for Sensitive Groups,E,1012.8,4.74,High,Normal,Active,88.1,0.76,152.47,Stable
03-07-2024 12:00,NODE_03,Sensor_Node_3_Residential_Border,59.27,125.06,4.266,445.5,42.57,16.12,12.42,39.3,68.1,1.3,153,Unhealthy,NW,1012.32,5.94,Medium,Normal,Active,26.7,0.8,145.77,Stable
03-07-2024 13:00,NODE_03,Sensor_Node_3_Residential_Border,67.35,100.26,3.31,470.3,50.06,23.56,22.94,36.2,65.3,5.6,157,Unhealthy,N,1004.23,5.3,High,Normal,Active,37.2,0.96,166.87,Decreasing
03-07-2024 14:00,NODE_03,Sensor_Node_3_Residential_Border,66.59,113.49,3.935,478.3,45.46,23.48,18.57,37.8,76.3,1.4,157,Unhealthy,S,1008.24,1.54,Low,High,Maintenance,26.9,0.73,159.17,Decreasing
03-07-2024 15:00,NODE_03,Sensor_Node_3_Residential_Border,54.53,105.76,4.029,461,25.87,21.58,25.25,37.2,64.6,3.6,148,Unhealthy for Sensitive Groups,S,1018.2,8.24,Low,Normal,Active,42.6,0.71,146.8,Increasing
03-07-2024 16:00,NODE_03,Sensor_Node_3_Residential_Border,54.81,107.15,2.709,481.5,42.24,16.06,18.98,37.2,70.9,2.2,149,Unhealthy for Sensitive Groups,E,1017.05,9.42,Low,High,Active,55.6,0.76,138,Increasing
03-07-2024 17:00,NODE_03,Sensor_Node_3_Residential_Border,67.49,104.14,3.575,469.3,33.67,21.76,19.7,33.5,72.6,2.2,157,Unhealthy,NE,1005.29,8.86,High,Peak,Active,69.2,0.81,151.29,Decreasing
03-07-2024 18:00,NODE_03,Sensor_Node_3_Residential_Border,46.06,101.4,3.256,473,40.82,27.32,16.64,35,69.3,0.8,127,Unhealthy for Sensitive Groups,N,1017.46,5.63,Medium,High,Active,72.6,0.88,123.12,Stable
03-07-2024 19:00,NODE_03,Sensor_Node_3_Residential_Border,41.6,116.22,3.292,444.4,40.78,13.69,17.19,34.5,76.4,1.2,116,Unhealthy for Sensitive Groups,N,1026.78,9.24,Medium,Low,Active,93.8,0.82,105.55,Stable
03-07-2024 20:00,NODE_03,Sensor_Node_3_Residential_Border,39.65,80.18,2.659,445.9,42.4,21.47,16.72,31.1,80,1.8,111,Unhealthy for Sensitive Groups,SE,1019.83,7.53,Low,Low,Maintenance,61.7,0.96,121.3,Stable
03-07-2024 21:00,NODE_03,Sensor_Node_3_Residential_Border,183.07,288.4,9.605,466.2,53.16,38.67,13.97,28.7,72.5,5.3,233,Very Unhealthy,E,1008.95,5.01,High,Peak,Active,52.2,0.79,254.66,Stable
03-07-2024 22:00,NODE_03,Sensor_Node_3_Residential_Border,50.54,89.43,2.16,459,36.91,19.81,13.91,31.6,80.5,2.4,138,Unhealthy for Sensitive Groups,W,1015.84,10,Medium,Peak,Active,72.6,1,127.25,Decreasing
03-07-2024 23:00,NODE_03,Sensor_Node_3_Residential_Border,40.88,74.61,2.282,446.1,23.37,7.28,25.26,31.3,88.6,2.6,114,Unhealthy for Sensitive Groups,SE,999.43,1.69,High,Low,Active,26.8,0.75,110.34,Decreasing
04-07-2024 00:00,NODE_03,Sensor_Node_3_Residential_Border,38.36,71.91,2.785,473.1,23.04,10.8,27.65,27.5,71.5,2.7,108,Unhealthy for Sensitive Groups,E,1002.78,5.77,Medium,Low,Active,83,0.98,109.37,Increasing
04-07-2024 01:00,NODE_03,Sensor_Node_3_Residential_Border,43.1,69.23,2.581,473.9,33.37,5.59,14.37,32.2,80.4,3.5,120,Unhealthy for Sensitive Groups,SE,999.2,2.22,High,Low,Active,84.2,0.94,119.68,Stable
04-07-2024 02:00,NODE_03,Sensor_Node_3_Residential_Border,42.06,33.48,1.254,453,44.49,14.02,8.55,28.1,81,2.6,117,Unhealthy for Sensitive Groups,SW,1004.67,1.96,High,Low,Active,31.9,0.99,118.52,Decreasing
04-07-2024 03:00,NODE_03,Sensor_Node_3_Residential_Border,22.38,25.78,0.718,442.8,20.33,8.18,20.23,32.5,74.1,1.7,73,Moderate,NW,1011.69,2.83,Low,Normal,Active,55.1,0.88,78.27,Stable
04-07-2024 04:00,NODE_03,Sensor_Node_3_Residential_Border,16.67,36.48,0.2,415.3,9.37,9.55,20.67,31.5,79.9,6.2,61,Moderate,NE,1008.24,6.12,Low,Peak,Maintenance,39.6,0.75,64.85,Decreasing
04-07-2024 05:00,NODE_03,Sensor_Node_3_Residential_Border,16.82,49.96,0.885,462.4,27.04,7.23,27.09,33.8,78.5,4.8,61,Moderate,E,1017.45,1.86,Low,High,Active,94.1,0.7,59.9,Stable
04-07-2024 06:00,NODE_03,Sensor_Node_3_Residential_Border,70,133.41,3.114,472.9,57.51,17.03,18.15,34.9,82.4,1,158,Unhealthy,S,1001.38,1.98,Medium,High,Active,71,0.96,158.73,Decreasing
04-07-2024 07:00,NODE_03,Sensor_Node_3_Residential_Border,63.28,112.03,4.65,468.5,45.44,20.87,13.41,34.4,67.2,1.6,155,Unhealthy,E,1012.76,8.65,Low,Normal,Active,40.4,0.74,145.35,Stable
04-07-2024 08:00,NODE_03,Sensor_Node_3_Residential_Border,66.55,100.3,4.411,463.4,53.26,23.24,6.82,35.6,79.3,3,500,Hazardous,S,1013.22,4.77,High,Low,Active,97.1,0.98,495.6,Stable
04-07-2024 09:00,NODE_03,Sensor_Node_3_Residential_Border,59.79,121.24,3.96,487.8,58.11,21.53,13.85,34.7,72.6,1,153,Unhealthy,W,1013.32,5.47,Medium,Low,Active,75.9,0.72,161.03,Stable
04-07-2024 10:00,NODE_03,Sensor_Node_3_Residential_Border,219.82,405,9.6,469.9,39.06,41.85,10.19,37.8,60.9,8.1,273,Very Unhealthy,SE,1011.15,3.23,High,Normal,Active,86.2,0.82,259.54,Increasing
04-07-2024 11:00,NODE_03,Sensor_Node_3_Residential_Border,61.53,133.04,4.11,445.5,54.69,22.97,16.35,37.6,73.3,2.8,154,Unhealthy,SE,1014.83,4.43,High,Low,Maintenance,26.5,0.85,146.17,Increasing
04-07-2024 12:00,NODE_03,Sensor_Node_3_Residential_Border,52.59,121.47,3.808,451.3,51.69,27.06,16.56,35.6,65.9,3.5,143,Unhealthy for Sensitive Groups,NE,1005.27,9.72,High,Normal,Active,66.5,0.79,157.21,Increasing
04-07-2024 13:00,NODE_03,Sensor_Node_3_Residential_Border,68.36,93.71,2.568,452.1,36.76,25.38,21.31,35.4,59.7,2.9,158,Unhealthy,NW,1013.41,9.09,High,Normal,Active,91.7,0.92,149.34,Stable
04-07-2024 14:00,NODE_03,Sensor_Node_3_Residential_Border,69.76,134.94,4.052,462.9,47.73,21.99,16.79,37.3,67.4,3,158,Unhealthy,S,1013.6,7.9,Low,Normal,Active,72.9,0.91,172.62,Increasing
04-07-2024 15:00,NODE_03,Sensor_Node_3_Residential_Border,52.61,78.96,3.175,467,48.56,17.15,15.21,38.1,68.1,2.6,143,Unhealthy for Sensitive Groups,NW,1012.73,1.14,Medium,Normal,Fault,97.2,0.81,135.81,Decreasing
04-07-2024 16:00,NODE_03,Sensor_Node_3_Residential_Border,48.16,81.21,3.994,466.4,27.22,10.11,22.69,34.4,69,0.3,132,Unhealthy for Sensitive Groups,NE,1011.8,5.93,Medium,High,Active,27.2,0.71,137.62,Decreasing
04-07-2024 17:00,NODE_03,Sensor_Node_3_Residential_Border,51.15,118.9,2.954,450.6,44.27,21.73,19.01,31.6,75.3,2.4,140,Unhealthy for Sensitive Groups,N,1009.53,8.28,Low,Low,Active,61.8,0.9,127.26,Stable
04-07-2024 18:00,NODE_03,Sensor_Node_3_Residential_Border,48.86,92.95,3.801,421.5,41.4,23.19,17.89,35.2,76.1,3.3,134,Unhealthy for Sensitive Groups,S,1013.44,9.9,Low,Peak,Active,24.7,0.83,138.66,Decreasing
04-07-2024 19:00,NODE_03,Sensor_Node_3_Residential_Border,48.24,86.75,3.87,455.1,50.89,15.92,17.76,32.6,79.9,3.8,132,Unhealthy for Sensitive Groups,E,1014.67,7.84,Medium,Peak,Active,30.4,0.84,129.79,Stable
04-07-2024 20:00,NODE_03,Sensor_Node_3_Residential_Border,55.96,96.82,4.097,454.4,59.44,21.77,11.17,30.3,81.2,4,151,Unhealthy,S,1012.87,7.78,Medium,Low,Active,79.9,0.84,151.41,Stable
04-07-2024 21:00,NODE_03,Sensor_Node_3_Residential_Border,46.84,94.65,2.725,449.9,38.54,21.22,17.27,33.3,70.4,5.3,129,Unhealthy for Sensitive Groups,SE,1013.07,1.4,High,Low,Active,28,0.93,129.27,Increasing
04-07-2024 22:00,NODE_03,Sensor_Node_3_Residential_Border,59.16,94.19,2.455,447.6,39.5,22.24,17.77,33.6,75.3,2.3,153,Unhealthy,W,1006.72,9.44,High,Low,Active,28.9,0.85,149.32,Decreasing
04-07-2024 23:00,NODE_03,Sensor_Node_3_Residential_Border,40.39,85.22,1.979,443.2,31.99,9.73,34.11,30.5,78.6,1.8,113,Unhealthy for Sensitive Groups,SW,1012.5,2.78,Low,Peak,Active,94.5,0.88,102.11,Decreasing
05-07-2024 00:00,NODE_03,Sensor_Node_3_Residential_Border,48.69,64.61,2.469,429.8,35.94,11.7,12.54,29.6,82.7,3.8,133,Unhealthy for Sensitive Groups,W,1013.33,4.38,Low,Normal,Active,61.5,0.73,141.19,Stable
05-07-2024 01:00,NODE_03,Sensor_Node_3_Residential_Border,44.3,73.77,2.286,448.1,26.35,17.61,20.55,29.3,88.5,5.3,123,Unhealthy for Sensitive Groups,SW,1010.44,8.67,Low,Normal,Active,50.7,0.87,120.85,Increasing
05-07-2024 02:00,NODE_03,Sensor_Node_3_Residential_Border,49.51,69.76,2.128,441.6,23.5,16.77,29.99,31.4,86.5,3.4,135,Unhealthy for Sensitive Groups,NE,1019.78,7.28,Low,High,Active,34.4,0.72,129.19,Increasing
05-07-2024 03:00,NODE_03,Sensor_Node_3_Residential_Border,23.39,25.36,1.07,412.1,2,2.91,26.37,31.4,81,4,75,Moderate,W,1002.1,7.88,Low,High,Active,42.5,0.71,80.93,Decreasing
05-07-2024 04:00,NODE_03,Sensor_Node_3_Residential_Border,12.15,56.84,1.945,433.3,2.9,6.88,18.7,29.9,81,4.7,52,Moderate,N,1015.67,6.29,Low,Normal,Active,55.8,0.89,52.17,Stable
05-07-2024 05:00,NODE_03,Sensor_Node_3_Residential_Border,9.67,35.14,1.31,460.9,8.87,6.76,32.51,31.6,72.8,0.3,40,Good,NW,1010.05,3.16,Medium,Normal,Active,48.1,0.81,43.87,Stable
05-07-2024 06:00,NODE_03,Sensor_Node_3_Residential_Border,72.91,96.75,3.955,463.8,44.05,26.41,20.59,34.8,76.2,1,160,Unhealthy,NE,1012.67,9.46,Medium,Low,Active,70.1,0.71,158.59,Increasing
05-07-2024 07:00,NODE_03,Sensor_Node_3_Residential_Border,62.8,124.82,3.388,460,43.24,22.47,14.7,35.6,66.5,3.9,155,Unhealthy,N,1016.49,2.89,Medium,Low,Active,26.3,0.92,161.55,Decreasing
05-07-2024 08:00,NODE_03,Sensor_Node_3_Residential_Border,64.93,153.78,4.166,471.5,59.48,25.61,16.92,40.6,75.9,2,156,Unhealthy,SW,1014.74,1.4,Medium,Peak,Active,70.3,0.77,143.21,Decreasing
05-07-2024 09:00,NODE_03,Sensor_Node_3_Residential_Border,57.09,93.5,5.332,493.3,38.61,21.58,14.22,40.8,53.6,1.7,152,Unhealthy,SE,1012.6,1.12,Medium,Low,Active,61.8,0.74,149.96,Decreasing
05-07-2024 10:00,NODE_03,Sensor_Node_3_Residential_Border,60.3,117.61,4.284,459.6,49.86,17.78,11.63,38.1,70.3,2.2,153,Unhealthy,SW,1020.63,2.43,Low,Normal,Active,74.2,0.76,151.31,Stable
05-07-2024 11:00,NODE_03,Sensor_Node_3_Residential_Border,51.25,108.61,3.708,423.8,57.91,21.29,30.04,38.8,68.5,2,140,Unhealthy for Sensitive Groups,SW,1003.6,7.56,High,Peak,Maintenance,55.7,1,126.26,Increasing
05-07-2024 12:00,NODE_03,Sensor_Node_3_Residential_Border,72.42,110.13,3.493,503,53.01,24.78,14.46,39.8,62.8,4,160,Unhealthy,W,1000.27,1.48,Low,High,Active,38.7,0.99,168.5,Stable
05-07-2024 13:00,NODE_03,Sensor_Node_3_Residential_Border,75.52,132.35,3.631,510,51.42,28.49,10.4,38.9,68.6,4.9,161,Unhealthy,W,1007.45,1.55,High,Peak,Active,43.6,0.79,169.47,Stable
05-07-2024 14:00,NODE_03,Sensor_Node_3_Residential_Border,76.45,121.55,4.038,473.8,54.09,24.81,19.76,38.4,64.2,4.3,162,Unhealthy,NE,1012.72,2.71,Medium,Low,Active,21.3,0.87,154.04,Increasing
05-07-2024 15:00,NODE_03,Sensor_Node_3_Residential_Border,60.9,99.29,3.267,454.3,47.25,9.13,18.13,36.2,64.9,1.3,154,Unhealthy,NW,1016.42,7.27,Low,Normal,Active,68.2,0.91,168.48,Stable
05-07-2024 16:00,NODE_03,Sensor_Node_3_Residential_Border,50.04,74.74,3.279,475.2,47.68,19.47,15.6,34.3,65.1,1.5,137,Unhealthy for Sensitive Groups,E,1008,9.02,Low,Peak,Active,54.4,0.73,145.22,Increasing
05-07-2024 17:00,NODE_03,Sensor_Node_3_Residential_Border,50.26,82.37,4.286,470.9,44.37,18.52,15.89,35.2,74.6,3.4,137,Unhealthy for Sensitive Groups,E,1011.69,9.7,Medium,Normal,Maintenance,70,0.9,140.46,Stable
05-07-2024 18:00,NODE_03,Sensor_Node_3_Residential_Border,58.9,84.48,2.287,481.9,36.16,14.88,14.01,34.5,68.8,0.8,153,Unhealthy,NE,1012.85,7.53,Low,Peak,Active,93.7,0.72,142.17,Stable
05-07-2024 19:00,NODE_03,Sensor_Node_3_Residential_Border,64.7,111.66,3.266,445.6,53.34,21.9,15.07,33.6,75.3,3.4,156,Unhealthy,SW,1004.8,9.3,Medium,Normal,Active,58.1,0.84,153.12,Increasing
05-07-2024 20:00,NODE_03,Sensor_Node_3_Residential_Border,52.98,132.34,3.371,446.5,37.61,24.86,16.99,30.7,75.7,5.3,144,Unhealthy for Sensitive Groups,NW,1011.92,5.95,Low,Low,Active,99.8,0.99,133.85,Decreasing
05-07-2024 21:00,NODE_03,Sensor_Node_3_Residential_Border,51.88,111.83,3.904,454.3,46.68,17.08,14.79,34,88.5,1.5,141,Unhealthy for Sensitive Groups,W,1013.03,6.01,Low,High,Active,49,0.99,132.53,Stable
05-07-2024 22:00,NODE_03,Sensor_Node_3_Residential_Border,45.73,101.83,3.788,462.7,48.78,16.89,16.19,31.1,65.9,2.5,126,Unhealthy for Sensitive Groups,W,1018.11,8.13,Medium,Low,Active,62.5,0.99,119.61,Increasing
05-07-2024 23:00,NODE_03,Sensor_Node_3_Residential_Border,36.72,52.25,2.303,428.3,27.84,5.35,24.67,32,69.5,5,104,Unhealthy for Sensitive Groups,SW,1014.18,3.73,Medium,Peak,Maintenance,37.5,0.77,100.56,Increasing
06-07-2024 00:00,NODE_03,Sensor_Node_3_Residential_Border,28.52,43.54,1.796,476.4,12.6,14,29.93,27.6,84.7,1.9,86,Moderate,W,1010.68,4.86,Low,Low,Active,67.4,0.93,86.24,Increasing
06-07-2024 01:00,NODE_03,Sensor_Node_3_Residential_Border,19.95,38.62,1.241,432.5,25.84,10.9,24.02,29.8,77,1.5,68,Moderate,NE,1016.11,6.19,High,Normal,Active,80.5,0.74,71.72,Decreasing
06-07-2024 02:00,NODE_03,Sensor_Node_3_Residential_Border,22.89,59.27,1.759,470.6,2.88,14.83,26.09,32.2,68.3,4.7,74,Moderate,N,1018.07,1.56,Medium,Low,Active,35,0.88,76.75,Decreasing
06-07-2024 03:00,NODE_03,Sensor_Node_3_Residential_Border,7.35,45.23,0.792,452,18.86,6.79,26.78,33.2,67.6,3.8,42,Good,NE,1012.43,5.35,Medium,Peak,Active,31.2,0.75,39.65,Increasing
06-07-2024 04:00,NODE_03,Sensor_Node_3_Residential_Border,12.92,28.54,1.199,424,30.14,1,16.21,33.2,71.9,5,53,Moderate,SW,1008.81,3.75,High,Normal,Active,44.1,0.96,48.27,Increasing
06-07-2024 05:00,NODE_03,Sensor_Node_3_Residential_Border,12.98,10,0.298,450.7,5.02,3.37,22.5,33.8,71.4,2.6,53,Moderate,SW,1010.44,1.76,Medium,Peak,Active,98.2,0.99,50.17,Decreasing
06-07-2024 06:00,NODE_03,Sensor_Node_3_Residential_Border,31.82,57.93,3.093,448,23.54,17.27,25.22,37.3,71.5,5.1,92,Moderate,N,1010.7,3.24,High,Peak,Active,22.9,0.83,84.16,Increasing
06-07-2024 07:00,NODE_03,Sensor_Node_3_Residential_Border,18.63,72.07,3.131,450.9,29.13,15.5,22.23,33.7,77.2,2.5,65,Moderate,NE,1017.92,9.91,Low,Normal,Active,46.4,0.96,68.84,Stable
06-07-2024 08:00,NODE_03,Sensor_Node_3_Residential_Border,49.56,89.05,3.354,497.3,25.21,16.2,16.09,36.6,69.6,0.7,136,Unhealthy for Sensitive Groups,SW,1013.92,7.56,Medium,High,Active,59.6,0.93,124.27,Increasing
06-07-2024 09:00,NODE_03,Sensor_Node_3_Residential_Border,44.68,78.35,2.987,466.7,29.56,15.13,18.18,35.9,65.7,0.8,124,Unhealthy for Sensitive Groups,NE,1011.76,7.22,Low,Low,Active,87.5,0.95,129.94,Increasing
06-07-2024 10:00,NODE_03,Sensor_Node_3_Residential_Border,34.37,79.62,2.363,494.9,36.87,17.06,17.12,38.9,57.5,4.7,98,Moderate,S,1021.09,4.67,High,Low,Active,77.4,0.73,102.38,Stable
06-07-2024 11:00,NODE_03,Sensor_Node_3_Residential_Border,43.27,57.15,2.642,493.4,32.58,13.92,17.75,37.7,69.1,3.4,120,Unhealthy for Sensitive Groups,N,1000.76,7.97,Medium,Normal,Maintenance,59.3,0.83,115.95,Decreasing
06-07-2024 12:00,NODE_03,Sensor_Node_3_Residential_Border,43.3,86.21,3.296,458.7,46.57,12.02,18.24,38.6,68.7,0.6,120,Unhealthy for Sensitive Groups,SE,1006.86,8.54,Low,Normal,Active,48.3,0.83,123.66,Increasing
06-07-2024 13:00,NODE_03,Sensor_Node_3_Residential_Border,30.33,57.71,2.332,458.4,36.84,19.08,6.05,36.2,63.3,2.5,89,Moderate,E,1016.44,1.78,Low,Normal,Active,81,0.83,89.12,Stable
06-07-2024 14:00,NODE_03,Sensor_Node_3_Residential_Border,114.75,257.16,9.772,454.5,41.88,46.82,12.89,40.8,61.8,1.5,182,Unhealthy,N,1017.53,4.17,High,Low,Active,46.6,0.7,199.56,Stable
06-07-2024 15:00,NODE_03,Sensor_Node_3_Residential_Border,44.58,85.34,1.569,447.3,31.2,4.89,18.2,37,70.4,3.7,123,Unhealthy for Sensitive Groups,NE,1006.67,9.05,High,Peak,Active,51.5,0.74,120.07,Stable
06-07-2024 16:00,NODE_03,Sensor_Node_3_Residential_Border,27.24,50.26,2.302,462.3,28.67,5.61,29.31,36.7,59.5,3.8,83,Moderate,SW,1008.72,4.81,Low,Low,Active,93.4,0.93,90.22,Decreasing
06-07-2024 17:00,NODE_03,Sensor_Node_3_Residential_Border,39.21,40.86,2.5,436.2,19.39,11.78,15.34,34.2,61.3,5,110,Unhealthy for Sensitive Groups,NW,1015.36,5.59,High,High,Active,97.6,0.84,105.37,Increasing
06-07-2024 18:00,NODE_03,Sensor_Node_3_Residential_Border,49.35,70.87,2.339,427.8,26.01,8.63,10.85,32.1,76,5.1,135,Unhealthy for Sensitive Groups,E,1016.9,2.51,Low,Peak,Active,34.2,0.8,131.84,Stable
06-07-2024 19:00,NODE_03,Sensor_Node_3_Residential_Border,29.86,38.63,1.679,463.4,21.49,6.39,13.8,34.3,61.1,1.5,88,Moderate,NW,1010.59,1.8,High,Normal,Active,40.9,0.83,88.03,Stable
06-07-2024 20:00,NODE_03,Sensor_Node_3_Residential_Border,32.18,57.67,1.619,441,33.09,15.15,18.93,31.2,75.7,6.3,93,Moderate,W,1020.61,9.56,Medium,Low,Active,31.3,0.74,95.96,Stable
06-07-2024 21:00,NODE_03,Sensor_Node_3_Residential_Border,145.89,211.05,1.309,454.7,31,26.47,20.12,30.8,75.1,1.5,198,Unhealthy,NE,1008.72,2.89,Low,Normal,Fault,30.6,0.96,186.27,Decreasing
06-07-2024 22:00,NODE_03,Sensor_Node_3_Residential_Border,48.05,60.99,1.935,455.5,18.71,11.79,19.75,29.5,81.7,5.5,132,Unhealthy for Sensitive Groups,SE,1012.75,2.22,Low,Low,Active,31.9,0.75,144.69,Stable
06-07-2024 23:00,NODE_03,Sensor_Node_3_Residential_Border,29.63,39.07,1.897,438.6,30.72,6.09,20.01,28.8,81.1,2.8,88,Moderate,W,1008.23,8.1,Low,Peak,Active,37.9,0.95,96.18,Stable
07-07-2024 00:00,NODE_03,Sensor_Node_3_Residential_Border,14.68,51.98,1.793,449.6,15.95,11.2,16.09,28.9,82.1,3.4,56,Moderate,N,1010.49,1.79,Low,High,Active,44.2,0.81,57.53,Stable
07-07-2024 01:00,NODE_03,Sensor_Node_3_Residential_Border,30.1,46.85,1.298,444.8,4.96,9.97,27.87,29.6,85.7,2,89,Moderate,NW,1012.24,2.38,High,Low,Active,36.2,0.78,88.1,Stable
07-07-2024 02:00,NODE_03,Sensor_Node_3_Residential_Border,58.53,71.95,5.349,456.7,24,9.96,24.78,29.8,74.4,2.6,153,Unhealthy,SW,1014.98,8.7,High,Peak,Active,33.8,0.94,153.99,Stable
07-07-2024 03:00,NODE_03,Sensor_Node_3_Residential_Border,19.3,12.91,0.2,427.3,2,1,32.36,31.6,67,0.6,66,Moderate,NW,1016.32,8.99,High,Low,Active,75.6,0.94,67.72,Decreasing
07-07-2024 04:00,NODE_03,Sensor_Node_3_Residential_Border,5,23.39,1.1,420.9,6.15,1.28,26.93,31.6,73.7,2.8,22,Good,SW,1008.93,6.88,Low,Normal,Maintenance,92.1,0.86,22.66,Increasing
07-07-2024 05:00,NODE_03,Sensor_Node_3_Residential_Border,5,28.33,0.757,382.4,5.6,1,29.88,31.1,76.5,3.4,26,Good,N,1013.67,7.03,Medium,Low,Active,79.9,0.95,28.1,Decreasing
07-07-2024 06:00,NODE_03,Sensor_Node_3_Residential_Border,42.93,68.56,2.434,444.9,34.01,18.25,11.64,34,71.4,1.9,119,Unhealthy for Sensitive Groups,NE,1025.97,2.45,Low,Peak,Active,72.8,0.76,122.53,Stable
07-07-2024 07:00,NODE_03,Sensor_Node_3_Residential_Border,45.4,58.42,1.337,483,35.54,13.98,12.51,34.8,70.3,4.6,125,Unhealthy for Sensitive Groups,NE,1022.39,1.12,Medium,High,Active,87.1,0.8,137.13,Increasing
07-07-2024 08:00,NODE_03,Sensor_Node_3_Residential_Border,38.73,67.34,3.151,446.5,39.71,7.58,24.04,32.4,71.8,1.6,109,Unhealthy for Sensitive Groups,N,1011.19,6.8,Medium,High,Active,90.5,0.97,113.13,Stable
07-07-2024 09:00,NODE_03,Sensor_Node_3_Residential_Border,37.63,82.58,1.515,468.4,34.06,11.39,15.44,35.8,71.1,4.1,106,Unhealthy for Sensitive Groups,W,1017.64,8.86,Low,Normal,Active,23.6,0.84,106.82,Decreasing
07-07-2024 10:00,NODE_03,Sensor_Node_3_Residential_Border,48.2,91.56,2,509,35.51,12.04,27.5,36.8,59.5,4.5,132,Unhealthy for Sensitive Groups,NE,1022.67,1.92,High,Low,Active,21,0.85,122.71,Increasing
07-07-2024 11:00,NODE_03,Sensor_Node_3_Residential_Border,38.82,72.52,2.546,470.1,40.92,12.75,14.97,36.8,63.7,0.6,109,Unhealthy for Sensitive Groups,N,1024.39,1.97,Low,Normal,Active,40.2,0.99,113.15,Decreasing
07-07-2024 12:00,NODE_03,Sensor_Node_3_Residential_Border,47.1,84.3,3.346,467.1,30.91,15.63,13.66,37,67.9,5.3,130,Unhealthy for Sensitive Groups,S,1019.05,2.27,Low,Low,Maintenance,34.7,0.74,129.45,Increasing
07-07-2024 13:00,NODE_03,Sensor_Node_3_Residential_Border,39.77,78.44,3.496,485.6,27.39,12.44,9.14,36.4,73.8,4.9,112,Unhealthy for Sensitive Groups,W,1012.39,7.91,Low,Low,Active,22.2,0.88,100.99,Decreasing
07-07-2024 14:00,NODE_03,Sensor_Node_3_Residential_Border,40.68,54.69,1.522,442.5,27.14,14.05,14.02,38.5,61.2,6.1,500,Hazardous,SE,1014.01,8.25,High,Low,Active,60.2,0.98,469.52,Decreasing
07-07-2024 15:00,NODE_03,Sensor_Node_3_Residential_Border,44.13,52,2.505,434.3,17.57,7.35,24.28,36.5,62.1,4.6,122,Unhealthy for Sensitive Groups,NW,1010.34,9.95,Medium,Peak,Active,67.8,0.71,128.33,Increasing
07-07-2024 16:00,NODE_03,Sensor_Node_3_Residential_Border,25.7,61.51,1.929,449.1,17.34,14.79,16.06,31.6,71.1,0.3,80,Moderate,NW,1006.58,6.93,Low,High,Active,55.5,1,85.37,Decreasing
07-07-2024 17:00,NODE_03,Sensor_Node_3_Residential_Border,37.37,72.34,2.203,460.7,22.8,9.3,21.78,34.8,61.8,6.3,106,Unhealthy for Sensitive Groups,W,1012.44,6.94,Medium,Peak,Active,31.4,0.71,113.4,Stable
07-07-2024 18:00,NODE_03,Sensor_Node_3_Residential_Border,31.57,58.52,1.001,471.6,26.21,5.78,16.91,33.8,77.7,3.4,92,Moderate,SW,1022.29,9.2,High,Normal,Fault,70.2,0.89,93.7,Increasing
07-07-2024 19:00,NODE_03,Sensor_Node_3_Residential_Border,41.66,50.13,1.543,445.6,25.75,11.13,23.54,32.6,61.4,2.2,116,Unhealthy for Sensitive Groups,N,1011.97,4.26,High,Low,Active,35.1,0.8,123.94,Decreasing
07-07-2024 20:00,NODE_03,Sensor_Node_3_Residential_Border,98.41,74.25,8.262,418.9,22.19,30.89,21.35,29.8,82.2,3.2,173,Unhealthy,SW,1009.25,8.01,High,Peak,Active,87.1,0.81,172.46,Increasing
07-07-2024 21:00,NODE_03,Sensor_Node_3_Residential_Border,42.81,74.5,2.529,455.7,10.25,2.57,20.64,30.3,85.9,3,119,Unhealthy for Sensitive Groups,SE,1017.36,3.87,High,Peak,Active,80.4,0.83,119.85,Decreasing
07-07-2024 22:00,NODE_03,Sensor_Node_3_Residential_Border,30.12,45.92,2.783,460.5,21.01,10.71,17.02,33.2,78.2,3.3,89,Moderate,SE,1002.63,4.61,Medium,High,Active,35.9,0.84,96.05,Decreasing
07-07-2024 23:00,NODE_03,Sensor_Node_3_Residential_Border,25.87,45.06,1.762,448.4,17.23,8.62,16.94,30.4,85.5,2.4,80,Moderate,S,1019.2,8.8,Medium,Low,Active,71.4,0.91,87.26,Decreasing
08-07-2024 00:00,NODE_03,Sensor_Node_3_Residential_Border,37.93,76.6,2.49,447.4,26.34,9.41,16.29,29.8,80,1.8,107,Unhealthy for Sensitive Groups,N,1003.86,2.47,Medium,Normal,Active,83,0.85,116.17,Decreasing
08-07-2024 01:00,NODE_03,Sensor_Node_3_Residential_Border,25.85,58.81,2.177,454.3,40.79,11.1,26.2,29.5,85.8,6.8,80,Moderate,NE,1013.29,9.94,High,Normal,Active,45.9,0.84,82.16,Increasing
08-07-2024 02:00,NODE_03,Sensor_Node_3_Residential_Border,39.03,47.59,1.948,447.6,28.78,8.9,14.19,31.7,63.3,3.5,110,Unhealthy for Sensitive Groups,NE,1015.62,5.42,High,Normal,Active,68,0.78,110.76,Decreasing
08-07-2024 03:00,NODE_03,Sensor_Node_3_Residential_Border,20.54,10,0.2,420.8,19.71,14.1,29.94,31.4,70.4,1.9,69,Moderate,NW,1009.1,6.51,High,Normal,Active,57.3,0.93,63.11,Stable
08-07-2024 04:00,NODE_03,Sensor_Node_3_Residential_Border,13.25,24.95,1.06,418,13.73,6.91,19.51,30.1,81.6,1.7,53,Moderate,N,1014.56,6.9,Low,Peak,Active,92,0.98,56.5,Decreasing
08-07-2024 05:00,NODE_03,Sensor_Node_3_Residential_Border,17.49,39.27,0.959,455.4,13.95,4.36,21.92,35.3,79.5,5.1,62,Moderate,N,1014.15,4.42,Low,Low,Active,76.5,0.78,55.94,Increasing
08-07-2024 06:00,NODE_03,Sensor_Node_3_Residential_Border,68.69,88.64,4.311,481.6,42.75,23.95,11.81,33.4,72.9,0.6,158,Unhealthy,SE,1024.57,8.65,Medium,Normal,Active,30.8,0.76,168.02,Stable
08-07-2024 07:00,NODE_03,Sensor_Node_3_Residential_Border,66.8,112.85,3.029,469.8,62.11,22.68,15.11,36.1,71.3,4.8,157,Unhealthy,NW,1010.32,6.32,Medium,High,Active,37,0.89,144.24,Stable
08-07-2024 08:00,NODE_03,Sensor_Node_3_Residential_Border,62.63,126.81,3.971,476.3,49.01,21.2,19.99,35.2,82.9,4.4,155,Unhealthy,SE,1002.27,9.33,Low,Low,Active,35.9,0.85,156.85,Stable
08-07-2024 09:00,NODE_03,Sensor_Node_3_Residential_Border,61.28,113.67,4.14,496.3,53.25,22.94,13.24,35.6,58.5,2,154,Unhealthy,NW,1010.38,9.51,Low,Peak,Active,41.8,0.83,164.1,Increasing
08-07-2024 10:00,NODE_03,Sensor_Node_3_Residential_Border,171.36,315.18,8.225,484.2,41.23,43.77,19.41,36.1,59.2,3.4,222,Very Unhealthy,SW,1018.02,7.31,High,Normal,Active,25.5,0.86,234.05,Increasing
08-07-2024 11:00,NODE_03,Sensor_Node_3_Residential_Border,70.48,105.32,4.626,469.5,40.28,30.38,13.15,37.8,62.1,3.9,159,Unhealthy,E,1016.21,7.48,Medium,Peak,Active,57.5,0.79,159.38,Stable
08-07-2024 12:00,NODE_03,Sensor_Node_3_Residential_Border,67.57,118.41,3.2,463.6,46.05,18.3,18.34,37.5,70.2,4.6,157,Unhealthy,SE,1013.03,4.94,High,Low,Maintenance,33.6,0.97,150.11,Stable
08-07-2024 13:00,NODE_03,Sensor_Node_3_Residential_Border,71.77,107.53,3.446,449.9,51,18.63,22.89,40.3,69.1,5.3,159,Unhealthy,N,1010.94,3.17,Medium,Low,Active,49.1,0.83,154.14,Decreasing
08-07-2024 14:00,NODE_03,Sensor_Node_3_Residential_Border,67.95,114.26,5.027,504.3,48.97,20.8,17.63,35.7,56,1.3,157,Unhealthy,E,1016.67,7.07,High,Peak,Maintenance,81.2,0.82,162.72,Increasing
08-07-2024 15:00,NODE_03,Sensor_Node_3_Residential_Border,42.1,111.57,2.337,434.2,27.48,14.7,16.41,36.7,67.5,1.7,117,Unhealthy for Sensitive Groups,SE,1017.18,4.59,High,High,Active,80.9,0.72,119.31,Decreasing
08-07-2024 16:00,NODE_03,Sensor_Node_3_Residential_Border,56.15,78.6,3.463,431.5,35.08,25.45,29.29,34,76.2,2.8,151,Unhealthy,NE,1005.97,7.06,Low,High,Active,86,0.87,139.16,Increasing
08-07-2024 17:00,NODE_03,Sensor_Node_3_Residential_Border,65.71,64.18,3.114,465.6,41.99,19.19,14.34,34.3,56.1,1.9,156,Unhealthy,SE,1015.79,4.96,Medium,High,Active,33.6,0.71,162.56,Decreasing
08-07-2024 18:00,NODE_03,Sensor_Node_3_Residential_Border,50.81,94.74,2.792,438.9,42.11,10.15,22.23,35,68.7,2.4,139,Unhealthy for Sensitive Groups,SE,1007.42,3.51,High,Normal,Maintenance,36,0.84,132.34,Stable
08-07-2024 19:00,NODE_03,Sensor_Node_3_Residential_Border,48.85,88.39,2.913,484.3,28.08,13.65,22.06,36,68.4,2.1,134,Unhealthy for Sensitive Groups,SE,1013.85,6.52,Low,High,Active,90.3,0.96,142.53,Decreasing
08-07-2024 20:00,NODE_03,Sensor_Node_3_Residential_Border,49.69,91.34,2.727,450.7,30.77,19.98,13.91,31,70.3,3.8,136,Unhealthy for Sensitive Groups,W,1010.03,1.82,Low,Peak,Active,94.7,0.99,124.82,Stable
08-07-2024 21:00,NODE_03,Sensor_Node_3_Residential_Border,46.97,126.46,2.949,456.4,49.68,18.18,17.91,31,77.4,3.9,129,Unhealthy for Sensitive Groups,W,1014.37,7.65,Medium,Low,Active,65.5,0.78,119.24,Decreasing
08-07-2024 22:00,NODE_03,Sensor_Node_3_Residential_Border,61.05,97.74,3.177,494.9,37,20.07,24.27,32.1,72.6,3.4,154,Unhealthy,SE,1017.27,8.77,Low,Low,Active,74.5,0.75,144.92,Decreasing
08-07-2024 23:00,NODE_03,Sensor_Node_3_Residential_Border,62.12,54.31,2.794,405.8,28.61,13.39,18.55,32.5,78.4,3.9,500,Hazardous,S,1011.22,2.87,Low,Normal,Active,79.9,0.72,513.3,Decreasing
09-07-2024 00:00,NODE_03,Sensor_Node_3_Residential_Border,42.79,43.85,2.973,449.2,37.14,14.6,19.12,30.6,77.4,3.4,119,Unhealthy for Sensitive Groups,N,1030.57,3.24,Medium,Normal,Active,93.2,0.77,128.43,Decreasing
09-07-2024 01:00,NODE_03,Sensor_Node_3_Residential_Border,41.93,74.91,2.118,437.1,35.66,18.76,18.21,30.6,69.3,1.2,117,Unhealthy for Sensitive Groups,NW,1003.51,4.81,Low,Peak,Active,33.9,0.96,109.83,Increasing
09-07-2024 02:00,NODE_03,Sensor_Node_3_Residential_Border,148.53,232.11,4.424,441,38.7,22.53,23.96,29.1,80.7,1,500,Hazardous,E,1014,4.28,High,Low,Active,65.2,0.8,481.57,Stable
09-07-2024 03:00,NODE_03,Sensor_Node_3_Residential_Border,15.31,36.35,1.375,431.6,16.86,13.86,22.8,30.6,88.9,2.7,58,Moderate,N,1018.91,9.22,Low,Normal,Active,22.6,0.84,59.43,Decreasing
09-07-2024 04:00,NODE_03,Sensor_Node_3_Residential_Border,10.22,22.68,1.977,430.1,19.98,6.36,26.61,32.9,74.3,2.2,43,Good,W,1011.23,4.16,Low,Low,Maintenance,46.4,0.81,39.18,Stable
09-07-2024 05:00,NODE_03,Sensor_Node_3_Residential_Border,14.46,50.65,0.852,438,20.14,7.69,28.81,30.5,75,1.1,56,Moderate,W,1007.84,9.86,Medium,Low,Active,40.6,0.91,60.86,Decreasing
09-07-2024 06:00,NODE_03,Sensor_Node_3_Residential_Border,76.3,145.59,4.423,473.7,54.52,24.51,5.82,32.3,72.9,4.7,500,Hazardous,NW,1012.69,6.97,Medium,Low,Active,66.7,0.88,510.27,Stable
09-07-2024 07:00,NODE_03,Sensor_Node_3_Residential_Border,65.38,121.06,3.073,444.3,47.5,23.85,14.97,34.2,79,5.7,156,Unhealthy,NW,1011.84,4.43,Medium,High,Active,53.8,0.75,168.77,Stable
09-07-2024 08:00,NODE_03,Sensor_Node_3_Residential_Border,71.34,111.55,4.743,470.8,57.09,17.75,9.01,34.8,72.2,5.4,159,Unhealthy,NW,1001.62,1.57,Medium,Peak,Active,22.1,0.79,157.82,Decreasing
09-07-2024 09:00,NODE_03,Sensor_Node_3_Residential_Border,64.98,111.61,3.958,471.7,59,19.38,8.89,39.3,65,3.4,156,Unhealthy,SE,1025.99,3.98,Medium,Normal,Active,35.9,0.79,152.53,Decreasing
09-07-2024 10:00,NODE_03,Sensor_Node_3_Residential_Border,77.75,105.29,4.276,463.9,45.72,28.32,12.27,36.3,60.1,1.4,162,Unhealthy,NE,1021.93,1.69,Low,High,Active,58.6,0.75,172.56,Stable
09-07-2024 11:00,NODE_03,Sensor_Node_3_Residential_Border,62.42,119.44,3.05,468.3,40.42,19.84,14.81,37.8,68.4,2.5,155,Unhealthy,E,1001.42,2.73,Medium,Peak,Fault,58.4,0.8,160.47,Increasing
09-07-2024 12:00,NODE_03,Sensor_Node_3_Residential_Border,84.28,112.9,3.744,434.4,51.57,15.25,5,38.7,68.6,2.4,166,Unhealthy,SW,1000.35,2.02,Medium,High,Active,35.1,0.98,162.93,Stable
09-07-2024 13:00,NODE_03,Sensor_Node_3_Residential_Border,53.09,141.19,3.98,479.4,59,27.69,16.72,38.5,66.3,3,144,Unhealthy for Sensitive Groups,N,1004.86,7.27,High,High,Maintenance,55.9,0.73,146.41,Decreasing
09-07-2024 14:00,NODE_03,Sensor_Node_3_Residential_Border,61.63,73.03,3.45,460.1,56.81,20.97,12.26,35.5,65.4,4.6,154,Unhealthy,W,1011.97,4.2,Low,High,Active,77.9,0.89,143.49,Decreasing
09-07-2024 15:00,NODE_03,Sensor_Node_3_Residential_Border,53.94,71.14,3.195,455.1,38.48,18.07,26.92,36.4,68.4,2,146,Unhealthy for Sensitive Groups,SW,1014.53,9.18,Low,Low,Active,95.4,0.72,139.56,Stable
09-07-2024 16:00,NODE_03,Sensor_Node_3_Residential_Border,43.53,68.81,2.735,489.9,34.71,15.91,11.3,35.7,62.5,2.3,121,Unhealthy for Sensitive Groups,NE,1012.21,3.81,Low,High,Active,62.2,0.84,115.32,Stable
09-07-2024 17:00,NODE_03,Sensor_Node_3_Residential_Border,162.51,346.53,10.299,490.1,41.08,35.02,18.87,36.2,66.3,7.6,213,Very Unhealthy,NW,1021.13,4.2,Low,High,Active,20.8,0.99,198.81,Stable
09-07-2024 18:00,NODE_03,Sensor_Node_3_Residential_Border,62.98,87.66,3.089,455.1,44.1,20.85,23.72,33.5,73.1,2.5,155,Unhealthy,SE,1010.94,3.33,Low,Low,Maintenance,57.7,0.99,151.69,Increasing
09-07-2024 19:00,NODE_03,Sensor_Node_3_Residential_Border,55.45,91.36,2.75,448.6,34.37,19.44,6.15,32.8,62.6,2.4,500,Hazardous,NE,1013.35,9.63,Medium,Low,Active,26.2,0.87,501.4,Decreasing
09-07-2024 20:00,NODE_03,Sensor_Node_3_Residential_Border,49.55,100.74,3.697,493.4,40.27,21.92,25.72,31.3,82.4,4.1,136,Unhealthy for Sensitive Groups,W,1016.37,2.31,High,Low,Active,29.7,0.86,129.21,Decreasing
09-07-2024 21:00,NODE_03,Sensor_Node_3_Residential_Border,35.39,92.59,2.977,454.7,50.6,10.91,16.44,32.4,78.1,3.6,100,Moderate,N,1012.7,2.83,High,Low,Active,35.6,0.96,101.84,Decreasing
09-07-2024 22:00,NODE_03,Sensor_Node_3_Residential_Border,49.02,99.34,2.412,421.9,36.04,17.6,14.34,30.8,77.5,4.6,134,Unhealthy for Sensitive Groups,E,1003.51,6.3,Medium,Normal,Active,89.7,0.78,140.18,Decreasing
09-07-2024 23:00,NODE_03,Sensor_Node_3_Residential_Border,24.72,75.21,1.956,458.5,42.53,11.26,24.51,31,74.9,3.6,78,Moderate,NW,1013.9,9.22,High,Normal,Active,86.9,0.89,80.39,Decreasing
10-07-2024 00:00,NODE_03,Sensor_Node_3_Residential_Border,48.31,64.51,2.911,457.4,38.68,5.79,18.76,32.4,93.9,0.9,133,Unhealthy for Sensitive Groups,N,1017.27,4.25,High,High,Active,20.2,0.87,119.98,Stable
10-07-2024 01:00,NODE_03,Sensor_Node_3_Residential_Border,36.48,62.7,2.646,453.6,33.97,4.31,19.61,31.3,63.7,2.6,103,Unhealthy for Sensitive Groups,NE,1005.06,9.07,High,Low,Active,84.4,0.92,112.53,Decreasing
10-07-2024 02:00,NODE_03,Sensor_Node_3_Residential_Border,44.81,55.39,1.704,448.4,21.56,14.77,32.87,30,65.5,4.3,124,Unhealthy for Sensitive Groups,W,1015.34,9.45,Low,Peak,Active,30.6,0.92,125.85,Increasing
10-07-2024 03:00,NODE_03,Sensor_Node_3_Residential_Border,12.88,40.24,0.663,423.5,2,7.86,18.45,31.5,71,7.5,53,Moderate,NE,1021,7.98,Low,Normal,Active,55.2,0.99,57.21,Increasing
10-07-2024 04:00,NODE_03,Sensor_Node_3_Residential_Border,15.81,41.92,0.741,415.2,12.62,2.83,20.29,34.8,63.9,1,59,Moderate,N,1006.89,5.85,Low,Low,Active,33.9,0.87,58.84,Stable
10-07-2024 05:00,NODE_03,Sensor_Node_3_Residential_Border,81.89,125.73,2.946,452.3,4.66,7.54,30.06,32.7,76.8,6.5,165,Unhealthy,SW,1008.44,8.31,High,High,Active,88.1,0.73,165.9,Decreasing
10-07-2024 06:00,NODE_03,Sensor_Node_3_Residential_Border,60.55,126.57,3.88,454.9,53.26,20.75,13.76,31.5,68.9,1.3,154,Unhealthy,SW,1004.84,9.23,High,Peak,Active,26.5,0.8,167.71,Stable
10-07-2024 07:00,NODE_03,Sensor_Node_3_Residential_Border,61.4,151.57,3.072,446.6,46.62,23.06,14.36,34.1,63.3,3.2,154,Unhealthy,N,1016.09,9.69,High,Peak,Active,26.3,0.82,165.59,Increasing
10-07-2024 08:00,NODE_03,Sensor_Node_3_Residential_Border,57.53,122.04,4.625,471.5,52.77,21.28,24.95,37.2,75.8,2.7,152,Unhealthy,N,1011.81,2.32,Low,Peak,Active,60.7,0.8,137.73,Decreasing
10-07-2024 09:00,NODE_03,Sensor_Node_3_Residential_Border,64.96,124.81,3.637,490,54.21,19.77,20.38,36.4,60.4,1.5,156,Unhealthy,NE,1011.83,7.18,Medium,Normal,Maintenance,21.1,0.95,150.13,Stable
10-07-2024 10:00,NODE_03,Sensor_Node_3_Residential_Border,56.74,120.99,4.051,468.7,56.12,20.14,8.56,36.5,61.8,3.7,152,Unhealthy,S,1017.33,3.26,High,Peak,Active,88.7,0.79,166.65,Increasing
10-07-2024 11:00,NODE_03,Sensor_Node_3_Residential_Border,63.07,92.49,4.284,450.9,53.61,19.05,17.16,40.3,57.3,4.9,155,Unhealthy,W,1018.01,6.15,Medium,Normal,Active,66.4,0.71,148.73,Decreasing
10-07-2024 12:00,NODE_03,Sensor_Node_3_Residential_Border,74.19,115.01,5.562,490.3,54.82,23.07,18.96,38.2,66.9,4.4,161,Unhealthy,W,1011.14,1.81,High,Low,Active,88.5,0.96,150.54,Increasing
10-07-2024 13:00,NODE_03,Sensor_Node_3_Residential_Border,53.86,118.97,4.03,482.7,53.63,21.95,17.65,39.7,75,2.3,146,Unhealthy for Sensitive Groups,N,1013.53,2.15,Low,Low,Active,98.8,0.99,153.76,Decreasing
10-07-2024 14:00,NODE_03,Sensor_Node_3_Residential_Border,73.62,121.83,3.522,470.1,55.91,29.27,27.77,34.7,71.9,2.2,160,Unhealthy,SE,1016.59,2.13,High,High,Maintenance,70.3,0.9,148.62,Decreasing
10-07-2024 15:00,NODE_03,Sensor_Node_3_Residential_Border,47.79,81.63,2.985,470.3,37.73,14.37,9.85,35.8,71.8,2.4,131,Unhealthy for Sensitive Groups,W,1012.98,4.12,High,Normal,Active,50.6,0.85,138.89,Stable
10-07-2024 16:00,NODE_03,Sensor_Node_3_Residential_Border,45.21,80.89,3.013,461.7,38.17,10.96,8.24,35.3,72.2,2.5,125,Unhealthy for Sensitive Groups,NE,1010.5,5.06,Low,Low,Active,69.9,0.84,120.27,Increasing
10-07-2024 17:00,NODE_03,Sensor_Node_3_Residential_Border,52.85,92.63,3.769,452.8,31.38,6.46,16.81,34.3,66.6,3.9,144,Unhealthy for Sensitive Groups,S,1002.99,7.79,Medium,Low,Active,86.4,0.91,145.33,Decreasing
10-07-2024 18:00,NODE_03,Sensor_Node_3_Residential_Border,41.81,77.75,2.998,471.2,37.63,19.61,11.2,34.1,71.9,3.1,117,Unhealthy for Sensitive Groups,NW,994.44,9.15,High,Low,Maintenance,20.3,0.73,116.88,Stable
10-07-2024 19:00,NODE_03,Sensor_Node_3_Residential_Border,65.35,77.9,1.905,442.3,55.62,10.03,13.83,33.2,81.1,3.4,156,Unhealthy,E,1015.96,6.69,High,Normal,Active,82.9,0.99,156.95,Decreasing
10-07-2024 20:00,NODE_03,Sensor_Node_3_Residential_Border,46.51,74.14,2.774,457.4,31.44,21.74,25.65,30.9,79.7,5.4,128,Unhealthy for Sensitive Groups,S,1012.8,3.84,High,Low,Active,85.5,0.83,137.84,Increasing
10-07-2024 21:00,NODE_03,Sensor_Node_3_Residential_Border,40.58,101.24,3.145,479.8,35.16,17.63,18.66,31.8,79.9,3.5,114,Unhealthy for Sensitive Groups,NW,1015.56,4.99,High,High,Active,63.4,0.86,116.72,Decreasing
10-07-2024 22:00,NODE_03,Sensor_Node_3_Residential_Border,43.15,104.09,3.948,449.2,33.74,23.93,18.06,28.5,71.7,2.2,120,Unhealthy for Sensitive Groups,E,1012.68,4.12,Low,Peak,Active,77.1,0.71,121.54,Stable
10-07-2024 23:00,NODE_03,Sensor_Node_3_Residential_Border,82.16,89.54,4.583,452.7,34.24,3.19,19.88,29.5,80.3,3.7,165,Unhealthy,S,1002.14,6.33,Medium,Low,Active,49.3,0.94,159.72,Increasing
11-07-2024 00:00,NODE_03,Sensor_Node_3_Residential_Border,39.8,79.1,2.814,435.9,37.25,13.55,19.36,32.9,75.8,4.4,112,Unhealthy for Sensitive Groups,NW,1021.2,6.65,Low,Low,Active,37.6,0.94,122.09,Stable
11-07-2024 01:00,NODE_03,Sensor_Node_3_Residential_Border,30.74,54.59,2.719,432,29.71,21.8,16.39,27.1,86,2.4,500,Hazardous,NE,1024.77,8.14,Medium,Normal,Active,53.3,0.73,536.5,Stable
11-07-2024 02:00,NODE_03,Sensor_Node_3_Residential_Border,45.43,78.04,1.117,441.2,36.21,21.07,14.61,32.1,73.2,2.6,125,Unhealthy for Sensitive Groups,NW,1005.52,2.86,Low,Peak,Active,73.1,1,136.27,Decreasing
11-07-2024 03:00,NODE_03,Sensor_Node_3_Residential_Border,24.83,33.92,1.437,438.8,9.6,3.39,33.89,31.6,73.4,4.2,78,Moderate,SE,1010.27,2.59,High,Peak,Active,95.2,0.8,82.87,Increasing
11-07-2024 04:00,NODE_03,Sensor_Node_3_Residential_Border,20.8,37.22,0.283,437.3,2.06,2.82,20.07,31.8,72.4,2.9,69,Moderate,NE,998.25,5.69,High,High,Maintenance,90.6,0.93,62.78,Stable
11-07-2024 05:00,NODE_03,Sensor_Node_3_Residential_Border,14.9,13.08,2.102,421.3,10.8,8.18,31.61,31.2,77,4.7,57,Moderate,NW,1007.05,1.76,Medium,Normal,Active,67.5,0.86,60.07,Decreasing
11-07-2024 06:00,NODE_03,Sensor_Node_3_Residential_Border,73.73,116.59,3.922,459.8,48.14,21.17,13.87,35.3,66.8,3.3,160,Unhealthy,S,1014.44,3.62,Medium,Low,Active,66.7,0.82,152.78,Increasing
11-07-2024 07:00,NODE_03,Sensor_Node_3_Residential_Border,72.84,88.95,4.146,457.4,46.71,23.05,21.53,32.5,70.8,2.6,160,Unhealthy,W,1015.69,9.82,Low,Low,Active,30,0.76,161.85,Decreasing
11-07-2024 08:00,NODE_03,Sensor_Node_3_Residential_Border,64.4,105.38,4.192,446.5,39.41,24.93,17.19,34.2,68.6,3.4,156,Unhealthy,W,1008.88,8.26,Low,Low,Fault,24.7,0.87,145.71,Increasing
11-07-2024 09:00,NODE_03,Sensor_Node_3_Residential_Border,55.75,103.99,3.55,460.7,42.87,26.96,21.82,36.2,65.9,2.7,151,Unhealthy,S,1007.6,2.92,Medium,High,Active,54,0.86,138.99,Decreasing
11-07-2024 10:00,NODE_03,Sensor_Node_3_Residential_Border,69.91,130.54,3.392,438.7,43.35,23.82,15.78,39,67.1,2.7,158,Unhealthy,W,1014.77,2.04,Medium,Peak,Active,74.6,0.73,170.62,Decreasing
11-07-2024 11:00,NODE_03,Sensor_Node_3_Residential_Border,78.93,132.95,3.442,471.5,51.34,22.91,13.63,36.4,60,4.5,163,Unhealthy,E,1009.44,6.91,High,Low,Active,35.5,0.71,176.29,Stable
11-07-2024 12:00,NODE_03,Sensor_Node_3_Residential_Border,64,105.64,4.124,442.3,64.05,23.41,15.2,39.2,69.8,3.1,155,Unhealthy,N,1004.89,2.86,High,Normal,Active,68.6,0.7,166.09,Stable
11-07-2024 13:00,NODE_03,Sensor_Node_3_Residential_Border,67.88,134.38,3.562,486.3,56.34,22.78,16.85,38.7,68.7,3.2,157,Unhealthy,NW,1011.34,3.61,High,High,Fault,20.6,0.95,167.11,Decreasing
11-07-2024 14:00,NODE_03,Sensor_Node_3_Residential_Border,71.66,128.8,4.194,431.5,49.58,19.12,17.64,36.6,70.4,3.3,159,Unhealthy,W,1005,6.17,Low,Peak,Fault,39.9,0.78,151.43,Decreasing
11-07-2024 15:00,NODE_03,Sensor_Node_3_Residential_Border,49.43,70.95,3.233,449.9,42.08,19.63,12.01,35.4,62.7,1.7,135,Unhealthy for Sensitive Groups,NE,1020,5.63,Low,High,Maintenance,78.1,0.71,129.12,Decreasing
11-07-2024 16:00,NODE_03,Sensor_Node_3_Residential_Border,59.17,94.31,2.636,452.4,23.73,25.36,18.49,37.5,73.8,2.8,153,Unhealthy,E,1003.04,1.2,Medium,Peak,Active,95.7,0.86,141.01,Decreasing
11-07-2024 17:00,NODE_03,Sensor_Node_3_Residential_Border,52.51,96.15,3.102,476.9,40.31,24.65,13.1,35.8,64.3,2,143,Unhealthy for Sensitive Groups,NW,1010.57,7.01,Low,Low,Active,65.6,0.99,156.77,Increasing
11-07-2024 18:00,NODE_03,Sensor_Node_3_Residential_Border,38.75,70.39,2.836,486.3,45.51,19.07,18.07,32.3,66.4,1.7,109,Unhealthy for Sensitive Groups,S,1004.37,9.63,Medium,High,Maintenance,40.5,0.85,104,Decreasing
11-07-2024 19:00,NODE_03,Sensor_Node_3_Residential_Border,48.39,77.88,3.075,444.7,48.24,21.77,21.41,33.7,64.2,0.3,133,Unhealthy for Sensitive Groups,S,1005.58,6.25,High,Low,Active,77.2,0.98,121.36,Decreasing
11-07-2024 20:00,NODE_03,Sensor_Node_3_Residential_Border,71.13,87.26,3.469,473.2,33.03,14.77,20.39,29.7,74.5,4.5,159,Unhealthy,N,1016.19,3.31,Medium,Peak,Active,97.5,0.96,156.55,Increasing
11-07-2024 21:00,NODE_03,Sensor_Node_3_Residential_Border,33.64,91.17,2.34,448.2,44.63,17.95,20.66,30.9,71.6,4,96,Moderate,NE,1014.36,5.04,Medium,Peak,Active,42.3,0.82,93.59,Increasing
11-07-2024 22:00,NODE_03,Sensor_Node_3_Residential_Border,61.02,84.62,3.096,455.6,56.24,14.27,16.48,29.1,85,4.8,154,Unhealthy,W,1019.46,3.9,Medium,High,Maintenance,23.9,0.79,140.17,Decreasing
11-07-2024 23:00,NODE_03,Sensor_Node_3_Residential_Border,50.62,72.99,2.655,429.5,31.37,20.45,28.19,31.3,83.5,3,138,Unhealthy for Sensitive Groups,S,1009.86,3.63,High,Low,Active,65.3,0.94,132.72,Decreasing
12-07-2024 00:00,NODE_03,Sensor_Node_3_Residential_Border,34.31,85.38,2.267,456.2,31.07,10.12,22.34,31.5,82.4,1.9,98,Moderate,SE,1019.58,7.64,High,Peak,Active,32.4,0.98,107.38,Stable
12-07-2024 01:00,NODE_03,Sensor_Node_3_Residential_Border,43.44,67.74,2.581,408.5,29.77,12.58,16.23,31.3,83.5,2.9,121,Unhealthy for Sensitive Groups,N,1012.59,7.75,High,Low,Active,35.9,0.96,121.92,Stable
12-07-2024 02:00,NODE_03,Sensor_Node_3_Residential_Border,49.93,56.93,2.118,459.6,25.65,12.31,25,30.5,71.7,0.9,137,Unhealthy for Sensitive Groups,N,1008.53,2.56,Medium,High,Fault,33.9,0.74,146.9,Decreasing
12-07-2024 03:00,NODE_03,Sensor_Node_3_Residential_Border,11.78,24.67,1.254,422.7,2,8.55,28.23,29.6,69.4,2.7,49,Good,E,1004.23,7.28,Medium,High,Active,68.9,0.86,50.68,Stable
12-07-2024 04:00,NODE_03,Sensor_Node_3_Residential_Border,22.53,18.78,1.288,411.9,15.56,6.83,14.68,32.2,70.7,1.4,73,Moderate,E,1016.91,8.08,High,High,Active,60.3,0.75,72.98,Decreasing
12-07-2024 05:00,NODE_03,Sensor_Node_3_Residential_Border,25.24,49.76,0.2,463.2,25.73,3.84,29.44,33.7,58.6,1.5,79,Moderate,E,1014.79,3.5,Low,Peak,Active,77.1,0.96,72.2,Stable
12-07-2024 06:00,NODE_03,Sensor_Node_3_Residential_Border,55.15,109.99,3.714,490.9,45.13,20.02,22.84,33.7,68.9,3.3,149,Unhealthy for Sensitive Groups,NW,1019.24,9.86,Low,High,Active,66.5,0.81,134.87,Stable
12-07-2024 07:00,NODE_03,Sensor_Node_3_Residential_Border,72.85,126.94,3.216,458.5,64.39,9.46,12.64,33.3,70.9,4.4,160,Unhealthy,W,1011.55,7.27,Low,High,Active,87.4,0.79,166.23,Decreasing
12-07-2024 08:00,NODE_03,Sensor_Node_3_Residential_Border,62.72,101.08,3.114,469.9,65.29,19.25,15.64,36.2,66.5,3.7,155,Unhealthy,W,1013.34,6.27,Medium,Peak,Active,86.6,0.84,159.43,Decreasing
12-07-2024 09:00,NODE_03,Sensor_Node_3_Residential_Border,77.39,127.45,3.497,448.3,45.66,22.72,14.38,37.7,68.4,3.6,162,Unhealthy,W,1012.13,8.59,Low,Peak,Active,42,0.96,177.54,Stable
12-07-2024 10:00,NODE_03,Sensor_Node_3_Residential_Border,267.23,539.58,11.797,453.1,43.9,41.11,8.96,38,61.2,5.7,428,Hazardous,S,1010.64,7.54,Low,Peak,Active,52.3,0.99,390.58,Stable
12-07-2024 11:00,NODE_03,Sensor_Node_3_Residential_Border,68.77,139.08,4.041,453.2,46.61,21.26,19.18,38.4,66.1,2.2,158,Unhealthy,NW,1016.8,6.36,Medium,Normal,Active,40.5,0.92,152.93,Increasing
12-07-2024 12:00,NODE_03,Sensor_Node_3_Residential_Border,76.74,143.79,4.391,451.8,60.43,20.28,16.02,36.1,66.7,1.5,162,Unhealthy,SW,1013.55,7.03,Low,Low,Active,55.1,0.77,156.49,Increasing
12-07-2024 13:00,NODE_03,Sensor_Node_3_Residential_Border,59.72,133.26,5.112,469,53.74,20.37,16.6,37,68.1,4.3,153,Unhealthy,NW,1012.08,6.35,Low,Peak,Active,58.4,0.73,143.6,Decreasing
12-07-2024 14:00,NODE_03,Sensor_Node_3_Residential_Border,71.97,108.9,5.185,457.3,45.76,11.54,19.79,33.2,64.8,3,160,Unhealthy,N,1006.26,8.77,High,Normal,Active,64.1,0.88,146.19,Increasing
12-07-2024 15:00,NODE_03,Sensor_Node_3_Residential_Border,46.78,115.94,3.437,444.5,54.25,14.35,23.87,34.2,66.4,3.4,129,Unhealthy for Sensitive Groups,NE,1015.66,1.81,Medium,Normal,Active,94.7,0.88,134.2,Increasing
12-07-2024 16:00,NODE_03,Sensor_Node_3_Residential_Border,47.26,76.91,3.305,453.7,55.35,18.52,18.73,37.1,67.7,2,130,Unhealthy for Sensitive Groups,SE,1010.03,1.78,Medium,Normal,Active,83.3,0.77,125.05,Stable
12-07-2024 17:00,NODE_03,Sensor_Node_3_Residential_Border,54.7,78.41,3.267,446.2,45.78,13.82,13.57,35.4,71.3,5.4,148,Unhealthy for Sensitive Groups,S,1008.8,3.62,Low,Normal,Active,34.1,0.87,160.64,Increasing
12-07-2024 18:00,NODE_03,Sensor_Node_3_Residential_Border,59.66,74.65,2.303,480.1,30.84,20.6,6.64,34.9,71.9,6.8,153,Unhealthy,S,1014.15,5.37,Low,Low,Active,30,0.87,161.55,Stable
12-07-2024 19:00,NODE_03,Sensor_Node_3_Residential_Border,56.04,101.94,3.546,466.6,46.16,21.77,24.77,33.7,67.9,2.2,151,Unhealthy,NE,1022.03,8.8,Medium,Low,Active,92.8,0.99,140.08,Stable
12-07-2024 20:00,NODE_03,Sensor_Node_3_Residential_Border,47.36,75.15,3.535,463.6,35.64,17.43,19.9,30.3,70.2,1.8,130,Unhealthy for Sensitive Groups,S,1020.54,6.63,Medium,Peak,Active,63.8,0.93,133.78,Decreasing
12-07-2024 21:00,NODE_03,Sensor_Node_3_Residential_Border,50.29,101.64,3.088,453.7,35.32,13.23,18.48,31.4,88.1,2.7,137,Unhealthy for Sensitive Groups,NE,1008.6,5.37,Low,Peak,Active,41.4,0.92,149.51,Increasing
12-07-2024 22:00,NODE_03,Sensor_Node_3_Residential_Border,45.13,73.47,3.116,435.7,30.66,14.34,15.35,29.4,67.5,4.6,125,Unhealthy for Sensitive Groups,NW,1007.65,2.21,Medium,Low,Maintenance,98.2,0.7,118.17,Increasing
12-07-2024 23:00,NODE_03,Sensor_Node_3_Residential_Border,38.87,51.01,2.567,479.5,20.04,8.6,14.51,30.8,80.2,3.1,109,Unhealthy for Sensitive Groups,SW,1015.38,5.9,Medium,Peak,Active,84.3,0.73,112.43,Stable
13-07-2024 00:00,NODE_03,Sensor_Node_3_Residential_Border,40.15,52.04,2.127,450.2,16.96,7.72,27.66,31.2,82.4,3.2,112,Unhealthy for Sensitive Groups,NE,1009.39,2.29,Low,Low,Active,20.6,0.92,104.2,Stable
13-07-2024 01:00,NODE_03,Sensor_Node_3_Residential_Border,33.68,41.32,1.552,439.3,23.15,1.39,6,29.2,81.3,2.1,96,Moderate,N,1011.37,4.36,Medium,High,Active,53.1,0.87,89.11,Decreasing
13-07-2024 02:00,NODE_03,Sensor_Node_3_Residential_Border,12.41,34.34,1.128,451.3,20.53,14.29,18.73,28.5,79,3.7,52,Moderate,W,998.07,4.75,Low,High,Active,80.6,0.76,55.17,Stable
13-07-2024 03:00,NODE_03,Sensor_Node_3_Residential_Border,5,31.55,0.411,461.3,14,5.06,21.61,28.1,71.1,5.7,29,Good,S,1010.72,2.62,Medium,High,Active,39.2,0.88,28.63,Increasing
13-07-2024 04:00,NODE_03,Sensor_Node_3_Residential_Border,6.79,10,0.686,391.8,17.5,1.68,28.7,33.1,67.6,4,28,Good,S,1015.26,9.34,High,High,Active,24,0.79,27.79,Decreasing
13-07-2024 05:00,NODE_03,Sensor_Node_3_Residential_Border,5,20.44,1.207,435.6,11.45,1,23.73,32.6,77.3,2.4,21,Good,SE,1008.78,4.21,Low,High,Active,23.8,0.94,19.06,Increasing
13-07-2024 06:00,NODE_03,Sensor_Node_3_Residential_Border,41.3,79.02,3.462,437.7,26.29,10.51,9.42,32.8,74.3,4.7,115,Unhealthy for Sensitive Groups,NE,1009.72,4.61,Medium,High,Active,85.9,0.9,112.18,Decreasing
13-07-2024 07:00,NODE_03,Sensor_Node_3_Residential_Border,50.47,61.24,1.164,475.7,42.1,17.87,15.53,35.2,78.9,2,138,Unhealthy for Sensitive Groups,SE,1013.59,7.69,Medium,High,Active,99.6,0.93,143.18,Decreasing
13-07-2024 08:00,NODE_03,Sensor_Node_3_Residential_Border,28.5,80.61,2.246,463.6,37.53,11.03,18.49,36.8,66.8,7.2,85,Moderate,NW,1011.13,6.03,Low,Normal,Active,78,0.75,77.56,Decreasing
13-07-2024 09:00,NODE_03,Sensor_Node_3_Residential_Border,49.61,72.66,2.854,457.9,36.86,12.62,17.68,37.4,65.4,2,136,Unhealthy for Sensitive Groups,SW,1014.34,3.39,High,Normal,Active,86.4,0.8,138.38,Decreasing
13-07-2024 10:00,NODE_03,Sensor_Node_3_Residential_Border,43.47,82.13,2.615,415,38.75,15.65,21.89,38.7,64.3,3.3,121,Unhealthy for Sensitive Groups,SE,1011.14,5.2,Low,High,Active,28.1,0.93,132.3,Increasing
13-07-2024 11:00,NODE_03,Sensor_Node_3_Residential_Border,133.43,336.11,6.672,445.6,29.72,41.69,5,36.8,82.3,3.1,191,Unhealthy,W,1011.92,3.36,High,Normal,Active,69.2,0.74,200.24,Stable
13-07-2024 12:00,NODE_03,Sensor_Node_3_Residential_Border,28.16,73.67,1.583,462.9,38.88,20.15,8.17,36.6,68.2,3.9,85,Moderate,SW,1008.75,4.64,Medium,Normal,Active,88.3,0.72,77.98,Decreasing
13-07-2024 13:00,NODE_03,Sensor_Node_3_Residential_Border,48.93,84.3,2.436,488.1,33.25,15.14,13.53,38.1,56.4,2.1,134,Unhealthy for Sensitive Groups,SE,1017.49,1.67,Medium,Low,Active,60.5,0.85,140.96,Stable
13-07-2024 14:00,NODE_03,Sensor_Node_3_Residential_Border,159.16,184.65,7.416,451.7,34.28,23.64,13.78,36.4,56.2,3.3,210,Very Unhealthy,E,1016.61,9.27,Low,High,Active,69.4,0.72,220.73,Decreasing
13-07-2024 15:00,NODE_03,Sensor_Node_3_Residential_Border,36.22,59.69,2.878,442.7,24.12,8.08,15.05,37.3,77.4,4.8,103,Unhealthy for Sensitive Groups,N,1012.61,9.36,Low,Normal,Active,35.2,0.89,101.63,Stable
13-07-2024 16:00,NODE_03,Sensor_Node_3_Residential_Border,28.52,74.8,2.828,480.1,31.32,13.76,14.61,33.8,73,2,86,Moderate,NE,1016.86,2.86,Low,Low,Maintenance,80.1,0.94,80.99,Decreasing
13-07-2024 17:00,NODE_03,Sensor_Node_3_Residential_Border,28.03,51.24,2.54,475.4,16.98,7.37,9.4,35.6,71.6,1.1,85,Moderate,S,1012,9.47,High,Low,Active,58.8,0.84,81.25,Stable
13-07-2024 18:00,NODE_03,Sensor_Node_3_Residential_Border,39.58,55.21,2.476,438.5,32.3,12.96,21.7,33.5,82.5,3,111,Unhealthy for Sensitive Groups,NW,1010.64,5.6,Low,High,Active,84.3,0.84,116.19,Stable
13-07-2024 19:00,NODE_03,Sensor_Node_3_Residential_Border,28.6,75.32,2.724,472.2,39.34,15.02,22.07,33.7,75.9,2.2,86,Moderate,E,1019.69,1.21,High,Normal,Active,67.8,0.92,83.84,Increasing
13-07-2024 20:00,NODE_03,Sensor_Node_3_Residential_Border,33.11,66.41,1.634,475.6,24.73,6.12,15.38,33.4,68.7,1.7,95,Moderate,E,1011.56,2.77,High,Low,Active,21.6,0.93,95.43,Stable
13-07-2024 21:00,NODE_03,Sensor_Node_3_Residential_Border,26.63,67.21,0.967,466.8,25.56,17.77,8.65,30.2,79.3,0.6,82,Moderate,E,1018.42,6.54,Low,Peak,Active,38.9,0.84,88.31,Stable
13-07-2024 22:00,NODE_03,Sensor_Node_3_Residential_Border,20.17,65.17,3.129,444.9,26.74,12.64,16.4,30.5,71,2.8,68,Moderate,S,1016.75,5.58,High,Normal,Active,81.6,0.98,66.32,Stable
13-07-2024 23:00,NODE_03,Sensor_Node_3_Residential_Border,14.65,52.14,1.717,430.2,10.52,5.96,21.91,28.9,75,6.5,56,Moderate,E,1014.04,4.82,Medium,Normal,Active,20.6,0.83,57.43,Stable
14-07-2024 00:00,NODE_03,Sensor_Node_3_Residential_Border,9.66,43.91,1.535,447.3,12.6,4.48,15.34,29.4,73.7,3.3,41,Good,E,1015.8,3.55,Medium,High,Active,32,0.79,41.04,Decreasing
14-07-2024 01:00,NODE_03,Sensor_Node_3_Residential_Border,37.03,45.84,1.339,432.3,20.12,7.77,15.63,28.9,66.1,3.5,105,Unhealthy for Sensitive Groups,S,1010.12,9.19,High,Peak,Active,82.6,0.83,96.82,Increasing
14-07-2024 02:00,NODE_03,Sensor_Node_3_Residential_Border,34,51.84,1.246,417.4,11.28,10.19,22.83,29.6,74.8,2.9,97,Moderate,N,1014.19,3.92,High,Peak,Active,46.8,0.76,88.93,Decreasing
14-07-2024 03:00,NODE_03,Sensor_Node_3_Residential_Border,26.13,10,0.2,436,20.07,5.98,32.81,28.3,79.2,2.5,81,Moderate,W,1013.94,2.08,High,Peak,Active,64.3,0.91,76.16,Stable
14-07-2024 04:00,NODE_03,Sensor_Node_3_Residential_Border,17.37,54.63,0.699,421.4,16.14,7.94,23.65,31.2,81.6,7,500,Hazardous,NW,1011.2,6.66,Medium,High,Active,84,0.97,463.17,Stable
14-07-2024 05:00,NODE_03,Sensor_Node_3_Residential_Border,7.23,15.92,0.634,413.6,12.13,1.89,32.66,33.1,79.7,4.4,30,Good,NW,1013.82,6.07,Medium,Normal,Active,94.6,0.72,29.22,Decreasing
14-07-2024 06:00,NODE_03,Sensor_Node_3_Residential_Border,39.32,57.52,2.047,451.5,27.03,9.34,15.42,35.1,64.2,5.2,110,Unhealthy for Sensitive Groups,SW,1002.04,8.38,Medium,Peak,Active,58.9,0.9,103.56,Decreasing
14-07-2024 07:00,NODE_03,Sensor_Node_3_Residential_Border,37.52,88.42,1.722,469,36.88,22.38,5,33.1,72.2,2.6,106,Unhealthy for Sensitive Groups,E,1013.09,9.43,Medium,Normal,Active,71.4,0.8,110.87,Stable
14-07-2024 08:00,NODE_03,Sensor_Node_3_Residential_Border,39.34,61.4,1.671,462.2,23.48,10.58,22.5,38.8,63.6,1.6,110,Unhealthy for Sensitive Groups,NE,1010.11,9.52,High,Low,Active,69.5,0.82,103.6,Stable
14-07-2024 09:00,NODE_03,Sensor_Node_3_Residential_Border,43.83,82.82,2.073,451.5,37.21,13.12,14.92,35.1,61.6,0.6,121,Unhealthy for Sensitive Groups,N,1005.96,7.16,High,Normal,Active,81.5,0.91,130.58,Stable
14-07-2024 10:00,NODE_03,Sensor_Node_3_Residential_Border,43.63,87.27,2.57,457.3,39.1,13.91,22.55,36.4,66.1,6,121,Unhealthy for Sensitive Groups,S,1007.51,1.92,Low,Low,Fault,86.4,0.96,121.23,Decreasing
14-07-2024 11:00,NODE_03,Sensor_Node_3_Residential_Border,40.17,73.99,2.899,476.4,49.87,24.46,12.48,37.1,58.5,2.6,113,Unhealthy for Sensitive Groups,N,1001.7,1.34,High,Normal,Active,75.5,0.77,108.88,Decreasing
14-07-2024 12:00,NODE_03,Sensor_Node_3_Residential_Border,44.92,57.19,2.557,437.2,41.12,21.37,19.49,36.6,69.3,3.5,124,Unhealthy for Sensitive Groups,N,1011.06,4.33,Medium,Peak,Active,24.2,0.79,123.4,Increasing
14-07-2024 13:00,NODE_03,Sensor_Node_3_Residential_Border,44.48,59.06,3.077,467.5,41.97,7.78,18.63,37.4,66.8,4.1,123,Unhealthy for Sensitive Groups,SE,1017.17,8.39,High,Normal,Active,40.4,0.71,117.42,Decreasing
14-07-2024 14:00,NODE_03,Sensor_Node_3_Residential_Border,35.41,52.19,2.121,455.7,30.56,16.89,11.33,38.6,70.3,4.2,500,Hazardous,S,1006.03,7.64,Medium,Low,Active,21.7,0.88,491.85,Decreasing
14-07-2024 15:00,NODE_03,Sensor_Node_3_Residential_Border,175.96,228.78,8.121,488.3,34.65,26.82,12.85,35.4,61.8,2.1,226,Very Unhealthy,N,1005.05,4.26,Low,Peak,Active,83,0.84,214.67,Stable
14-07-2024 16:00,NODE_03,Sensor_Node_3_Residential_Border,34.23,55.64,2.425,475.4,26.54,11.33,23.72,35.6,67.8,0.3,98,Moderate,NW,1019.91,9.06,Medium,Peak,Maintenance,40.2,0.93,105.94,Increasing
14-07-2024 17:00,NODE_03,Sensor_Node_3_Residential_Border,23.74,71.58,1.952,478.7,17.76,9.27,23.13,35.5,63.3,2,75,Moderate,S,1002.26,1.55,Medium,Peak,Active,24.7,0.93,67.56,Stable
14-07-2024 18:00,NODE_03,Sensor_Node_3_Residential_Border,40.94,45.56,2.603,460.2,28.62,10.91,18.84,34.1,76.2,2.4,114,Unhealthy for Sensitive Groups,SW,1013.08,2.96,Medium,High,Active,58.1,0.92,113.69,Decreasing
14-07-2024 19:00,NODE_03,Sensor_Node_3_Residential_Border,33.82,71.33,2.279,480.4,27.05,12.55,19.99,31.1,75.9,2.9,97,Moderate,E,1016.12,5.63,Medium,Normal,Active,62.3,0.97,98.2,Stable
14-07-2024 20:00,NODE_03,Sensor_Node_3_Residential_Border,28.08,34.07,2.023,477.7,25.94,18.79,14.5,32.3,74.3,4.1,85,Moderate,W,1012.36,2.52,High,Peak,Active,43.5,0.85,85.68,Increasing
14-07-2024 21:00,NODE_03,Sensor_Node_3_Residential_Border,40.17,57.54,2.626,464.4,35.73,17.23,18.49,30.2,77.5,2.2,113,Unhealthy for Sensitive Groups,S,1008.38,5.29,High,High,Active,60.3,0.96,102.39,Decreasing
14-07-2024 22:00,NODE_03,Sensor_Node_3_Residential_Border,30.36,68.84,0.703,439.6,21.92,10.9,16.79,30.1,69.2,2.2,89,Moderate,N,1018.29,8.51,Medium,Normal,Active,57.4,0.98,90.84,Increasing
14-07-2024 23:00,NODE_03,Sensor_Node_3_Residential_Border,39.9,60.35,1.11,425.6,24.4,6.35,21.64,29.2,75,2.1,112,Unhealthy for Sensitive Groups,S,998.46,2.29,Medium,Low,Active,86.8,0.85,108.53,Decreasing
15-07-2024 00:00,NODE_03,Sensor_Node_3_Residential_Border,67.37,56.81,1.573,467.7,32.11,13.03,18.36,29.4,76.2,4.8,157,Unhealthy,SE,1011.65,8.48,Low,Peak,Active,39.3,0.88,158.67,Increasing
15-07-2024 01:00,NODE_03,Sensor_Node_3_Residential_Border,175.53,243.87,6.349,429,45.25,28.16,20.79,32.9,80.3,4,226,Very Unhealthy,W,1011.32,8.72,Medium,Normal,Active,74.9,0.79,211.74,Decreasing
15-07-2024 02:00,NODE_03,Sensor_Node_3_Residential_Border,29.94,48.48,2.783,421.4,28.23,10.76,37.06,30.3,84.8,1.5,89,Moderate,SW,1012.51,7.03,High,High,Active,45.4,0.85,85.16,Decreasing
15-07-2024 03:00,NODE_03,Sensor_Node_3_Residential_Border,20.18,29.59,1.004,419.4,16.5,5.55,21.51,30.6,79.3,5.4,68,Moderate,NW,1007.39,1.62,Low,Peak,Active,33.1,0.71,64.47,Increasing
15-07-2024 04:00,NODE_03,Sensor_Node_3_Residential_Border,8.03,13.67,0.32,422,10.86,1,25,32,80.6,5.1,33,Good,SE,1004.48,1.76,Medium,High,Active,64.2,0.96,35.35,Increasing
15-07-2024 05:00,NODE_03,Sensor_Node_3_Residential_Border,23.68,10,1.104,393,16.58,7.59,19.98,33.5,67.3,4.1,75,Moderate,SE,1003.06,4.27,High,Normal,Active,39.9,0.97,73.01,Stable
15-07-2024 06:00,NODE_03,Sensor_Node_3_Residential_Border,63.88,124.39,3.448,478,41.79,13.17,7.43,32.5,75.9,2.2,155,Unhealthy,SW,1012.78,4.78,Low,Normal,Active,32.7,1,144.34,Stable
15-07-2024 07:00,NODE_03,Sensor_Node_3_Residential_Border,70.38,139.51,3.078,475.4,47.54,23.21,22.6,35.3,74.7,3,159,Unhealthy,SW,1012.56,2.46,Medium,Normal,Active,93.3,0.96,153.13,Decreasing
15-07-2024 08:00,NODE_03,Sensor_Node_3_Residential_Border,52.96,75.48,4.106,460.6,55.98,11.41,21.83,35.8,81.5,0.5,144,Unhealthy for Sensitive Groups,W,1008.89,6.49,Low,Peak,Active,92.2,0.99,148.08,Stable
15-07-2024 09:00,NODE_03,Sensor_Node_3_Residential_Border,65.97,121.49,3.651,460.8,52.45,20.36,13.04,37.4,64.3,7.3,156,Unhealthy,SW,1007.29,4.05,Medium,High,Active,82.2,0.73,158.09,Decreasing
15-07-2024 10:00,NODE_03,Sensor_Node_3_Residential_Border,69.22,92,3.845,465.6,34.7,16.69,5,37.6,62,2.9,158,Unhealthy,S,1005.97,7.13,Medium,Normal,Active,52.6,0.81,142.6,Increasing
15-07-2024 11:00,NODE_03,Sensor_Node_3_Residential_Border,63.42,118.09,3.598,455.8,40.35,24.49,23.72,39.6,59.1,2.7,155,Unhealthy,N,1011.58,3.82,Medium,Peak,Active,67.4,0.77,161.39,Decreasing
15-07-2024 12:00,NODE_03,Sensor_Node_3_Residential_Border,77.77,119.4,3.997,475.1,38.54,16.55,12.87,37.5,66.7,5.3,162,Unhealthy,E,1002.78,5.59,High,Low,Active,25,0.86,160.42,Decreasing
15-07-2024 13:00,NODE_03,Sensor_Node_3_Residential_Border,62.3,106.92,4.46,493.3,54.64,18.7,18.1,39.8,64.7,3.4,500,Hazardous,NE,1006.71,2,High,Peak,Active,71,0.97,545.41,Stable
15-07-2024 14:00,NODE_03,Sensor_Node_3_Residential_Border,73.81,122.68,4.013,480.4,53.33,16.7,22.65,37.6,81.4,4.5,160,Unhealthy,E,1006.57,9.16,Low,Normal,Active,96.8,0.93,173.71,Decreasing
15-07-2024 15:00,NODE_03,Sensor_Node_3_Residential_Border,74.93,85.18,2.595,457.2,40.55,12.06,12.81,32.4,60.7,3.9,161,Unhealthy,W,1016.22,3.45,Low,Normal,Active,62.7,0.86,161.23,Stable
15-07-2024 16:00,NODE_03,Sensor_Node_3_Residential_Border,37.03,72.44,3.685,442.8,37.09,14.53,22.98,38.5,69.4,5.2,105,Unhealthy for Sensitive Groups,SW,1019.19,8.24,Medium,Low,Maintenance,52.8,0.74,100.13,Decreasing
15-07-2024 17:00,NODE_03,Sensor_Node_3_Residential_Border,49.29,98.55,2.947,457.4,35.29,14.61,11.41,36.8,56.9,2.7,135,Unhealthy for Sensitive Groups,SE,1023.03,1.51,Low,Low,Active,56.3,0.72,136.88,Decreasing
15-07-2024 18:00,NODE_03,Sensor_Node_3_Residential_Border,52.05,82.63,2.925,489.9,40.83,17.93,19.37,32.9,68.6,2.7,142,Unhealthy for Sensitive Groups,SW,1019.96,8.65,High,Peak,Active,79.3,0.94,143.28,Stable
15-07-2024 19:00,NODE_03,Sensor_Node_3_Residential_Border,57.02,107.46,2.737,456.2,38.38,19.29,19.13,31.9,70.4,1.7,152,Unhealthy,N,1010.96,1.35,High,Normal,Active,67.3,0.86,146.07,Decreasing
15-07-2024 20:00,NODE_03,Sensor_Node_3_Residential_Border,38.77,93.73,2.737,466.9,40.91,15.77,16.1,30,75.8,2.2,109,Unhealthy for Sensitive Groups,SW,1011.25,8.86,High,Low,Active,37.9,0.74,117.18,Increasing
15-07-2024 21:00,NODE_03,Sensor_Node_3_Residential_Border,52.13,88.32,3.006,478,40.58,22.04,15.26,30.8,70.2,5.2,142,Unhealthy for Sensitive Groups,NW,1002.84,2.6,Medium,Normal,Active,93.8,0.9,150.19,Decreasing
15-07-2024 22:00,NODE_03,Sensor_Node_3_Residential_Border,59.64,94.31,2.399,432.9,38.58,14.57,21.72,31.2,79.3,5.9,153,Unhealthy,SW,1001.14,5.57,Medium,High,Active,42.7,0.84,141.83,Stable
15-07-2024 23:00,NODE_03,Sensor_Node_3_Residential_Border,35.03,63.59,2.184,452.9,22.58,10.65,17.51,31.6,74.6,6.1,99,Moderate,S,1014.39,1.51,Low,Peak,Active,20.3,0.9,108.26,Increasing
16-07-2024 00:00,NODE_03,Sensor_Node_3_Residential_Border,33.53,80.66,2.785,409.2,32.73,17.1,18.88,30.8,70.1,1.4,96,Moderate,S,1022.5,2.35,Low,Normal,Active,87.2,0.93,91.12,Increasing
16-07-2024 01:00,NODE_03,Sensor_Node_3_Residential_Border,26.92,73.39,2.466,479.1,35.82,10.57,21.03,30.5,81,2.8,82,Moderate,NW,1022.34,3.69,Medium,Peak,Maintenance,76,0.74,87.98,Decreasing
16-07-2024 02:00,NODE_03,Sensor_Node_3_Residential_Border,47.94,73.93,2.324,438.1,29.32,13.13,16.25,30.9,77.6,1.2,132,Unhealthy for Sensitive Groups,NW,1004.03,2.75,High,Peak,Active,35.5,0.85,119.92,Increasing
16-07-2024 03:00,NODE_03,Sensor_Node_3_Residential_Border,13.16,22.61,0.337,448.5,16.07,6.55,27.69,27,86.4,3,53,Moderate,N,1013.14,5.07,Medium,Normal,Active,93.9,0.99,56.2,Stable
16-07-2024 04:00,NODE_03,Sensor_Node_3_Residential_Border,17.25,13.59,1.012,437.3,9.07,10.2,17.45,30.4,67.4,4.2,62,Moderate,N,1006.87,8.27,Medium,Low,Active,59.1,0.73,55.82,Decreasing
16-07-2024 05:00,NODE_03,Sensor_Node_3_Residential_Border,5.05,40.4,0.807,453.5,19.81,2.72,23.53,33.4,68.9,1.2,37,Good,SW,1012.86,2.24,Medium,Normal,Active,24.4,0.91,35.76,Stable
16-07-2024 06:00,NODE_03,Sensor_Node_3_Residential_Border,58.07,124.33,4.325,450.6,52.95,22.99,10.48,34.5,75.1,4.7,152,Unhealthy,W,1010.02,6.58,Low,Peak,Active,52,0.97,165.43,Decreasing
16-07-2024 07:00,NODE_03,Sensor_Node_3_Residential_Border,70.52,116.39,3.874,484.6,43.56,18.13,10.58,36.5,70.2,0.7,159,Unhealthy,W,1012.81,4.87,High,Normal,Active,36.9,0.92,168.85,Stable
16-07-2024 08:00,NODE_03,Sensor_Node_3_Residential_Border,60.87,131.44,3.712,429.4,45.72,21.89,17.74,34.9,66.3,4.2,154,Unhealthy,SE,1008.41,1.55,Medium,High,Active,61.4,0.92,145.51,Decreasing
16-07-2024 09:00,NODE_03,Sensor_Node_3_Residential_Border,61.86,103.31,4.529,471.7,49.08,20.29,10.98,35.5,61.5,3.4,154,Unhealthy,SE,1006.58,8.55,High,Peak,Active,49.7,0.83,162.41,Stable
16-07-2024 10:00,NODE_03,Sensor_Node_3_Residential_Border,82.41,102.8,3.676,485.9,43.02,15.81,6.08,37.5,62.7,4.3,165,Unhealthy,W,1017.07,7.52,Low,Peak,Active,25.7,0.85,169.32,Stable
16-07-2024 11:00,NODE_03,Sensor_Node_3_Residential_Border,55.07,107.24,4.227,475.7,50.97,21.25,18.99,38.2,66.9,3.7,149,Unhealthy for Sensitive Groups,N,1008.41,6.8,High,High,Active,58.3,0.94,141.1,Decreasing
16-07-2024 12:00,NODE_03,Sensor_Node_3_Residential_Border,49.84,108.52,3.025,448.1,56.88,20.65,23.85,39,61.4,4.3,136,Unhealthy for Sensitive Groups,SE,1009.62,2.61,Low,Peak,Active,52.1,0.86,125.18,Stable
16-07-2024 13:00,NODE_03,Sensor_Node_3_Residential_Border,62.04,126.28,2.706,439.2,45.56,23.92,19.54,33.5,60.4,1.6,154,Unhealthy,SW,1010.81,2.11,High,High,Active,33.6,0.77,157.16,Decreasing
16-07-2024 14:00,NODE_03,Sensor_Node_3_Residential_Border,67.6,119.42,3.557,469.1,49.01,23.38,14.57,34.6,69.9,1.5,157,Unhealthy,W,1004.46,9.16,Low,Normal,Active,79.8,0.72,147.19,Stable
16-07-2024 15:00,NODE_03,Sensor_Node_3_Residential_Border,52.17,86.82,2.796,473.7,44.72,23.13,17.61,34.9,61.2,4,142,Unhealthy for Sensitive Groups,NE,1009.37,9.13,Low,Normal,Active,44.3,0.85,137.9,Decreasing
16-07-2024 16:00,NODE_03,Sensor_Node_3_Residential_Border,41.89,83.62,2.495,493.4,42.75,13.62,13.55,38.1,72.6,1.6,117,Unhealthy for Sensitive Groups,SW,1007.96,2.93,Low,Low,Active,87.2,0.86,112.47,Increasing
16-07-2024 17:00,NODE_03,Sensor_Node_3_Residential_Border,52.76,71.24,2.699,449.3,39.1,16.8,23,33.9,78.6,5.8,143,Unhealthy for Sensitive Groups,S,1008.62,4.07,High,Low,Active,42.5,0.76,146.72,Decreasing
16-07-2024 18:00,NODE_03,Sensor_Node_3_Residential_Border,60.9,98.31,3.43,447,39.01,20.11,22.06,34.2,76.2,4.4,154,Unhealthy,SE,1012.28,3.32,Medium,Low,Active,48.6,0.97,144.54,Stable
16-07-2024 19:00,NODE_03,Sensor_Node_3_Residential_Border,46.12,91.1,3.156,421.4,49.96,18.64,21.28,33.5,76.3,1.4,127,Unhealthy for Sensitive Groups,SE,1000.56,6.91,Low,High,Maintenance,86.2,0.71,138.64,Decreasing
16-07-2024 20:00,NODE_03,Sensor_Node_3_Residential_Border,55.87,111.81,4.309,477.7,49.04,15.48,17.3,32.5,78.2,2.3,151,Unhealthy,SE,1014.75,3.48,Low,Low,Active,59.4,0.88,163.87,Increasing
16-07-2024 21:00,NODE_03,Sensor_Node_3_Residential_Border,55.79,86.05,3.303,452.4,38.9,16.22,21.53,33,71.5,1.8,151,Unhealthy,N,1009.02,4.03,High,Normal,Active,29.4,0.96,156.57,Decreasing
16-07-2024 22:00,NODE_03,Sensor_Node_3_Residential_Border,58.01,73.47,3.763,453.3,41.83,17.74,25.19,29.5,76.9,2,152,Unhealthy,SW,1015.2,5.18,Low,High,Active,41.7,0.96,163.74,Increasing
16-07-2024 23:00,NODE_03,Sensor_Node_3_Residential_Border,40.85,38.51,1.73,460.4,30.77,12.68,16.57,30.2,80.9,4.6,114,Unhealthy for Sensitive Groups,SW,1013.66,4.15,High,Normal,Active,25,0.8,120.01,Stable
17-07-2024 00:00,NODE_03,Sensor_Node_3_Residential_Border,46.35,66.55,2.649,448.6,32.39,12.03,21.7,27.8,73.2,1.4,128,Unhealthy for Sensitive Groups,NE,1018.4,7.62,High,High,Active,60.4,0.72,125.26,Decreasing
17-07-2024 01:00,NODE_03,Sensor_Node_3_Residential_Border,49.05,91.61,2.155,457,26.66,16.66,20.82,27.6,90.2,2,134,Unhealthy for Sensitive Groups,SW,1010.86,3.9,Low,High,Active,75.6,0.9,123.6,Decreasing
17-07-2024 02:00,NODE_03,Sensor_Node_3_Residential_Border,29.92,43.24,2.852,451.1,16.69,11.45,22.69,31.4,71.9,2.1,88,Moderate,NW,1005.56,6.95,Medium,Normal,Active,88.2,0.72,90.22,Increasing
17-07-2024 03:00,NODE_03,Sensor_Node_3_Residential_Border,12.4,31.65,1.366,432.7,14.46,4.63,19.14,31,73.7,3,52,Moderate,SE,1017.62,8.44,High,Normal,Maintenance,30.7,0.74,46.86,Decreasing
17-07-2024 04:00,NODE_03,Sensor_Node_3_Residential_Border,5,21.99,0.616,413.4,16.66,5.9,27.35,32.6,69.1,1.1,21,Good,NE,1018.65,8.91,Low,Normal,Active,26.8,0.94,22.52,Stable
17-07-2024 05:00,NODE_03,Sensor_Node_3_Residential_Border,25.25,21.83,1.525,421.6,3.69,1.2,29.74,33.8,69.1,5.1,79,Moderate,NE,1009.83,7.41,Medium,Peak,Maintenance,76.8,0.8,84.25,Decreasing
17-07-2024 06:00,NODE_03,Sensor_Node_3_Residential_Border,79.03,116.13,4.001,466.1,50.49,23.9,10.58,35,69.7,3.7,163,Unhealthy,N,1008.37,2.22,Medium,Normal,Active,62.6,0.89,166.17,Stable
17-07-2024 07:00,NODE_03,Sensor_Node_3_Residential_Border,60.09,132.16,3.408,473.9,52.01,28.53,13.8,31.7,69.7,5.3,153,Unhealthy,SE,1016.38,3.18,Low,Low,Active,33.5,0.95,146.79,Stable
17-07-2024 08:00,NODE_03,Sensor_Node_3_Residential_Border,72.87,130.02,4.396,480.7,57.76,16.13,14.71,36,71.7,2.1,160,Unhealthy,NW,1010.26,7.11,High,Peak,Active,44.6,0.75,175.76,Stable
17-07-2024 09:00,NODE_03,Sensor_Node_3_Residential_Border,60.97,120.1,2.162,468.7,45.34,18.16,17.66,37,69,4.5,154,Unhealthy,NE,1017.53,5.43,Low,Low,Active,30,0.75,152.79,Decreasing
17-07-2024 10:00,NODE_03,Sensor_Node_3_Residential_Border,75.43,94.49,3.596,462.4,39.76,32.5,16.52,35.7,73.2,4.2,161,Unhealthy,SE,1019.16,6.55,High,Low,Maintenance,68.3,0.94,161.58,Stable
17-07-2024 11:00,NODE_03,Sensor_Node_3_Residential_Border,67.07,126.83,4.186,478.9,45.45,15.03,9.99,37.2,55.8,4.4,157,Unhealthy,SE,1012.85,2.4,High,Normal,Active,74.5,0.83,163.04,Stable
17-07-2024 12:00,NODE_03,Sensor_Node_3_Residential_Border,80.42,100.07,3.745,471.5,58.11,23.55,16.98,41.5,75.7,2.1,164,Unhealthy,SW,1017.94,2.53,Medium,Peak,Active,27.8,0.89,164.19,Decreasing
17-07-2024 13:00,NODE_03,Sensor_Node_3_Residential_Border,69.16,124.18,3.655,455.7,60.15,18.54,15.82,37.3,65.8,3,158,Unhealthy,W,1018.15,6.31,Low,Normal,Active,41.8,0.85,155.74,Increasing
17-07-2024 14:00,NODE_03,Sensor_Node_3_Residential_Border,58.99,108.28,4.167,473,53.17,25.22,18.7,36.6,68.8,2.5,153,Unhealthy,E,1016.69,2.3,Low,Low,Active,49.2,0.75,153.45,Stable
17-07-2024 15:00,NODE_03,Sensor_Node_3_Residential_Border,55.2,97.43,2.791,449.9,42.24,17.34,18.12,39.1,66.3,1.1,150,Unhealthy for Sensitive Groups,W,1002.91,6.29,Low,Peak,Active,57,0.91,143.57,Stable
17-07-2024 16:00,NODE_03,Sensor_Node_3_Residential_Border,61.08,95.91,3.953,460.8,42.49,17.12,26.26,36.6,68.5,0.9,154,Unhealthy,NW,1011.28,3.72,High,Peak,Fault,53.6,0.83,163.12,Increasing
17-07-2024 17:00,NODE_03,Sensor_Node_3_Residential_Border,45.65,60.32,3.118,452.7,18.21,15.64,13.2,37.5,70.1,4.1,126,Unhealthy for Sensitive Groups,S,1010.41,8.8,High,Normal,Active,55.2,0.81,133.45,Decreasing
17-07-2024 18:00,NODE_03,Sensor_Node_3_Residential_Border,62.7,97.51,3.581,499.6,46.04,30.12,21.52,35.8,70,3,155,Unhealthy,SE,1009.13,5.06,High,High,Active,26.6,0.89,158.62,Decreasing
17-07-2024 19:00,NODE_03,Sensor_Node_3_Residential_Border,41.38,84.4,2.902,451.8,35.65,23.91,13.99,33.7,76.5,3.3,115,Unhealthy for Sensitive Groups,SW,1004.45,8.57,High,Normal,Active,89.4,0.93,120.02,Stable
17-07-2024 20:00,NODE_03,Sensor_Node_3_Residential_Border,43.6,89.94,2.88,459.2,44.53,13.76,15.48,29.6,68.5,4.9,121,Unhealthy for Sensitive Groups,N,1006.67,9.84,Medium,Peak,Active,37.6,0.88,129.61,Stable
17-07-2024 21:00,NODE_03,Sensor_Node_3_Residential_Border,58.88,77.89,2.687,478.1,41.92,11.32,15.57,32.5,75.2,2.2,153,Unhealthy,SW,1017.3,1.87,High,Peak,Active,89,0.86,166.72,Decreasing
17-07-2024 22:00,NODE_03,Sensor_Node_3_Residential_Border,62.51,74.65,3.195,475.3,41.23,19.57,23.52,31.2,75.3,5.8,155,Unhealthy,S,1014.21,2.07,Low,Peak,Active,66.8,0.89,158.83,Stable
17-07-2024 23:00,NODE_03,Sensor_Node_3_Residential_Border,37.78,56.56,1.696,471.1,34.53,18.75,23.84,29.6,70.8,4.7,107,Unhealthy for Sensitive Groups,N,1009.93,3.62,Low,Low,Active,35.1,0.83,107.86,Stable
18-07-2024 00:00,NODE_03,Sensor_Node_3_Residential_Border,33.9,86.85,2.123,425.7,28.04,13.88,29.3,30.2,74.3,2.8,97,Moderate,N,1011.35,1.38,Low,Normal,Maintenance,55.8,0.72,93.73,Increasing
18-07-2024 01:00,NODE_03,Sensor_Node_3_Residential_Border,50.94,45.74,2.013,460.5,38.98,13.53,20.38,29.4,82.3,2.2,139,Unhealthy for Sensitive Groups,N,1017.02,3.26,High,Low,Active,57.8,0.98,151.97,Stable
18-07-2024 02:00,NODE_03,Sensor_Node_3_Residential_Border,50.58,82.01,3.047,435.7,21.48,18.88,24.49,32.1,81.7,3.5,138,Unhealthy for Sensitive Groups,E,1007.13,8.75,Low,Normal,Active,57.9,0.71,148.27,Decreasing
18-07-2024 03:00,NODE_03,Sensor_Node_3_Residential_Border,31.35,33.05,1.076,456.9,21.39,11.75,14.99,30.8,70.9,2.6,91,Moderate,S,1006.97,8.2,High,Normal,Active,29.8,0.89,98.83,Decreasing
18-07-2024 04:00,NODE_03,Sensor_Node_3_Residential_Border,21.49,56.66,1.138,422.4,14.23,1,17.64,32.9,60.5,3.8,71,Moderate,N,1019.89,2.75,Low,Normal,Active,21.1,0.92,66.08,Increasing
18-07-2024 05:00,NODE_03,Sensor_Node_3_Residential_Border,16.14,36.17,0.828,445.8,14.01,1.1,26.56,33.2,74.2,4.6,60,Moderate,SW,1009.81,2.72,Low,Peak,Active,77.1,0.71,63.48,Increasing
18-07-2024 06:00,NODE_03,Sensor_Node_3_Residential_Border,174.46,243.34,6.245,462.4,47.36,34.99,22.71,36.4,68.2,1.2,225,Very Unhealthy,SW,1023.96,4,Low,Peak,Active,79.8,0.88,222.12,Increasing
18-07-2024 07:00,NODE_03,Sensor_Node_3_Residential_Border,51.93,116.88,3.749,450.5,50.82,22.19,20.36,38.7,58.6,3.4,141,Unhealthy for Sensitive Groups,E,1021.51,6.89,Low,Peak,Active,83.3,0.82,141.88,Decreasing
18-07-2024 08:00,NODE_03,Sensor_Node_3_Residential_Border,210.4,337.53,10,442.4,48.18,46.77,11.7,31.7,64.1,4.9,260,Very Unhealthy,S,999.37,7.31,Low,Peak,Active,23.8,0.89,235.28,Decreasing
18-07-2024 09:00,NODE_03,Sensor_Node_3_Residential_Border,69.5,90.65,3.779,443.2,42.34,18.63,8.82,31.7,72.3,4.5,158,Unhealthy,SW,996.68,9.88,Low,Normal,Maintenance,44.3,0.75,168.33,Increasing
18-07-2024 10:00,NODE_03,Sensor_Node_3_Residential_Border,66.3,88.5,3.825,494.5,49.7,18.71,8.79,36.6,59.8,2.7,157,Unhealthy,N,1004.54,4.96,Medium,Low,Fault,39.7,0.97,163,Decreasing
18-07-2024 11:00,NODE_03,Sensor_Node_3_Residential_Border,62.18,122.36,3.913,463,41.52,28.17,26.88,36,71.4,3.5,154,Unhealthy,N,1013.21,9.34,High,Low,Active,97.5,0.93,165.67,Increasing
18-07-2024 12:00,NODE_03,Sensor_Node_3_Residential_Border,46.7,105.36,3.935,476,43.26,23.96,15.57,35.8,59.2,0.9,129,Unhealthy for Sensitive Groups,SE,1010.17,1.98,High,High,Active,91.9,0.75,141.38,Increasing
18-07-2024 13:00,NODE_03,Sensor_Node_3_Residential_Border,79.15,92.73,3.553,472.5,53.11,22.1,12.59,35,65.6,1.1,163,Unhealthy,S,1004.83,1.17,High,Peak,Active,33.2,0.89,164.67,Decreasing
18-07-2024 14:00,NODE_03,Sensor_Node_3_Residential_Border,64.29,115.39,4.004,483.7,33.24,23.44,7.88,35.9,73.3,2,156,Unhealthy,SW,1002.53,8.39,Low,High,Active,52.4,0.8,169.63,Stable
18-07-2024 15:00,NODE_03,Sensor_Node_3_Residential_Border,42.88,112.24,2.386,456.6,20.56,17.65,10.09,36.4,62.5,2.7,119,Unhealthy for Sensitive Groups,NW,1017.1,6.63,High,High,Active,81.3,0.98,125.09,Stable
18-07-2024 16:00,NODE_03,Sensor_Node_3_Residential_Border,66.16,77.1,1.404,471.9,31.75,21.74,17.68,36.9,74.4,3.2,157,Unhealthy,NW,1013.97,1.58,High,Peak,Active,77.5,0.72,167.72,Decreasing
18-07-2024 17:00,NODE_03,Sensor_Node_3_Residential_Border,70.55,103.34,3.452,467.2,54.5,16.37,19.16,34.2,87,4.9,159,Unhealthy,NE,1011.99,4.53,High,Low,Active,93.1,0.84,145.24,Increasing
18-07-2024 18:00,NODE_03,Sensor_Node_3_Residential_Border,45.14,85.4,3.581,455.9,48.59,20.57,17.88,32.7,73.8,7.4,125,Unhealthy for Sensitive Groups,N,1011.79,8.25,Low,Peak,Active,20.3,0.99,117.19,Decreasing
18-07-2024 19:00,NODE_03,Sensor_Node_3_Residential_Border,55.2,81.37,3.403,465.9,34.97,15.38,18.13,32.3,68.9,3.9,150,Unhealthy for Sensitive Groups,N,1009.06,3.78,High,Peak,Active,40.9,0.96,145.44,Increasing
18-07-2024 20:00,NODE_03,Sensor_Node_3_Residential_Border,57.66,74.77,3.998,463.9,39.45,20.61,17.82,27.7,76.6,2.1,152,Unhealthy,N,1023.58,9.69,Low,Peak,Active,95.4,0.74,164.55,Decreasing
18-07-2024 21:00,NODE_03,Sensor_Node_3_Residential_Border,61.54,103.13,3.208,464.3,29.65,15.06,12.89,32.5,79.1,1.6,154,Unhealthy,SE,1010.42,7.16,High,Low,Active,67.7,0.71,153.8,Stable
18-07-2024 22:00,NODE_03,Sensor_Node_3_Residential_Border,50.28,95.25,3.516,441.8,42.84,15.81,5,29.7,79.6,5.1,137,Unhealthy for Sensitive Groups,SW,1016.96,7.52,Low,High,Active,32.8,0.79,148.02,Decreasing
18-07-2024 23:00,NODE_03,Sensor_Node_3_Residential_Border,33.07,84.55,1.773,468.6,30.47,6.67,19.59,29.7,74.6,3.2,95,Moderate,SE,1008.14,9.89,Low,High,Active,45.2,0.96,96.46,Increasing
19-07-2024 00:00,NODE_03,Sensor_Node_3_Residential_Border,39.11,60.69,1.826,414.4,41.07,11.89,24.77,31.7,84.2,1,110,Unhealthy for Sensitive Groups,SE,1007.03,7.87,High,Low,Active,61.7,0.79,103.13,Stable
19-07-2024 01:00,NODE_03,Sensor_Node_3_Residential_Border,44.97,71.54,1.454,475.8,22.25,18.93,19.33,31.6,82.9,4.7,124,Unhealthy for Sensitive Groups,S,1010.78,7.13,High,Normal,Active,52,0.91,115.42,Increasing
19-07-2024 02:00,NODE_03,Sensor_Node_3_Residential_Border,38.17,69.04,2.323,450.3,29.31,7.63,18.71,31.2,76.4,4.4,108,Unhealthy for Sensitive Groups,E,1010.45,6.78,Low,High,Active,29.5,0.83,114.48,Stable
19-07-2024 03:00,NODE_03,Sensor_Node_3_Residential_Border,16.58,37.24,0.2,400.4,11.33,7.41,26.5,31,81.2,2.3,60,Moderate,S,1012.42,8.7,Medium,Peak,Active,89.4,0.96,55.66,Decreasing
19-07-2024 04:00,NODE_03,Sensor_Node_3_Residential_Border,15.38,10.18,1.01,438.6,7.55,5.55,26.68,33.3,73.2,4.5,58,Moderate,E,1017.99,6.92,Low,Peak,Active,71.9,0.82,57.93,Decreasing
19-07-2024 05:00,NODE_03,Sensor_Node_3_Residential_Border,9.61,31.81,0.2,422.4,5.43,5.53,26.79,34.5,81.1,1.7,40,Good,NE,1013.56,1.05,Medium,Low,Active,48.3,0.73,38,Decreasing
19-07-2024 06:00,NODE_03,Sensor_Node_3_Residential_Border,61.91,120.48,4.223,447.1,67.1,23.31,20.2,34.7,65.7,2.1,154,Unhealthy,NW,1017.55,7.15,High,Low,Active,36.4,0.89,155.4,Stable
19-07-2024 07:00,NODE_03,Sensor_Node_3_Residential_Border,62.47,96.86,4.72,465.1,56.48,19.34,12.42,37.3,69.3,5,155,Unhealthy,S,1020.86,5.29,Medium,Peak,Active,22.4,0.71,158.54,Increasing
19-07-2024 08:00,NODE_03,Sensor_Node_3_Residential_Border,71.06,106.51,2.747,489.8,53.41,18.07,15.19,38,78.5,2.9,159,Unhealthy,SW,1000.72,6.4,High,High,Active,72.1,0.77,151.08,Decreasing
19-07-2024 09:00,NODE_03,Sensor_Node_3_Residential_Border,63.35,103.72,3.576,501,54.46,17.81,21.15,38.4,65.3,4.3,155,Unhealthy,W,1007.3,5.44,Medium,Peak,Active,94.6,0.79,139.74,Increasing
19-07-2024 10:00,NODE_03,Sensor_Node_3_Residential_Border,56.72,88.64,3.503,437.3,41.68,26.17,11.77,37.4,71.2,2.3,152,Unhealthy,NW,1003.59,1.2,Medium,Low,Active,22.2,0.83,141.45,Stable
19-07-2024 11:00,NODE_03,Sensor_Node_3_Residential_Border,75.48,113.27,4.224,472,54.23,18.91,16.47,38.9,74.8,1.7,161,Unhealthy,NW,1003.27,8.96,High,High,Active,56.8,0.88,164.26,Decreasing
19-07-2024 12:00,NODE_03,Sensor_Node_3_Residential_Border,78.66,109.27,3.951,473.7,50.37,29.37,14.85,39.2,63.5,4,163,Unhealthy,SW,1005.09,9.23,High,Normal,Active,30.4,1,163.09,Increasing
19-07-2024 13:00,NODE_03,Sensor_Node_3_Residential_Border,80.92,81.2,3.693,479,40.23,20.11,32.01,36.3,67.8,2.4,164,Unhealthy,SW,1012.58,5.18,Low,High,Active,22.5,0.89,168.37,Increasing
19-07-2024 14:00,NODE_03,Sensor_Node_3_Residential_Border,69.42,110.88,3.433,460.6,58.16,20.68,18.88,34.8,63.5,2.6,158,Unhealthy,SW,1013.75,8.94,Low,Peak,Active,57.6,0.74,152.9,Stable
19-07-2024 15:00,NODE_03,Sensor_Node_3_Residential_Border,49.39,86.91,3.436,478.1,35.97,22.08,14.75,37,59.8,4.2,135,Unhealthy for Sensitive Groups,N,1017.32,9.11,Low,Normal,Active,21.3,0.96,128.63,Increasing
19-07-2024 16:00,NODE_03,Sensor_Node_3_Residential_Border,53.94,87.61,2.072,457,40.99,15.38,16.73,35.8,69.2,2.2,146,Unhealthy for Sensitive Groups,NW,1012.68,8.27,High,Normal,Fault,76.2,0.99,134.58,Stable
19-07-2024 17:00,NODE_03,Sensor_Node_3_Residential_Border,51.36,112.84,2.94,467.8,47.78,18.05,18.24,35.3,58.8,3,140,Unhealthy for Sensitive Groups,NE,1011.82,9.87,Medium,Low,Active,59.3,0.75,153.17,Decreasing
19-07-2024 18:00,NODE_03,Sensor_Node_3_Residential_Border,50.17,79.26,3.182,455.4,31.27,21.07,24.05,34.3,73,6.2,137,Unhealthy for Sensitive Groups,W,1013.67,2.43,Medium,Low,Active,41.2,0.95,145.43,Decreasing
19-07-2024 19:00,NODE_03,Sensor_Node_3_Residential_Border,52.71,84.62,3.473,461.3,45.73,22.33,18.58,33.5,77.4,0.6,143,Unhealthy for Sensitive Groups,N,1017.82,4.94,Medium,Low,Active,43.4,0.89,156.74,Decreasing
19-07-2024 20:00,NODE_03,Sensor_Node_3_Residential_Border,54.26,109.41,1.862,471.6,41.41,15.19,22.73,30.2,72.6,0.4,147,Unhealthy for Sensitive Groups,E,1003.41,4.66,High,Low,Active,33.8,0.73,152.58,Increasing
19-07-2024 21:00,NODE_03,Sensor_Node_3_Residential_Border,63.29,64.69,3.323,484.1,48.05,18.87,13.6,32.5,72.5,5.9,155,Unhealthy,NW,1003.59,9.23,High,Normal,Active,55.8,0.79,155.75,Decreasing
19-07-2024 22:00,NODE_03,Sensor_Node_3_Residential_Border,51.56,90.48,2.457,481.5,39.68,16.99,15.34,29.5,80.9,2.9,141,Unhealthy for Sensitive Groups,SE,1010.83,2.59,Medium,Peak,Active,88.2,0.79,146.82,Increasing
19-07-2024 23:00,NODE_03,Sensor_Node_3_Residential_Border,44.74,62.47,2.858,462.5,28.21,14.37,28.6,28.4,73.3,1.4,124,Unhealthy for Sensitive Groups,E,1008.79,7.94,High,Normal,Active,24.2,0.83,119.28,Increasing
20-07-2024 00:00,NODE_03,Sensor_Node_3_Residential_Border,20.73,61.65,1.704,446.4,14.22,9.89,26.66,28.1,70.7,1.5,69,Moderate,S,1015.63,2.49,Low,Low,Active,68.5,0.76,70.44,Stable
20-07-2024 01:00,NODE_03,Sensor_Node_3_Residential_Border,81.96,91.81,3.945,460.5,22.43,10.58,16.72,29.2,72.5,3.1,165,Unhealthy,SW,1003.51,7.74,Medium,High,Active,30.5,0.78,172.03,Stable
20-07-2024 02:00,NODE_03,Sensor_Node_3_Residential_Border,26.32,60.72,1.93,446.5,19.8,14.39,27.65,30.4,73.4,3.7,81,Moderate,NE,1006.17,7.55,Low,Normal,Active,41.9,0.97,85.37,Decreasing
20-07-2024 03:00,NODE_03,Sensor_Node_3_Residential_Border,17.58,26.7,0.446,398.4,21.76,9.92,21.17,31.5,74.9,0.6,63,Moderate,SW,1018.19,6.24,Medium,Low,Active,71.2,0.94,58.68,Increasing
20-07-2024 04:00,NODE_03,Sensor_Node_3_Residential_Border,16.26,10,0.427,444.2,2,4.74,22.26,34.4,77,0.4,60,Moderate,NE,1020.72,3.28,Low,Low,Active,65.5,0.72,60.45,Decreasing
20-07-2024 05:00,NODE_03,Sensor_Node_3_Residential_Border,5,38.85,0.635,430.9,14.4,1.09,32.24,33.8,69.7,1.2,36,Good,NE,1013.4,8.02,High,Peak,Maintenance,79.4,0.8,34.89,Increasing
20-07-2024 06:00,NODE_03,Sensor_Node_3_Residential_Border,39.44,56.51,2.65,465.8,34.95,7.23,13.38,32.5,75,1.5,111,Unhealthy for Sensitive Groups,W,1019.85,8.84,Low,Peak,Active,52.7,0.86,104.08,Stable
20-07-2024 07:00,NODE_03,Sensor_Node_3_Residential_Border,38.09,96.87,2.522,485.5,31.97,17.73,12.14,35,67.7,2.6,107,Unhealthy for Sensitive Groups,E,1016.57,1.27,High,Low,Maintenance,35.8,0.72,110.44,Decreasing
20-07-2024 08:00,NODE_03,Sensor_Node_3_Residential_Border,59.46,54.86,2.864,457.8,34.54,13.36,11.85,36.1,66.5,1.8,500,Hazardous,S,1015.55,8.19,High,High,Active,43.9,0.91,483.04,Stable
20-07-2024 09:00,NODE_03,Sensor_Node_3_Residential_Border,47.47,60.02,2.732,484.6,32,8.75,24.66,37.5,63.4,2,130,Unhealthy for Sensitive Groups,SE,1004.58,4.73,High,High,Active,30.1,0.84,117.39,Increasing
20-07-2024 10:00,NODE_03,Sensor_Node_3_Residential_Border,52.31,103.84,2.908,450.9,18.84,19.5,15.26,36.9,73.8,3,142,Unhealthy for Sensitive Groups,NE,1006.55,5.58,High,Normal,Maintenance,24.4,0.75,141.41,Stable
20-07-2024 11:00,NODE_03,Sensor_Node_3_Residential_Border,38.18,77.56,3.311,460.2,28.7,13.23,9.99,39.3,71,1.1,108,Unhealthy for Sensitive Groups,SE,1007.42,1.29,High,Normal,Active,93.8,0.89,99.86,Decreasing
20-07-2024 12:00,NODE_03,Sensor_Node_3_Residential_Border,20.94,62.43,2.38,434.8,50.22,15.7,18.72,37.8,70.4,4.4,70,Moderate,NE,1007.19,1.84,High,Normal,Active,21.6,0.76,70.2,Decreasing
20-07-2024 13:00,NODE_03,Sensor_Node_3_Residential_Border,40.49,89.47,2.491,505.4,32.19,12.02,16.63,38.3,59.1,3.6,113,Unhealthy for Sensitive Groups,NE,1003.74,3.71,Medium,Peak,Active,99.4,0.78,118.3,Decreasing
20-07-2024 14:00,NODE_03,Sensor_Node_3_Residential_Border,50.5,83.4,2.736,451,25.78,14.69,13.86,35.3,64.7,1.6,138,Unhealthy for Sensitive Groups,E,1002.7,6.06,High,Peak,Active,66.4,0.75,142.07,Stable
20-07-2024 15:00,NODE_03,Sensor_Node_3_Residential_Border,37.93,58.64,2.204,435.4,20.8,11.18,13.85,36.3,82.7,3.4,107,Unhealthy for Sensitive Groups,N,1011,8.81,High,Normal,Active,90.4,0.85,102.02,Stable
20-07-2024 16:00,NODE_03,Sensor_Node_3_Residential_Border,37.05,42.14,2.336,459,34.65,13.87,19.38,35.5,76,2.5,105,Unhealthy for Sensitive Groups,NE,1016.56,8.79,Medium,Peak,Fault,36.2,0.83,110.48,Increasing
20-07-2024 17:00,NODE_03,Sensor_Node_3_Residential_Border,31.18,41.98,2.398,451.7,20.8,9.5,22.55,36,71.4,1.9,91,Moderate,NW,1010.27,9.62,Medium,Peak,Active,63.2,0.9,87.82,Stable
20-07-2024 18:00,NODE_03,Sensor_Node_3_Residential_Border,33.26,46.76,1.942,441.2,28.77,13.14,23.99,34.4,73.4,1.2,96,Moderate,N,1009.95,1.06,Low,High,Maintenance,87,0.8,101.39,Increasing
20-07-2024 19:00,NODE_03,Sensor_Node_3_Residential_Border,114.44,146.68,6.176,449.1,30.49,18.35,32.47,32.2,73.1,3.8,181,Unhealthy,E,1009.37,4.71,High,Peak,Maintenance,38.1,0.9,163.45,Stable
20-07-2024 20:00,NODE_03,Sensor_Node_3_Residential_Border,29.71,54.33,2.73,421.3,21.09,9.77,17.69,33.5,74.6,4.9,500,Hazardous,NE,1012.85,9.9,High,Low,Active,38.9,0.79,478.7,Increasing
20-07-2024 21:00,NODE_03,Sensor_Node_3_Residential_Border,40.69,75.9,1.301,478.5,24.84,11.42,19.13,31.8,67.4,2.6,114,Unhealthy for Sensitive Groups,W,1010.2,5.84,High,Normal,Active,65.5,0.76,118.07,Decreasing
20-07-2024 22:00,NODE_03,Sensor_Node_3_Residential_Border,39.19,77.26,1.656,473.6,24.71,12.55,15.4,30.7,71.7,2.2,110,Unhealthy for Sensitive Groups,SW,999.4,3.78,Medium,High,Maintenance,87.2,0.76,111.06,Decreasing
20-07-2024 23:00,NODE_03,Sensor_Node_3_Residential_Border,26.49,47.97,1.682,467.4,6.6,11.24,15.36,28.4,73.9,3.3,81,Moderate,NW,1026.43,8.35,High,Peak,Active,91.6,0.86,80.07,Increasing
21-07-2024 00:00,NODE_03,Sensor_Node_3_Residential_Border,18.01,52.53,0.428,466.5,8.78,10.04,16.78,29.4,72.7,1.6,63,Moderate,S,1014.03,5.4,Medium,High,Maintenance,72.6,0.84,69.3,Decreasing
21-07-2024 01:00,NODE_03,Sensor_Node_3_Residential_Border,8.75,24.5,1.286,442.3,20.24,10.4,14.77,28,82.3,3.8,36,Good,NW,1014.18,5.09,High,Low,Active,31.9,0.81,35.08,Decreasing
21-07-2024 02:00,NODE_03,Sensor_Node_3_Residential_Border,9.32,49.14,1.091,433.4,15.82,13.78,12.42,28,80.9,4.2,45,Good,NE,1013.88,7.24,Medium,Normal,Active,28,0.89,43.27,Decreasing
21-07-2024 03:00,NODE_03,Sensor_Node_3_Residential_Border,24.36,30.74,0.765,431.8,5.55,7.13,28.32,30.3,66.7,1.8,77,Moderate,NE,1014.55,1.94,Medium,Low,Active,63.6,0.99,72.29,Stable
21-07-2024 04:00,NODE_03,Sensor_Node_3_Residential_Border,10.28,25.24,0.819,436.8,9.54,3.42,24.69,33.9,72.1,2.8,43,Good,W,1013.1,4.47,High,High,Active,69.5,0.98,42.57,Stable
21-07-2024 05:00,NODE_03,Sensor_Node_3_Residential_Border,8.97,14.31,1.222,404.4,7.3,2.92,28.19,32.3,77.2,1.1,37,Good,S,1014.43,6.33,Low,High,Active,24.4,0.71,39.53,Stable
21-07-2024 06:00,NODE_03,Sensor_Node_3_Residential_Border,34.01,103.37,2.225,438.5,29.57,11.35,10.16,33.9,73.1,5.7,97,Moderate,NW,1027.25,7.26,High,Peak,Active,81.1,0.71,105.98,Increasing
21-07-2024 07:00,NODE_03,Sensor_Node_3_Residential_Border,26.76,60.58,1.826,450.4,29.12,13.79,10.17,34.4,68.9,1.7,82,Moderate,S,1009.73,1.31,Low,High,Active,81.1,0.7,89.25,Decreasing
21-07-2024 08:00,NODE_03,Sensor_Node_3_Residential_Border,36.11,63.08,3.251,486.3,31.55,7.61,19.82,37.6,67.8,4,102,Unhealthy for Sensitive Groups,NE,1011.1,1.77,Low,Normal,Active,81.8,0.85,99.68,Stable
21-07-2024 09:00,NODE_03,Sensor_Node_3_Residential_Border,38.11,81.18,1.905,451.6,24.47,20.64,16.75,38.3,67.7,1.2,107,Unhealthy for Sensitive Groups,SE,1006.99,3.22,High,Low,Active,21.9,0.94,101.02,Stable
21-07-2024 10:00,NODE_03,Sensor_Node_3_Residential_Border,174.7,250.31,6.267,433.2,35.52,30.52,21.68,36.8,61.7,6.5,225,Very Unhealthy,E,1007.35,5.32,High,Peak,Active,42,0.76,233.61,Stable
21-07-2024 11:00,NODE_03,Sensor_Node_3_Residential_Border,56.48,79.7,2.407,473.6,27.21,10.63,18.92,38.4,63.6,5.9,152,Unhealthy,SW,1019.29,5.72,Medium,Low,Active,24.2,0.82,165.05,Decreasing
21-07-2024 12:00,NODE_03,Sensor_Node_3_Residential_Border,53.92,62.6,2.715,477.2,33.13,19.1,24.14,36.3,52.3,2.3,146,Unhealthy for Sensitive Groups,W,1016.56,4.54,Medium,Peak,Active,58.3,0.73,133.21,Decreasing
21-07-2024 13:00,NODE_03,Sensor_Node_3_Residential_Border,38.99,99.57,3.844,451.9,34.33,14.85,17.73,35.8,73.6,2.2,110,Unhealthy for Sensitive Groups,NW,1013.9,1.48,High,High,Active,24,0.8,105.6,Stable
21-07-2024 14:00,NODE_03,Sensor_Node_3_Residential_Border,52.75,53.91,1.649,473.8,35.78,13.38,21.54,36.5,74,2.6,143,Unhealthy for Sensitive Groups,SE,1011,5.7,High,Low,Active,61.1,0.97,136.9,Increasing
21-07-2024 15:00,NODE_03,Sensor_Node_3_Residential_Border,40.62,52.47,1.544,472.2,37.22,9.74,21.4,39,69.7,2.3,114,Unhealthy for Sensitive Groups,SW,1012.74,1.52,Low,Peak,Active,87.5,0.81,125.27,Increasing
21-07-2024 16:00,NODE_03,Sensor_Node_3_Residential_Border,46.85,55.1,3.332,442.9,29.53,14.53,5.89,38.7,73.5,4.6,129,Unhealthy for Sensitive Groups,NE,1008.8,3.99,Low,High,Active,41.1,0.96,123.31,Stable
21-07-2024 17:00,NODE_03,Sensor_Node_3_Residential_Border,22.36,57.4,1.699,457,32.24,14.52,18.44,35.4,69.7,0.3,73,Moderate,W,1011.63,6.65,Medium,Low,Active,56.7,1,78.49,Increasing
21-07-2024 18:00,NODE_03,Sensor_Node_3_Residential_Border,26.54,58.48,1.63,440.3,9.27,9.6,22.33,35.8,74.7,1.4,81,Moderate,SW,1015,3.81,High,Normal,Active,64.1,0.87,72.95,Increasing
21-07-2024 19:00,NODE_03,Sensor_Node_3_Residential_Border,23.96,86.01,1.803,449.3,32.67,11.08,23.76,31.3,74.1,2.6,76,Moderate,N,1008.33,1.73,Low,Normal,Active,37.9,0.87,76.22,Decreasing
21-07-2024 20:00,NODE_03,Sensor_Node_3_Residential_Border,28.86,50.69,2.024,452.6,28.28,10.29,24.14,35.2,66,6.5,86,Moderate,S,1013.37,5.82,Low,Peak,Active,47.6,0.74,81.17,Increasing
21-07-2024 21:00,NODE_03,Sensor_Node_3_Residential_Border,34.52,74.49,1.645,463.2,23.55,7.22,13.32,27.5,77.2,1.2,98,Moderate,W,1004.42,2.34,Low,Normal,Active,78.2,0.85,106.12,Stable
21-07-2024 22:00,NODE_03,Sensor_Node_3_Residential_Border,32.08,39.09,2.263,451,31.6,9.94,13.46,29.7,86.2,3.4,93,Moderate,W,1005.54,9.25,Low,Low,Active,30.7,0.98,100.6,Stable
21-07-2024 23:00,NODE_03,Sensor_Node_3_Residential_Border,42.51,28.94,1.118,451.2,23.08,5.51,23.85,31.9,82.2,2.3,118,Unhealthy for Sensitive Groups,SW,1014.16,3.75,High,Normal,Active,36.6,0.76,116.99,Decreasing
22-07-2024 00:00,NODE_03,Sensor_Node_3_Residential_Border,46.6,90.12,1.669,452.8,35.38,7.37,25.89,33.2,82,2,128,Unhealthy for Sensitive Groups,SW,1010.45,4.77,Low,Normal,Fault,39.3,0.8,122.58,Decreasing
22-07-2024 01:00,NODE_03,Sensor_Node_3_Residential_Border,44.13,59.34,1.862,443,32.4,9.53,19.06,30.6,65.1,1.7,122,Unhealthy for Sensitive Groups,S,1016.69,6.46,High,Low,Active,80.1,0.99,124.4,Stable
22-07-2024 02:00,NODE_03,Sensor_Node_3_Residential_Border,47.19,71.38,2.417,468.2,36.81,15.39,22.2,30.5,73.7,4.7,130,Unhealthy for Sensitive Groups,W,1009.14,6.3,High,Normal,Active,63.4,0.84,119.09,Stable
22-07-2024 03:00,NODE_03,Sensor_Node_3_Residential_Border,8.81,30.48,0.288,380.7,12.99,1,26.59,34.1,78.2,0.9,37,Good,W,1019.83,9.97,Low,Low,Active,63.2,0.79,40.69,Stable
22-07-2024 04:00,NODE_03,Sensor_Node_3_Residential_Border,13.01,13.86,0.672,427.8,20.11,5.96,23.54,33,83.9,1.9,53,Moderate,N,1016.11,1.1,Low,Normal,Active,41.4,0.8,55.85,Increasing
22-07-2024 05:00,NODE_03,Sensor_Node_3_Residential_Border,19.01,10,0.215,425.1,6.76,3.42,20.77,31.8,62.4,5.5,66,Moderate,E,1014.72,4.59,Medium,Low,Active,25.3,0.92,71.89,Stable
22-07-2024 06:00,NODE_03,Sensor_Node_3_Residential_Border,66.56,119.11,4.073,476.7,56.33,26.36,23.89,31.1,74.8,3,157,Unhealthy,SW,997.32,2.26,Low,Peak,Active,66.2,0.9,142.33,Decreasing
22-07-2024 07:00,NODE_03,Sensor_Node_3_Residential_Border,56.32,117.87,3.899,472.8,61.93,26.56,24.02,34.7,57.7,1.8,151,Unhealthy,W,1015.82,9.43,Medium,High,Active,92.2,0.93,147.54,Increasing
22-07-2024 08:00,NODE_03,Sensor_Node_3_Residential_Border,63.1,113.13,3.841,480.6,43.94,24.11,15.05,39.9,59.5,5.5,155,Unhealthy,E,1008.45,9.7,Medium,Normal,Active,81.5,0.86,165.04,Stable
22-07-2024 09:00,NODE_03,Sensor_Node_3_Residential_Border,67.02,122.61,3.634,458.7,59.67,24.96,12.01,34.6,71.3,5.2,157,Unhealthy,NE,1011.16,4,High,Normal,Active,42,0.87,161.73,Increasing
22-07-2024 10:00,NODE_03,Sensor_Node_3_Residential_Border,64.95,126.02,4.64,496.5,44.67,31.6,19.29,35.3,69.4,1,156,Unhealthy,NE,1005.29,6.56,Low,High,Active,72.8,1,166.73,Decreasing
22-07-2024 11:00,NODE_03,Sensor_Node_3_Residential_Border,67.84,123.83,4.193,458.4,46.65,19.3,15.13,39.2,73.4,4.9,157,Unhealthy,S,1010.37,2.22,Low,Low,Fault,75.7,0.91,161.13,Increasing
22-07-2024 12:00,NODE_03,Sensor_Node_3_Residential_Border,69.53,115.86,4.774,474.9,49.45,24.94,9.85,37.7,67.6,1.6,158,Unhealthy,N,1014.01,8.94,Medium,Normal,Active,99.2,0.78,147.31,Stable
22-07-2024 13:00,NODE_03,Sensor_Node_3_Residential_Border,71.75,101.61,3.624,473.3,41.32,27.24,17.56,38.3,65.2,3,159,Unhealthy,N,1017.43,4.87,High,Low,Fault,99.3,0.87,150.7,Decreasing
22-07-2024 14:00,NODE_03,Sensor_Node_3_Residential_Border,71.99,111.85,4.375,467.9,55.27,21.16,17.9,38.8,60.3,3.4,160,Unhealthy,SE,998.87,5.68,Medium,High,Active,91.8,0.82,160.83,Stable
22-07-2024 15:00,NODE_03,Sensor_Node_3_Residential_Border,57.98,92.2,2.022,426.1,34.11,22.41,29.38,36.2,68.1,6.5,152,Unhealthy,NW,1009.66,2.3,Low,Normal,Active,77.4,0.86,145.32,Decreasing
22-07-2024 16:00,NODE_03,Sensor_Node_3_Residential_Border,32.15,100.32,3.139,453.7,33.58,15.87,11.67,34.7,61.4,3.6,93,Moderate,E,1004.7,8.72,Medium,Low,Active,38.7,0.86,96.93,Decreasing
22-07-2024 17:00,NODE_03,Sensor_Node_3_Residential_Border,44.66,75.1,3.046,438.5,32.95,12.91,23.29,34.8,66,2.1,124,Unhealthy for Sensitive Groups,SW,1003.19,5.9,High,Peak,Active,40.8,0.97,111.66,Increasing
22-07-2024 18:00,NODE_03,Sensor_Node_3_Residential_Border,47.05,71.09,2.855,445.5,34.87,22.23,17.18,33.7,79.7,1.9,129,Unhealthy for Sensitive Groups,E,1010.35,7.64,Low,Peak,Active,43.4,0.91,140.21,Stable
22-07-2024 19:00,NODE_03,Sensor_Node_3_Residential_Border,41.93,92.18,3.376,414.6,46.34,18.52,18.58,31.1,78.2,2.7,117,Unhealthy for Sensitive Groups,NE,1017.25,4.89,Medium,Low,Active,98,0.96,122.29,Decreasing
22-07-2024 20:00,NODE_03,Sensor_Node_3_Residential_Border,50.26,91.52,2.872,455,47.52,17.01,19.85,35,83.8,3.3,137,Unhealthy for Sensitive Groups,NE,1005.95,5.82,High,Normal,Active,75.3,0.82,135.48,Stable
22-07-2024 21:00,NODE_03,Sensor_Node_3_Residential_Border,44.43,112.12,2.759,462,37.58,17.76,27.16,31.4,65.9,1.3,123,Unhealthy for Sensitive Groups,W,1009.21,1.78,Low,Low,Active,26,0.77,127.14,Stable
22-07-2024 22:00,NODE_03,Sensor_Node_3_Residential_Border,67.12,79.82,2.868,451.5,51.52,21.12,21.24,30.9,78.5,2.7,157,Unhealthy,E,1010.88,6.01,Medium,Normal,Active,64,0.86,165.19,Stable
22-07-2024 23:00,NODE_03,Sensor_Node_3_Residential_Border,40.21,29.68,2.526,472.6,31.54,5.04,24.53,28.5,70.1,2.2,113,Unhealthy for Sensitive Groups,SE,999.47,4.4,High,High,Active,42.1,0.9,106.25,Stable
23-07-2024 00:00,NODE_03,Sensor_Node_3_Residential_Border,41.23,59.33,1.639,490.2,26.52,13.17,28.57,31,89.5,3.6,115,Unhealthy for Sensitive Groups,W,1008.64,9.12,High,Low,Active,81.7,0.99,125.32,Stable
23-07-2024 01:00,NODE_03,Sensor_Node_3_Residential_Border,34.03,82.33,2.726,433.5,50,3.92,16.48,31.2,79.5,5.7,97,Moderate,NE,1003.91,6.58,High,Normal,Active,89.6,0.9,92.67,Stable
23-07-2024 02:00,NODE_03,Sensor_Node_3_Residential_Border,32.86,80.16,2.239,472.6,28.11,14.83,23.99,31.9,77.4,3.9,95,Moderate,NE,1009.81,3.47,High,Peak,Active,58.5,0.8,89.16,Stable
23-07-2024 03:00,NODE_03,Sensor_Node_3_Residential_Border,14.21,10,1.114,435.4,25.72,2.76,25.94,31.4,69.6,1.6,55,Moderate,W,1019.08,2.34,Medium,Peak,Active,28.5,0.78,57.74,Stable
23-07-2024 04:00,NODE_03,Sensor_Node_3_Residential_Border,24.2,36.77,1.176,417,22.53,1.06,25.25,30.2,73.9,4.6,76,Moderate,SW,1013.2,7.19,Low,High,Active,98.3,0.85,75.93,Increasing
23-07-2024 05:00,NODE_03,Sensor_Node_3_Residential_Border,26.67,35.11,0.499,419.1,9.94,2.06,26.36,36.2,70.2,2.9,82,Moderate,SE,1022.12,7.86,Low,Peak,Active,51.8,0.93,89.19,Stable
23-07-2024 06:00,NODE_03,Sensor_Node_3_Residential_Border,68.58,117.65,2.992,477.2,33.38,22.44,16.81,31.7,72.4,4.6,158,Unhealthy,SW,1005.55,3.68,Low,Normal,Active,33.7,0.72,165.98,Decreasing
23-07-2024 07:00,NODE_03,Sensor_Node_3_Residential_Border,63.66,111.85,3.768,458.4,50.93,25.06,14.81,35,74.3,2.9,155,Unhealthy,W,1015.49,7.13,Low,Peak,Active,66.6,0.92,141.18,Increasing
23-07-2024 08:00,NODE_03,Sensor_Node_3_Residential_Border,52.38,101.45,4.141,496.2,43.78,21.43,16.1,34.8,78.2,5.3,143,Unhealthy for Sensitive Groups,SW,1013.81,9.9,Medium,High,Active,61.6,0.97,152.79,Increasing
23-07-2024 09:00,NODE_03,Sensor_Node_3_Residential_Border,75.31,118.82,3.63,486.2,54,19.85,20.86,37.4,57.8,2.1,161,Unhealthy,S,1008.43,5.21,Low,High,Active,87.9,0.81,149.29,Increasing
23-07-2024 10:00,NODE_03,Sensor_Node_3_Residential_Border,74.25,104.17,4.154,508.1,55.96,19.92,12.28,37,60.6,3.9,161,Unhealthy,E,1020.3,3.07,Low,Normal,Active,98.5,0.77,162.47,Decreasing
23-07-2024 11:00,NODE_03,Sensor_Node_3_Residential_Border,56.84,106.71,3.727,477.4,55.49,13.88,7.38,37.3,59.5,5.4,152,Unhealthy,NW,1013.96,3.73,Low,Peak,Active,56.4,0.71,149.68,Decreasing
23-07-2024 12:00,NODE_03,Sensor_Node_3_Residential_Border,72.84,107.51,4.739,460.2,52.56,18.93,18.44,38.8,71.3,3.2,160,Unhealthy,N,1002.97,1.49,Low,Peak,Active,27.7,0.73,175.61,Increasing
23-07-2024 13:00,NODE_03,Sensor_Node_3_Residential_Border,64.93,105,3.522,482.1,59.25,17.11,19.75,35.6,62.5,0.9,156,Unhealthy,N,1008.33,8.97,Medium,Peak,Active,23.6,0.9,166.06,Decreasing
23-07-2024 14:00,NODE_03,Sensor_Node_3_Residential_Border,69.92,102.13,4.573,480,42.13,24.22,9.4,37.5,72.1,0.6,158,Unhealthy,N,1013.19,4.05,Low,Normal,Active,62.6,0.76,165.9,Stable
23-07-2024 15:00,NODE_03,Sensor_Node_3_Residential_Border,58.47,74.99,3.163,472.7,54.77,15.46,22.63,38,64.9,1.8,153,Unhealthy,NW,1018.57,8.06,Medium,High,Active,49.6,0.87,141.67,Stable
23-07-2024 16:00,NODE_03,Sensor_Node_3_Residential_Border,54.86,88.24,3.294,467.6,36.62,17.24,17.76,34.4,66.8,4.1,149,Unhealthy for Sensitive Groups,N,1017.9,8.23,Medium,Peak,Active,56.4,0.92,149.07,Increasing
23-07-2024 17:00,NODE_03,Sensor_Node_3_Residential_Border,48.17,75.42,2.67,453.6,40.71,12.31,24.4,36,69.9,1.7,132,Unhealthy for Sensitive Groups,N,1011.59,8.48,Low,Peak,Active,47.7,0.82,142.59,Decreasing
23-07-2024 18:00,NODE_03,Sensor_Node_3_Residential_Border,43.05,88.22,2.935,438.8,32.19,20.35,16.78,35.3,71.9,4,120,Unhealthy for Sensitive Groups,NW,1005.73,3.28,Low,High,Active,44.5,0.72,108.28,Stable
23-07-2024 19:00,NODE_03,Sensor_Node_3_Residential_Border,58.81,107.76,3.122,431.3,30.97,14.67,22.11,32.4,74.8,3.5,153,Unhealthy,S,1001.52,1.29,Medium,Peak,Active,25.1,0.89,144.73,Increasing
23-07-2024 20:00,NODE_03,Sensor_Node_3_Residential_Border,34.47,74.58,3.955,464.1,21.42,17.56,27.41,32.4,75.3,1.9,98,Moderate,E,1008.42,9.18,High,Normal,Active,90.1,0.85,106.66,Decreasing
23-07-2024 21:00,NODE_03,Sensor_Node_3_Residential_Border,38.17,74.09,2.346,489.5,45.42,22.88,11.78,31.5,70.2,3.7,108,Unhealthy for Sensitive Groups,W,1009.64,4.23,Low,Peak,Active,52.3,0.93,115.73,Stable
23-07-2024 22:00,NODE_03,Sensor_Node_3_Residential_Border,54.23,95.21,2.444,460.5,42.75,14.58,17.04,28.1,64.3,1,147,Unhealthy for Sensitive Groups,NE,1016.69,8.24,Low,High,Active,73.8,0.93,141.79,Increasing
23-07-2024 23:00,NODE_03,Sensor_Node_3_Residential_Border,55.67,79.58,1.869,449.4,37.98,8.55,18.34,28.1,82.8,4.8,151,Unhealthy,W,1012.79,9.96,Medium,Normal,Active,42.2,0.96,145.19,Stable
24-07-2024 00:00,NODE_03,Sensor_Node_3_Residential_Border,46.34,64.74,2.509,455,35.37,18.83,15.35,27.2,71.7,4.6,128,Unhealthy for Sensitive Groups,N,1020.02,1.79,Medium,Peak,Active,56.5,0.82,131.49,Increasing
24-07-2024 01:00,NODE_03,Sensor_Node_3_Residential_Border,43.38,74.19,2.02,442.5,24.4,12.53,17.33,32.6,85.7,3,120,Unhealthy for Sensitive Groups,W,1019.28,8.2,Low,Low,Maintenance,41.2,0.95,118.14,Increasing
24-07-2024 02:00,NODE_03,Sensor_Node_3_Residential_Border,48.71,69.78,2.385,416.3,32.06,7.8,18.79,30.8,71.8,2.1,134,Unhealthy for Sensitive Groups,SE,1014.6,4.98,Low,High,Active,29.6,0.92,146.43,Decreasing
24-07-2024 03:00,NODE_03,Sensor_Node_3_Residential_Border,20.33,30.14,0.337,407.5,14.77,8.25,17.45,34.2,73.3,4.9,68,Moderate,NW,1016.65,2.02,Low,Low,Active,99.3,0.94,74.12,Stable
24-07-2024 04:00,NODE_03,Sensor_Node_3_Residential_Border,18.16,21.02,0.818,455.8,23.14,1,22.18,36.4,72.4,3.7,64,Moderate,NW,1019.22,7.7,Low,Normal,Active,81.3,0.72,68.16,Stable
24-07-2024 05:00,NODE_03,Sensor_Node_3_Residential_Border,19.88,10,1.127,460,12.81,1.24,19.89,32.7,77.6,2.9,67,Moderate,N,1009.05,8.82,Medium,High,Active,59.4,0.87,67.54,Increasing
24-07-2024 06:00,NODE_03,Sensor_Node_3_Residential_Border,70.5,92.38,2.998,460.1,53.52,21.25,16.27,33.6,71.8,4.9,159,Unhealthy,NW,1030.12,1.32,Low,Low,Active,93.4,0.94,159.07,Increasing
24-07-2024 07:00,NODE_03,Sensor_Node_3_Residential_Border,63.65,95.11,3.094,493.5,44.64,20.64,21.95,34.6,75.7,3.8,155,Unhealthy,S,1015.61,8.97,High,High,Active,45.5,0.9,154.71,Increasing
24-07-2024 08:00,NODE_03,Sensor_Node_3_Residential_Border,67.82,113.62,3.758,482.8,52.05,8.81,13.76,36.5,63.2,5.1,157,Unhealthy,E,1013.37,4.65,Medium,Peak,Maintenance,71.1,0.92,156.45,Decreasing
24-07-2024 09:00,NODE_03,Sensor_Node_3_Residential_Border,61.97,108.57,4.637,479.8,52.7,16.94,12.58,38.1,71.7,3.5,154,Unhealthy,SE,1015.16,3.95,Low,High,Active,84.9,0.88,160.57,Stable
24-07-2024 10:00,NODE_03,Sensor_Node_3_Residential_Border,59.11,119.02,5.207,461.5,51.57,19.36,16.88,39.6,65.6,2.1,153,Unhealthy,N,1011.09,1.2,Low,Normal,Active,40.5,0.98,151.7,Increasing
24-07-2024 11:00,NODE_03,Sensor_Node_3_Residential_Border,63.65,115.16,3.476,464.7,44.19,15.88,5,37.2,67.6,2,155,Unhealthy,S,1010.45,3.15,Low,Normal,Active,27.3,0.83,150.16,Increasing
24-07-2024 12:00,NODE_03,Sensor_Node_3_Residential_Border,67.22,121.83,4.02,473.6,35.26,21.12,15.59,38.8,74.3,0.7,157,Unhealthy,N,1008.85,5.92,Medium,Low,Active,42.3,0.77,151.3,Decreasing
24-07-2024 13:00,NODE_03,Sensor_Node_3_Residential_Border,63.93,109.17,3.905,469.4,53.43,23.72,15.12,38.6,64.9,2.4,155,Unhealthy,N,1013.63,1.2,Low,Low,Active,54.9,0.83,151.76,Increasing
24-07-2024 14:00,NODE_03,Sensor_Node_3_Residential_Border,47.32,137.28,4.483,487.6,48.89,25.51,20.49,35.3,62.1,1.5,500,Hazardous,SE,1006.68,5.87,High,Low,Active,98.5,0.94,532.22,Increasing
24-07-2024 15:00,NODE_03,Sensor_Node_3_Residential_Border,57.1,102.73,2.658,502.9,51.48,16.43,24.65,37.1,65.3,3.1,152,Unhealthy,S,1006.62,4.53,Medium,Peak,Active,88.2,0.8,164.06,Decreasing
24-07-2024 16:00,NODE_03,Sensor_Node_3_Residential_Border,45.64,97.64,3.911,458.2,41.79,16.08,20.16,34.5,64.2,6.4,126,Unhealthy for Sensitive Groups,E,1010.82,2.56,High,High,Active,31.6,0.74,137.06,Decreasing
24-07-2024 17:00,NODE_03,Sensor_Node_3_Residential_Border,50.06,93.55,3.628,455.6,46.11,15.52,21.34,36.8,69.8,1.2,137,Unhealthy for Sensitive Groups,S,1012.55,3.81,Medium,Normal,Active,32.8,0.89,141.06,Decreasing
24-07-2024 18:00,NODE_03,Sensor_Node_3_Residential_Border,240.51,217.45,7.56,468.5,28.87,38.46,25.42,35.3,86.4,3.2,290,Very Unhealthy,E,1006.68,7.11,Medium,Normal,Active,86.6,0.8,282.55,Stable
24-07-2024 19:00,NODE_03,Sensor_Node_3_Residential_Border,53.4,89.38,2.752,463.9,34.98,15.22,17.35,34.8,79.2,1.3,145,Unhealthy for Sensitive Groups,W,1000.79,2.17,Medium,Normal,Fault,61.4,0.82,140.15,Decreasing
24-07-2024 20:00,NODE_03,Sensor_Node_3_Residential_Border,56.92,92.67,3.955,466.1,33.91,17.98,13.7,31.2,83.3,6,152,Unhealthy,E,1011.54,1.39,Low,Normal,Maintenance,55.7,0.97,139.39,Decreasing
24-07-2024 21:00,NODE_03,Sensor_Node_3_Residential_Border,55.28,90.18,2.017,471.6,45.04,18.02,14.96,33.8,73.4,3.2,150,Unhealthy for Sensitive Groups,NW,1007.32,5.41,High,Peak,Active,97.9,0.76,159.6,Decreasing
24-07-2024 22:00,NODE_03,Sensor_Node_3_Residential_Border,58.48,98.19,3.359,479.6,42.39,22.67,20.92,30.4,74.6,5.4,153,Unhealthy,E,1014.88,4.7,Low,Normal,Active,28.8,0.88,164.38,Increasing
24-07-2024 23:00,NODE_03,Sensor_Node_3_Residential_Border,50.74,77.65,2.143,439.6,23.11,19.76,23.22,32.3,90.5,2.7,139,Unhealthy for Sensitive Groups,E,1012.19,3.5,Medium,High,Maintenance,85.6,0.72,143.25,Stable
25-07-2024 00:00,NODE_03,Sensor_Node_3_Residential_Border,62.87,79.24,1.727,452.1,31.06,14.72,22.35,31,73.8,3.9,155,Unhealthy,S,1007.76,6.89,High,Normal,Active,45.7,0.78,155.83,Decreasing
25-07-2024 01:00,NODE_03,Sensor_Node_3_Residential_Border,42.23,66.19,2.103,461.2,33.85,14.7,18.64,31,77.6,1.4,118,Unhealthy for Sensitive Groups,W,1009.22,2.13,Low,High,Active,48.7,0.95,128.29,Increasing
25-07-2024 02:00,NODE_03,Sensor_Node_3_Residential_Border,36.36,82.56,2.717,393.4,15.29,19.25,14.56,28.6,76.3,2.7,103,Unhealthy for Sensitive Groups,NW,1004.96,1.51,Low,Low,Maintenance,96,0.87,108.2,Increasing
25-07-2024 03:00,NODE_03,Sensor_Node_3_Residential_Border,18.62,30.68,1.861,403.7,24.14,4.29,33.92,32.1,73,4.2,65,Moderate,SE,1015.27,8.96,High,Peak,Active,96,0.76,63.25,Decreasing
25-07-2024 04:00,NODE_03,Sensor_Node_3_Residential_Border,5,30.04,1.478,422.3,3.39,13.59,15.97,31.5,74.6,2.9,28,Good,NW,1004.19,1.98,High,Normal,Active,69.3,0.74,28.72,Stable
25-07-2024 05:00,NODE_03,Sensor_Node_3_Residential_Border,33.25,19.57,0.638,456.7,5.79,1,19.12,33.2,73.4,1.1,95,Moderate,E,1014.22,2.09,High,Peak,Active,81.5,0.85,91.31,Decreasing
25-07-2024 06:00,NODE_03,Sensor_Node_3_Residential_Border,77.37,86.43,4.445,443.8,57.92,24.84,19.15,33.9,69.4,2.5,500,Hazardous,NE,1011.49,1.42,Medium,Low,Active,90.3,0.73,455.98,Increasing
25-07-2024 07:00,NODE_03,Sensor_Node_3_Residential_Border,67.52,106.83,3.819,464.3,49.26,28.22,12.14,36.9,76,2.4,157,Unhealthy,E,1007.66,9.61,Low,Peak,Active,38.8,0.91,170.39,Increasing
25-07-2024 08:00,NODE_03,Sensor_Node_3_Residential_Border,65.6,113.16,3.573,487.2,51.82,21.89,22.48,34.9,65.5,2.9,156,Unhealthy,W,1007.52,5.87,Medium,Normal,Maintenance,21.2,0.85,168.06,Stable
25-07-2024 09:00,NODE_03,Sensor_Node_3_Residential_Border,62.89,122.75,3.207,450.1,50.69,22.97,14.76,36.2,75.9,4.1,155,Unhealthy,NE,1013.51,3.91,Low,High,Active,28.3,0.96,170.33,Decreasing
25-07-2024 10:00,NODE_03,Sensor_Node_3_Residential_Border,61.49,121.25,3.546,461.3,45.96,24.51,24.15,37.6,60.5,1,154,Unhealthy,W,999.25,3.33,High,Peak,Active,77.2,0.93,160.8,Decreasing
25-07-2024 11:00,NODE_03,Sensor_Node_3_Residential_Border,71.02,134.66,4.276,444.1,46.13,18.34,16.3,38.7,72.9,4.2,159,Unhealthy,N,1022.03,6.87,Medium,Low,Active,39.6,0.79,152.46,Increasing
25-07-2024 12:00,NODE_03,Sensor_Node_3_Residential_Border,80.79,134.09,3.503,481.6,54.25,29.18,31.69,37.4,67.4,2.8,164,Unhealthy,E,1007.7,5.83,Low,Peak,Active,42.5,0.83,169.86,Stable
25-07-2024 13:00,NODE_03,Sensor_Node_3_Residential_Border,67.19,124.46,3.888,442.9,50.69,22.7,17.7,39.5,64.2,0.3,157,Unhealthy,NE,1008.79,4.09,Medium,Normal,Active,50.4,0.98,151.65,Increasing
25-07-2024 14:00,NODE_03,Sensor_Node_3_Residential_Border,58.26,135.18,3.657,474.1,51.53,15.89,23.81,38.1,71.1,5.9,152,Unhealthy,E,1014.15,2.03,High,Low,Active,29.9,0.97,163.64,Stable
25-07-2024 15:00,NODE_03,Sensor_Node_3_Residential_Border,63.75,95.2,3.526,453.7,52.18,13.22,25.9,39.2,70.4,4.3,155,Unhealthy,S,1010.56,2.48,Medium,Normal,Active,74.7,1,152.73,Stable
25-07-2024 16:00,NODE_03,Sensor_Node_3_Residential_Border,61.28,81.22,3.408,455.9,44.15,20.15,14.97,34.1,66.2,4.4,154,Unhealthy,W,1023.95,5.42,Low,Peak,Maintenance,78.3,0.92,167.03,Stable
25-07-2024 17:00,NODE_03,Sensor_Node_3_Residential_Border,63.72,117.53,3.197,469.1,47.04,9.61,15.76,35.1,77.7,4.3,155,Unhealthy,SE,1013.19,6.82,Low,Peak,Active,30.3,0.95,143.55,Decreasing
25-07-2024 18:00,NODE_03,Sensor_Node_3_Residential_Border,42.08,103.37,2.867,470.1,38.48,16.69,16.53,33.6,80,2.3,117,Unhealthy for Sensitive Groups,N,1003.22,9.36,Low,High,Active,58.1,0.85,127.85,Stable
25-07-2024 19:00,NODE_03,Sensor_Node_3_Residential_Border,45.44,85.39,3.067,463.3,40.28,15.2,28.76,34,69.6,4.8,125,Unhealthy for Sensitive Groups,SE,1008.97,4.86,High,High,Active,33.4,0.81,122.89,Stable
25-07-2024 20:00,NODE_03,Sensor_Node_3_Residential_Border,49.29,89.64,2.911,480.7,44.04,15.1,29.66,30.7,75.5,1.2,135,Unhealthy for Sensitive Groups,SE,1017.19,1.46,High,High,Active,70.5,0.78,143.99,Stable
25-07-2024 21:00,NODE_03,Sensor_Node_3_Residential_Border,63.32,91.1,2.964,468.1,42.25,14.42,22.5,30.1,68.6,1.2,155,Unhealthy,S,1004.16,2.63,Medium,Normal,Active,74.1,0.79,150.68,Decreasing
25-07-2024 22:00,NODE_03,Sensor_Node_3_Residential_Border,54.15,98.53,3.236,517.1,51.61,20.12,21.66,32,78.2,5.3,147,Unhealthy for Sensitive Groups,NW,1008.08,4.29,Medium,Peak,Fault,49,0.87,159.07,Increasing
25-07-2024 23:00,NODE_03,Sensor_Node_3_Residential_Border,40.19,69.98,2.151,486.9,24.36,17.5,25.73,31.4,79.2,4.2,113,Unhealthy for Sensitive Groups,SW,1022.21,3.14,High,Normal,Active,81.6,0.74,114.3,Increasing
26-07-2024 00:00,NODE_03,Sensor_Node_3_Residential_Border,44.68,104.06,2.725,456.1,31.72,12.16,23.09,31.2,74.6,4.3,124,Unhealthy for Sensitive Groups,NE,1013.32,3.66,Medium,Normal,Active,53.2,0.86,117.58,Stable
26-07-2024 01:00,NODE_03,Sensor_Node_3_Residential_Border,37.38,86.81,1.046,445,44.13,16.7,23.7,28.6,84.2,5.2,106,Unhealthy for Sensitive Groups,N,1002.29,5.57,Low,High,Active,25.2,0.91,112.54,Stable
26-07-2024 02:00,NODE_03,Sensor_Node_3_Residential_Border,59.09,52.66,3.121,445.5,40.24,11.32,16.8,31.9,68.3,1.7,153,Unhealthy,SE,1008.49,8.23,High,Normal,Active,64.8,0.7,167.07,Increasing
26-07-2024 03:00,NODE_03,Sensor_Node_3_Residential_Border,11.79,39.65,1.31,429.6,8.37,5.39,19.39,29.5,72.8,6,49,Good,E,1014.08,1.01,High,Normal,Active,97.4,0.91,52.36,Increasing
26-07-2024 04:00,NODE_03,Sensor_Node_3_Residential_Border,5.97,32.28,1.322,431,5.73,4.08,30.24,34,68.5,0.3,30,Good,SW,1022.76,6.79,Low,High,Active,88.2,0.8,30.87,Decreasing
26-07-2024 05:00,NODE_03,Sensor_Node_3_Residential_Border,21.07,18.77,1.616,453.1,2,2.14,27.72,29.8,83.1,1.8,70,Moderate,NE,1006.8,5.49,Medium,Peak,Active,56.3,0.9,72.57,Stable
26-07-2024 06:00,NODE_03,Sensor_Node_3_Residential_Border,74.89,129.67,4.185,478.8,57.09,17.56,17.35,32.9,79.2,2.7,161,Unhealthy,N,1012.12,2.02,Medium,Low,Active,37,0.91,169.32,Increasing
26-07-2024 07:00,NODE_03,Sensor_Node_3_Residential_Border,66.28,113.76,3.569,460,45.14,18.27,17.86,36.2,72,3.1,157,Unhealthy,SE,1010.52,3.14,Low,Low,Active,32.8,0.84,146.62,Increasing
26-07-2024 08:00,NODE_03,Sensor_Node_3_Residential_Border,53.63,134.96,4.556,480.2,41.77,15.7,12.32,39.2,71.2,0.7,146,Unhealthy for Sensitive Groups,SW,1006.1,7.32,High,Low,Active,26,0.89,149.57,Increasing
26-07-2024 09:00,NODE_03,Sensor_Node_3_Residential_Border,66.17,113.16,3.888,458.6,41.92,22.03,12.16,38.5,70.7,0.9,157,Unhealthy,W,1004.52,9.05,Low,Peak,Active,64.6,0.87,157.37,Decreasing
26-07-2024 10:00,NODE_03,Sensor_Node_3_Residential_Border,71.45,124.1,3.612,475.4,44.39,22.26,11.91,36.7,72,1.3,159,Unhealthy,SE,1003.59,9.12,High,High,Active,94.3,0.92,147.17,Stable
26-07-2024 11:00,NODE_03,Sensor_Node_3_Residential_Border,75.45,94.52,3.763,481.2,43.1,20.01,18.73,37.1,58.2,1.5,161,Unhealthy,NE,997.96,4.21,High,Peak,Fault,20.6,0.9,156.37,Decreasing
26-07-2024 12:00,NODE_03,Sensor_Node_3_Residential_Border,63.32,111.04,4.619,511.4,52.75,21.98,10.45,35.9,73,3.4,155,Unhealthy,NW,1007.26,6.38,High,High,Active,89,0.73,163.93,Stable
26-07-2024 13:00,NODE_03,Sensor_Node_3_Residential_Border,54.23,99.69,2.882,477.6,59.4,17.64,20.8,39.7,68.5,5,147,Unhealthy for Sensitive Groups,E,1010.87,4.63,High,Peak,Active,40.3,0.7,138.55,Increasing
26-07-2024 14:00,NODE_03,Sensor_Node_3_Residential_Border,61.82,113.37,3.658,474.1,51.63,21.5,14.79,38.4,62.4,3.8,154,Unhealthy,SE,1011.86,4.88,Medium,High,Active,68.1,0.82,168.58,Increasing
26-07-2024 15:00,NODE_03,Sensor_Node_3_Residential_Border,46.31,81.51,2.695,445.6,27.4,21.06,20.2,35.5,72,2.8,128,Unhealthy for Sensitive Groups,S,1004.58,2.58,High,Peak,Active,52.3,0.73,121.44,Stable
26-07-2024 16:00,NODE_03,Sensor_Node_3_Residential_Border,56.42,97.23,3.065,458.7,42.88,18.11,16.2,35.2,78.6,3.6,151,Unhealthy,S,1014.67,5.93,Medium,Normal,Active,46.4,0.96,140.14,Stable
26-07-2024 17:00,NODE_03,Sensor_Node_3_Residential_Border,49.79,90.6,3.035,457.2,49.11,13.39,23.89,35.5,76,3.2,136,Unhealthy for Sensitive Groups,NW,1020.68,3.33,Medium,Low,Active,62.8,0.93,142.76,Increasing
26-07-2024 18:00,NODE_03,Sensor_Node_3_Residential_Border,51.91,90.33,2.617,455.9,34.3,25.94,9.41,30.5,68.6,3,141,Unhealthy for Sensitive Groups,SW,1008.23,7.48,Medium,Peak,Active,47.6,0.77,135.48,Stable
26-07-2024 19:00,NODE_03,Sensor_Node_3_Residential_Border,55.73,86.55,3.075,472.1,32.13,21.22,9.09,32.6,73,2.9,151,Unhealthy,NE,1012.4,9.74,High,Low,Active,23,0.85,148.22,Stable
26-07-2024 20:00,NODE_03,Sensor_Node_3_Residential_Border,49.3,94.6,3.216,464.9,36.77,17.89,24.46,33.2,76.8,2.8,135,Unhealthy for Sensitive Groups,NW,1016.12,3.53,High,Normal,Active,28,0.84,124.51,Stable
26-07-2024 21:00,NODE_03,Sensor_Node_3_Residential_Border,45.07,100.15,2.671,435.2,35.74,16.73,18.82,30.1,81.7,1.3,125,Unhealthy for Sensitive Groups,NW,1023.12,5.75,Medium,Peak,Active,60.1,0.89,121.63,Decreasing
26-07-2024 22:00,NODE_03,Sensor_Node_3_Residential_Border,45.4,118.49,2.99,468,41.53,22.26,14.16,31.3,75.3,3.8,125,Unhealthy for Sensitive Groups,N,1021.49,7.46,Medium,High,Active,21.6,0.8,134.62,Decreasing
26-07-2024 23:00,NODE_03,Sensor_Node_3_Residential_Border,41.11,66.83,1.526,445.1,31.17,13.48,14.44,28.4,88.9,1.9,115,Unhealthy for Sensitive Groups,NE,1012.57,7.5,High,Low,Active,40.3,0.99,109.31,Decreasing
27-07-2024 00:00,NODE_03,Sensor_Node_3_Residential_Border,42.45,55.69,1.481,451.6,33.62,5.89,24.97,31,78.4,2.9,118,Unhealthy for Sensitive Groups,SW,1008,6.88,High,Low,Active,25.5,0.8,128.52,Increasing
27-07-2024 01:00,NODE_03,Sensor_Node_3_Residential_Border,21.37,54.53,0.678,504.7,23.82,10.36,31.08,29.2,73.6,3.6,500,Hazardous,W,1016,3.38,High,Low,Active,72.5,0.85,516.98,Stable
27-07-2024 02:00,NODE_03,Sensor_Node_3_Residential_Border,25,83.07,1.231,400.3,7.88,10.78,24.04,31.1,71,2.7,78,Moderate,NE,1015.19,6,Medium,Peak,Active,28.9,0.97,82.9,Stable
27-07-2024 03:00,NODE_03,Sensor_Node_3_Residential_Border,5,23.41,1.266,445.5,9.46,14.25,25.26,27.8,68.3,1.7,22,Good,N,1005.7,7.43,High,Normal,Active,76.1,0.99,22.28,Decreasing
27-07-2024 04:00,NODE_03,Sensor_Node_3_Residential_Border,11.61,10,1.283,432.7,17.62,4.62,12.88,34.3,74.7,2.4,48,Good,NW,1008.83,5.5,Low,High,Active,20.4,0.85,43.68,Increasing
27-07-2024 05:00,NODE_03,Sensor_Node_3_Residential_Border,10.69,26.49,0.743,427.7,2,3.69,24.42,34,78.4,1.1,45,Good,N,1000.13,9.17,High,Peak,Active,43.7,0.77,42.39,Increasing
27-07-2024 06:00,NODE_03,Sensor_Node_3_Residential_Border,52.63,84.34,2.172,440.9,45.46,17.32,20.72,32.3,76.9,2.7,143,Unhealthy for Sensitive Groups,N,1011.44,7.75,Low,High,Active,72.3,0.74,151.25,Stable
27-07-2024 07:00,NODE_03,Sensor_Node_3_Residential_Border,35.16,55.48,2.59,478.5,37.03,14.25,5.89,37.2,74.2,4.7,99,Moderate,E,1008.68,9.38,Medium,High,Fault,25,0.75,94.49,Increasing
27-07-2024 08:00,NODE_03,Sensor_Node_3_Residential_Border,32.44,69.03,3.001,508.2,29.56,6.94,19.66,38.1,58.4,3.7,94,Moderate,SE,1012.95,6.09,Medium,Peak,Active,71.5,0.99,98.18,Stable
27-07-2024 09:00,NODE_03,Sensor_Node_3_Residential_Border,41.77,52.06,2.37,460,25.65,14.87,17.67,39.5,53.2,1.5,116,Unhealthy for Sensitive Groups,NE,1014.23,1.67,Low,Peak,Active,46.5,0.71,127.08,Increasing
27-07-2024 10:00,NODE_03,Sensor_Node_3_Residential_Border,33.5,70.31,2.638,458.4,30.91,14,18.1,39.2,65.6,4,96,Moderate,NW,1014.72,8.98,Medium,Peak,Maintenance,45,0.95,98.63,Increasing
27-07-2024 11:00,NODE_03,Sensor_Node_3_Residential_Border,43.7,80.9,2.689,468.3,32.94,6.26,13.87,38.7,66.3,1.3,121,Unhealthy for Sensitive Groups,W,1018.82,8.78,High,Normal,Active,33.9,0.97,111.27,Stable
27-07-2024 12:00,NODE_03,Sensor_Node_3_Residential_Border,41.58,94.06,2.694,447.8,21.71,17.84,11.5,38.4,70.8,2.8,116,Unhealthy for Sensitive Groups,S,1014.48,2.86,Medium,Normal,Active,63.9,0.73,107.44,Increasing
27-07-2024 13:00,NODE_03,Sensor_Node_3_Residential_Border,45.06,78.38,2.286,464,38.38,17.74,8.23,36.7,67.5,1.7,125,Unhealthy for Sensitive Groups,N,1012.45,3.05,High,Peak,Active,22.1,0.92,137.34,Increasing
27-07-2024 14:00,NODE_03,Sensor_Node_3_Residential_Border,38.47,81.67,2.858,476.1,31.65,10.04,14.13,39,72.3,2.5,108,Unhealthy for Sensitive Groups,N,1020.84,5.98,High,Low,Active,92,0.74,109.55,Stable
27-07-2024 15:00,NODE_03,Sensor_Node_3_Residential_Border,27.44,61.39,1.472,488.7,32.16,11.98,16.28,40.1,70.9,3,83,Moderate,N,1011.69,1.47,Medium,Low,Active,50.9,0.87,76.68,Stable
27-07-2024 16:00,NODE_03,Sensor_Node_3_Residential_Border,35.76,70.99,2.092,463,28.88,14.73,14.55,36,66,0.7,102,Unhealthy for Sensitive Groups,W,1010,2.07,Low,High,Active,97.5,0.79,95.31,Increasing
27-07-2024 17:00,NODE_03,Sensor_Node_3_Residential_Border,39.51,79.5,2.588,479.6,35.38,13.59,21.77,34.8,78.5,0.9,111,Unhealthy for Sensitive Groups,SE,1010.65,4.1,Medium,Low,Active,28.1,0.9,113.35,Stable
27-07-2024 18:00,NODE_03,Sensor_Node_3_Residential_Border,37.83,54.32,2.463,472.2,32.34,5.61,9.73,34.3,73.3,1.6,500,Hazardous,S,1008.89,5.75,Low,Normal,Active,83.3,0.95,507.89,Increasing
27-07-2024 19:00,NODE_03,Sensor_Node_3_Residential_Border,45.01,49.1,1.468,449.6,18.09,11.62,18.61,32,67.7,0.3,124,Unhealthy for Sensitive Groups,W,1005.72,9.53,Medium,Low,Maintenance,85.1,0.74,116.68,Decreasing
27-07-2024 20:00,NODE_03,Sensor_Node_3_Residential_Border,25.42,26.09,1.651,449.9,12.08,16.84,23,31.7,62.7,1.9,79,Moderate,SW,1017.91,6.39,Low,High,Active,22.3,0.98,71.94,Increasing
27-07-2024 21:00,NODE_03,Sensor_Node_3_Residential_Border,43.34,41.8,1.733,441.1,21.65,3.31,25.54,32.6,71.6,3.7,120,Unhealthy for Sensitive Groups,SW,1011.4,1.8,Medium,Peak,Active,51.8,0.79,118.38,Increasing
27-07-2024 22:00,NODE_03,Sensor_Node_3_Residential_Border,41.21,52.71,2.011,436.6,29.89,14.47,19.51,29.7,65.2,1.1,115,Unhealthy for Sensitive Groups,NW,1022.45,6.36,High,Low,Active,27.7,0.93,106.14,Increasing
27-07-2024 23:00,NODE_03,Sensor_Node_3_Residential_Border,32.64,35.78,1.636,425.4,22.63,7.41,17.24,28.9,79.9,2.8,94,Moderate,NW,1018.79,6.41,Medium,Peak,Fault,70.4,0.75,101.07,Increasing
28-07-2024 00:00,NODE_03,Sensor_Node_3_Residential_Border,30.9,42.98,2.104,449.8,15.03,7.46,21.52,28.8,81.6,3.6,91,Moderate,NE,1021.38,9.09,Low,Low,Active,53.3,0.98,87.14,Decreasing
28-07-2024 01:00,NODE_03,Sensor_Node_3_Residential_Border,40.29,33.59,1.154,440.6,15.48,10.99,21.04,29.8,79.9,0.9,113,Unhealthy for Sensitive Groups,SE,1005.64,3.31,Medium,Peak,Active,92.3,0.91,115.86,Increasing
28-07-2024 02:00,NODE_03,Sensor_Node_3_Residential_Border,29.06,44.17,1.998,449.2,34.44,4.77,13.3,30.8,82.7,2.9,87,Moderate,E,1022,5.77,Medium,High,Active,29.1,0.98,83.32,Increasing
28-07-2024 03:00,NODE_03,Sensor_Node_3_Residential_Border,8.01,15,0.53,414.5,4.57,7.34,31.36,30.9,69.7,2.1,33,Good,SW,1003.13,3.66,High,Low,Active,90.5,0.99,31.29,Decreasing
28-07-2024 04:00,NODE_03,Sensor_Node_3_Residential_Border,17.9,20.92,0.527,444.5,11.06,1,21.4,31.9,85.6,2.7,63,Moderate,SW,1000.57,2.6,High,Normal,Active,64.1,0.8,58.41,Decreasing
28-07-2024 05:00,NODE_03,Sensor_Node_3_Residential_Border,23.9,20.55,0.939,416.6,11.81,1,22.04,31.3,65.3,4.5,76,Moderate,S,1014.13,7.49,High,Normal,Active,31.7,0.72,73.31,Decreasing
28-07-2024 06:00,NODE_03,Sensor_Node_3_Residential_Border,46.75,77.89,2.354,476.6,29.44,10.83,18.65,33.1,65.6,3.3,129,Unhealthy for Sensitive Groups,S,1007.53,7.62,High,Peak,Active,21.2,0.94,133.96,Decreasing
28-07-2024 07:00,NODE_03,Sensor_Node_3_Residential_Border,46.35,79.79,1.853,447.1,41.89,16.53,18.43,35.4,74.7,1.7,128,Unhealthy for Sensitive Groups,NW,1012.78,8.45,Medium,Peak,Active,38.7,0.88,138.66,Decreasing
28-07-2024 08:00,NODE_03,Sensor_Node_3_Residential_Border,41.38,67.96,2.783,472,41.62,15.15,16.18,37.2,74,3.7,115,Unhealthy for Sensitive Groups,W,1017.57,3.09,Low,Normal,Active,42.2,0.89,119.96,Decreasing
28-07-2024 09:00,NODE_03,Sensor_Node_3_Residential_Border,52.68,87.05,3.544,470.5,48.64,16.9,10.88,35.4,66,4.8,143,Unhealthy for Sensitive Groups,E,1011.34,5.68,Low,Peak,Maintenance,46.9,0.79,131.32,Increasing
28-07-2024 10:00,NODE_03,Sensor_Node_3_Residential_Border,56.97,78.63,1.993,476.9,29.94,12.64,15.07,36.9,59,6.6,152,Unhealthy,NE,1014.15,5.06,High,High,Active,96.2,0.97,159.63,Stable
28-07-2024 11:00,NODE_03,Sensor_Node_3_Residential_Border,43.66,98.47,2.896,447.6,15.04,15.36,18.89,38.7,66.9,3.6,121,Unhealthy for Sensitive Groups,S,1012.37,8.69,Low,Peak,Active,45.3,0.84,111.31,Stable
28-07-2024 12:00,NODE_03,Sensor_Node_3_Residential_Border,41.9,66.83,2.743,459.9,24.83,12.09,17.21,40,55.2,3.7,117,Unhealthy for Sensitive Groups,N,1017.6,6.51,Medium,Low,Active,98.4,0.81,122.94,Decreasing
28-07-2024 13:00,NODE_03,Sensor_Node_3_Residential_Border,46.29,82.99,3.203,486,29.98,17.87,16.81,39,58.7,5.8,128,Unhealthy for Sensitive Groups,NE,1004.07,4.1,Medium,Peak,Active,47.6,0.86,127.88,Increasing
28-07-2024 14:00,NODE_03,Sensor_Node_3_Residential_Border,41.88,81.56,3.167,464.1,38.95,9.93,19.8,35,68,2.7,117,Unhealthy for Sensitive Groups,SW,1010.87,9.5,Medium,High,Active,84.6,0.71,116.56,Increasing
28-07-2024 15:00,NODE_03,Sensor_Node_3_Residential_Border,35.64,31.34,2.259,440,26.63,8.59,17.37,33.6,57.4,2.2,101,Unhealthy for Sensitive Groups,SW,1015.27,5.82,Medium,High,Maintenance,99.1,0.88,110.82,Decreasing
28-07-2024 16:00,NODE_03,Sensor_Node_3_Residential_Border,25.16,51.55,2.242,453.2,29.25,7.73,21.14,35.6,71.3,1.6,78,Moderate,SE,1019.17,8.5,Medium,Low,Fault,99.6,0.99,83.19,Stable
28-07-2024 17:00,NODE_03,Sensor_Node_3_Residential_Border,36.65,57.16,2.338,489.3,20.69,15.1,17.08,34.9,72.2,1.7,104,Unhealthy for Sensitive Groups,W,1012.69,2.29,Low,Peak,Active,71.9,0.8,111.31,Stable
28-07-2024 18:00,NODE_03,Sensor_Node_3_Residential_Border,30.7,54.26,2.932,459.7,29.68,18.51,27.34,33.7,67.3,2.4,500,Hazardous,E,1011.91,4.09,Medium,Normal,Active,59.1,0.95,488.52,Increasing
28-07-2024 19:00,NODE_03,Sensor_Node_3_Residential_Border,25.73,43.86,1.965,445.3,23.85,10.83,16.8,31.4,75.7,7.8,80,Moderate,NW,1012.49,7.61,Low,Normal,Active,86.1,0.9,74.31,Stable
28-07-2024 20:00,NODE_03,Sensor_Node_3_Residential_Border,44.17,76.17,2.425,453.3,21.79,14.05,20.04,33.1,86.1,2,122,Unhealthy for Sensitive Groups,N,1013.88,6.07,High,Normal,Fault,90.2,0.92,121.07,Decreasing
28-07-2024 21:00,NODE_03,Sensor_Node_3_Residential_Border,34.14,61.25,1.711,471.6,31.11,16.39,24.88,27.4,71.5,1.3,97,Moderate,N,1008.89,9.75,Low,Normal,Active,52.3,0.82,91.51,Stable
28-07-2024 22:00,NODE_03,Sensor_Node_3_Residential_Border,33.86,48.45,1.79,488.3,34.82,11.35,14.01,31.1,64.4,1.7,97,Moderate,N,1006.3,1.64,Low,High,Active,58.3,0.93,102.92,Stable
28-07-2024 23:00,NODE_03,Sensor_Node_3_Residential_Border,31.16,63.46,1.21,431.3,21.03,3.23,16.58,30.7,75.2,2.4,91,Moderate,SE,1008.99,1.09,Medium,High,Active,26.2,0.95,84.02,Decreasing
29-07-2024 00:00,NODE_03,Sensor_Node_3_Residential_Border,40.52,82.67,2.71,435.2,43.14,5.54,20.68,31.4,85.4,1.3,113,Unhealthy for Sensitive Groups,NW,1014.15,9.6,Medium,Normal,Active,38.6,0.79,116.01,Stable
29-07-2024 01:00,NODE_03,Sensor_Node_3_Residential_Border,32.46,70.55,2.705,444.4,21.93,6.11,17.54,29.3,73.3,3.2,94,Moderate,W,1007.85,3.9,Medium,High,Active,47.2,0.93,91.08,Decreasing
29-07-2024 02:00,NODE_03,Sensor_Node_3_Residential_Border,37.32,65.31,2.224,458.1,22.7,9.14,20.67,26.4,72.4,2.1,105,Unhealthy for Sensitive Groups,N,1016.25,1.8,Low,Normal,Active,42.5,0.78,102.84,Decreasing
29-07-2024 03:00,NODE_03,Sensor_Node_3_Residential_Border,23.68,26.95,0.299,414.8,8.19,8.02,29.67,30.4,67.2,1.4,75,Moderate,S,1019.27,2.07,Low,Low,Active,36.6,0.86,79.21,Increasing
29-07-2024 04:00,NODE_03,Sensor_Node_3_Residential_Border,5,44.3,0.816,424.6,4.51,9.04,28.01,31.3,69.4,3.1,41,Good,N,1008.5,8.71,Medium,High,Active,30.3,0.76,44.07,Increasing
29-07-2024 05:00,NODE_03,Sensor_Node_3_Residential_Border,17.89,24.12,1.048,427.7,18.5,9.03,30.19,33.1,73.1,1.8,63,Moderate,NW,1011.39,4.97,Medium,Low,Active,25.4,0.86,64.04,Increasing
29-07-2024 06:00,NODE_03,Sensor_Node_3_Residential_Border,68.79,114.21,4.448,464.8,40.32,22.19,20.63,34.8,74.8,1.9,500,Hazardous,W,1009.58,3.68,Low,Low,Active,62.1,0.84,509.92,Increasing
29-07-2024 07:00,NODE_03,Sensor_Node_3_Residential_Border,74.08,125.79,3.98,466.7,41.82,18.4,6.77,34.2,66.8,4.2,161,Unhealthy,W,1011.53,4.16,High,Normal,Maintenance,80.2,0.76,159.25,Stable
29-07-2024 08:00,NODE_03,Sensor_Node_3_Residential_Border,73.65,114.48,3.462,448.3,57.88,16.46,10.16,39.8,67.8,4.6,160,Unhealthy,NE,1011.33,8.68,Medium,Normal,Active,51.6,0.75,156.52,Decreasing
29-07-2024 09:00,NODE_03,Sensor_Node_3_Residential_Border,82.6,117.74,3.491,452.9,34.83,17.6,19.43,36.7,64.3,5.3,165,Unhealthy,S,1015.34,4.92,Low,Peak,Active,30.3,0.98,170.9,Increasing
29-07-2024 10:00,NODE_03,Sensor_Node_3_Residential_Border,54.91,118.79,3.089,418.8,46.06,19.65,14.33,37.3,69.9,3.6,149,Unhealthy for Sensitive Groups,W,1015.92,5.09,Medium,Low,Active,81.5,0.84,140.29,Stable
29-07-2024 11:00,NODE_03,Sensor_Node_3_Residential_Border,60,131.62,3.938,477.1,57.31,25.59,9.92,37.5,56.2,4.6,153,Unhealthy,N,1012.71,1.3,Low,Low,Active,90.4,0.9,140.21,Stable
29-07-2024 12:00,NODE_03,Sensor_Node_3_Residential_Border,68.12,122.28,3.149,480.7,57,27.56,15.19,38.7,73.9,1.5,158,Unhealthy,W,1004.64,3.55,Medium,Peak,Active,81.8,0.86,162.31,Stable
29-07-2024 13:00,NODE_03,Sensor_Node_3_Residential_Border,56.52,114.61,3.725,457.5,54.71,18.55,14.01,39.5,78.3,4.6,152,Unhealthy,SW,1013.71,3.6,Medium,Normal,Active,79.7,0.81,155.63,Increasing
29-07-2024 14:00,NODE_03,Sensor_Node_3_Residential_Border,77.45,117.68,4.207,474.3,36.23,15.13,14.58,40.3,59.7,4.9,162,Unhealthy,W,1009.99,6.85,High,Low,Maintenance,78.4,0.85,168.67,Stable
29-07-2024 15:00,NODE_03,Sensor_Node_3_Residential_Border,58.64,73.73,3.528,468.3,31.48,17.74,21.67,37.2,74.9,3.7,153,Unhealthy,SE,1006.58,9.32,High,Peak,Active,42.5,0.9,162.92,Decreasing
29-07-2024 16:00,NODE_03,Sensor_Node_3_Residential_Border,65.47,98.19,3.484,454.4,43.24,19.97,15.67,38.3,66.7,4.3,156,Unhealthy,W,1014.29,7.59,Medium,High,Active,40.9,0.99,160.46,Increasing
29-07-2024 17:00,NODE_03,Sensor_Node_3_Residential_Border,55.25,71.92,2.432,447.5,37.68,17.5,12.01,35.4,62.7,4.8,150,Unhealthy for Sensitive Groups,NW,1011.69,7.87,Low,High,Active,44.5,0.86,136.46,Stable
29-07-2024 18:00,NODE_03,Sensor_Node_3_Residential_Border,59.66,86.33,2.768,504.5,45.15,19.89,23.46,34.9,75.4,0.4,153,Unhealthy,N,1020.15,4.79,High,High,Active,30.3,0.92,146.62,Stable
29-07-2024 19:00,NODE_03,Sensor_Node_3_Residential_Border,55.66,95.76,2.934,457,51.04,20.71,14.34,34.4,73.2,3.9,151,Unhealthy,SE,1013.44,3.18,Low,High,Active,72.2,0.75,141.7,Decreasing
29-07-2024 20:00,NODE_03,Sensor_Node_3_Residential_Border,46.05,78.7,3.719,436.4,41.8,20.85,14.35,33.7,78.8,3.8,127,Unhealthy for Sensitive Groups,S,1008.94,3.41,Medium,Low,Active,27.8,1,119.17,Decreasing
29-07-2024 21:00,NODE_03,Sensor_Node_3_Residential_Border,80.45,74.68,2.69,478.6,36.63,15.52,27.96,32.2,79.7,5,164,Unhealthy,S,1020.42,3.67,Medium,Low,Active,83.5,0.88,165.46,Decreasing
29-07-2024 22:00,NODE_03,Sensor_Node_3_Residential_Border,39.06,93.95,2.74,477.1,35.57,15.17,11.72,31.5,85.9,4.4,110,Unhealthy for Sensitive Groups,W,1018.06,7.86,High,Low,Active,70.9,0.7,112.53,Increasing
29-07-2024 23:00,NODE_03,Sensor_Node_3_Residential_Border,32.63,67.84,2.422,457.2,28.66,11.55,16.25,28.6,66.5,4.8,94,Moderate,S,1009.19,4.72,Medium,Normal,Active,43.2,0.97,100.04,Increasing
30-07-2024 00:00,NODE_03,Sensor_Node_3_Residential_Border,43.33,80.82,2.419,422.4,25.44,9,15.99,30.8,78.4,0.3,120,Unhealthy for Sensitive Groups,S,1010.86,6.04,Medium,Low,Active,23.9,0.8,110.83,Decreasing
30-07-2024 01:00,NODE_03,Sensor_Node_3_Residential_Border,32.51,78.66,2.201,434.1,33.14,18.46,17.63,28.7,80.5,0.9,94,Moderate,SE,1013.37,9.03,Medium,Low,Active,32.3,0.8,94.56,Stable
30-07-2024 02:00,NODE_03,Sensor_Node_3_Residential_Border,34.77,70.49,1.723,440,25.39,9.29,22.05,33.3,67.9,2.9,99,Moderate,NE,1013.98,3.57,High,Normal,Active,92.4,0.85,92.92,Increasing
30-07-2024 03:00,NODE_03,Sensor_Node_3_Residential_Border,23.43,23.41,2.675,391.6,20.91,7.08,20.49,31.9,78.8,0.5,75,Moderate,SE,1019.88,9.63,Medium,Normal,Fault,76,0.95,73.31,Increasing
30-07-2024 04:00,NODE_03,Sensor_Node_3_Residential_Border,13.36,32.69,1.22,446.1,11.48,6.84,18.55,29.4,72.4,6.9,54,Moderate,SE,1014.13,9.68,Low,High,Active,39.5,0.85,56.38,Decreasing
30-07-2024 05:00,NODE_03,Sensor_Node_3_Residential_Border,7.22,29.68,0.701,413.2,17.57,9.73,25.05,31.8,78.1,2.2,30,Good,N,1022.05,4.89,High,Normal,Active,21.3,0.81,30.02,Increasing
30-07-2024 06:00,NODE_03,Sensor_Node_3_Residential_Border,71.15,91.55,3.203,490.7,38.96,20.3,24.77,34.9,65.8,1.5,159,Unhealthy,N,1009.24,1.86,Medium,Normal,Active,79.9,0.97,174.89,Stable
30-07-2024 07:00,NODE_03,Sensor_Node_3_Residential_Border,68.82,121.36,4.502,497.3,53.55,24.86,11.49,37.6,65.2,2,158,Unhealthy,SE,1012.58,5.54,Medium,Peak,Active,39.8,0.75,168.03,Decreasing
30-07-2024 08:00,NODE_03,Sensor_Node_3_Residential_Border,61.8,97.69,3.698,496.5,45.99,19.27,23.05,33,73.9,0.3,154,Unhealthy,E,1017.41,4.9,Medium,Low,Active,65.2,0.78,147.2,Stable
30-07-2024 09:00,NODE_03,Sensor_Node_3_Residential_Border,64.27,120.85,3.992,494,42.47,16.24,17.8,35.1,72.6,4.3,156,Unhealthy,NE,1008.32,4.93,Medium,Normal,Active,27.6,0.95,158.68,Decreasing
30-07-2024 10:00,NODE_03,Sensor_Node_3_Residential_Border,60.62,113.54,3.723,499.6,48.46,18.94,21.1,36,77.8,2.9,154,Unhealthy,S,1015.36,1.86,High,High,Maintenance,49.1,0.71,155.56,Decreasing
30-07-2024 11:00,NODE_03,Sensor_Node_3_Residential_Border,53.27,108.26,4.712,464.3,43.17,21.36,19.15,37.7,64.5,5.3,145,Unhealthy for Sensitive Groups,S,1022.54,8.03,High,Low,Active,53.1,0.76,156.08,Decreasing
30-07-2024 12:00,NODE_03,Sensor_Node_3_Residential_Border,56.69,120.29,4.603,494.5,60.74,18.13,24.38,37.8,68.5,3.4,152,Unhealthy,NW,1016.11,7.78,High,High,Active,57.9,0.92,144.65,Stable
30-07-2024 13:00,NODE_03,Sensor_Node_3_Residential_Border,66.12,125.07,4.125,476.2,44.69,20.99,17.29,35.5,69.8,4.3,156,Unhealthy,W,1010.88,4.41,Medium,Low,Active,92.9,0.82,142.01,Decreasing
30-07-2024 14:00,NODE_03,Sensor_Node_3_Residential_Border,62.53,113.07,3.838,481.3,47.3,26.59,14.88,37.8,62.5,1.1,155,Unhealthy,S,1009.54,1.41,Low,Normal,Active,71.7,0.82,167.08,Increasing
30-07-2024 15:00,NODE_03,Sensor_Node_3_Residential_Border,43.59,76.93,3.053,434.1,38.06,17.39,23.75,36.6,70.1,2.3,121,Unhealthy for Sensitive Groups,N,1003.33,5.24,Low,Normal,Fault,40,0.84,118.66,Stable
30-07-2024 16:00,NODE_03,Sensor_Node_3_Residential_Border,59.7,81.35,2.579,440,37.92,19.83,7.48,39.9,69.4,1.2,153,Unhealthy,NW,1011.69,1.08,Medium,Low,Maintenance,82.2,0.72,164.82,Decreasing
30-07-2024 17:00,NODE_03,Sensor_Node_3_Residential_Border,45.85,93.64,2.669,460.7,36.91,19.63,27,34,70.2,0.4,126,Unhealthy for Sensitive Groups,N,1025.47,2.95,High,Peak,Active,55.8,0.96,121.12,Decreasing
30-07-2024 18:00,NODE_03,Sensor_Node_3_Residential_Border,58.1,108.29,3.26,444.7,31.89,18.36,21.76,34.8,75.9,2.4,152,Unhealthy,NE,1013.08,7.56,Medium,Peak,Active,75.3,0.71,153.91,Stable
30-07-2024 19:00,NODE_03,Sensor_Node_3_Residential_Border,42.6,94.64,3.21,464.3,26.56,11.99,18.65,33.2,72.6,5,118,Unhealthy for Sensitive Groups,SW,1016.53,5.63,Medium,Peak,Active,24.9,0.84,117.11,Increasing
30-07-2024 20:00,NODE_03,Sensor_Node_3_Residential_Border,43.92,67.02,2.874,470.2,42.11,16.15,24.55,35.2,79.4,3,122,Unhealthy for Sensitive Groups,NE,1019.11,9.28,Low,Peak,Active,35.8,0.92,122.78,Decreasing
30-07-2024 21:00,NODE_03,Sensor_Node_3_Residential_Border,65.42,83.82,3.42,436,40.06,14.76,22.43,30.4,66.9,4.8,156,Unhealthy,SE,1013.71,2.66,High,High,Active,65.1,0.85,165.77,Increasing
30-07-2024 22:00,NODE_03,Sensor_Node_3_Residential_Border,45.7,100.59,3.124,460,25.08,21.88,20.17,31,79.7,3.5,126,Unhealthy for Sensitive Groups,NW,1009.54,5.54,High,Low,Active,73.1,0.76,122.44,Stable
30-07-2024 23:00,NODE_03,Sensor_Node_3_Residential_Border,41.56,62.08,3.674,461.3,43.89,13.86,21.4,28.3,67.2,0.4,116,Unhealthy for Sensitive Groups,N,1014.62,8.74,Medium,Peak,Active,32.1,0.93,110.05,Decreasing
31-07-2024 00:00,NODE_03,Sensor_Node_3_Residential_Border,42.81,58.82,2.665,463.7,42.4,22.43,24.57,33,80.6,3.1,119,Unhealthy for Sensitive Groups,W,1019.55,9.44,High,Low,Active,97.8,0.72,110.4,Decreasing
31-07-2024 01:00,NODE_03,Sensor_Node_3_Residential_Border,41.83,63.93,1.83,419.6,30.09,8.55,20.09,31.3,72.5,7.2,117,Unhealthy for Sensitive Groups,W,1010.16,1.61,Low,Normal,Active,34.6,0.94,113.2,Decreasing
31-07-2024 02:00,NODE_03,Sensor_Node_3_Residential_Border,29.73,49.78,1.969,436.1,20.95,16.74,23.63,28.2,70.8,2.3,88,Moderate,S,1016.23,8.49,Low,Normal,Active,88.5,0.79,90.69,Decreasing
31-07-2024 03:00,NODE_03,Sensor_Node_3_Residential_Border,23.26,25.56,0.579,466.2,15.77,6.49,24.76,32.5,77.9,5.5,74,Moderate,W,1014.88,6.63,High,Normal,Active,44.7,0.77,75.58,Increasing
31-07-2024 04:00,NODE_03,Sensor_Node_3_Residential_Border,12.58,10,0.643,422.4,15.94,9.12,25,32.1,67.8,2.6,52,Moderate,SE,1010.96,3.81,High,High,Active,89.4,0.98,52.19,Increasing
31-07-2024 05:00,NODE_03,Sensor_Node_3_Residential_Border,9.63,33.06,1.289,416.4,20.06,11.28,29.34,34.8,68,3.5,40,Good,E,1005.66,1.3,High,Low,Active,46.5,0.96,41.74,Decreasing
31-07-2024 06:00,NODE_03,Sensor_Node_3_Residential_Border,77.04,137.32,3.005,469.9,42.48,20.89,20.24,34.6,63.2,4.6,162,Unhealthy,E,1018.13,6.26,Medium,Peak,Active,83.5,0.77,157.63,Increasing
31-07-2024 07:00,NODE_03,Sensor_Node_3_Residential_Border,230.43,370.69,11.203,463.2,62.83,52.24,15.39,34.5,70.4,6.3,280,Very Unhealthy,SW,1017.56,1.7,Low,Normal,Maintenance,29.2,0.8,278.57,Increasing
31-07-2024 08:00,NODE_03,Sensor_Node_3_Residential_Border,72.48,117.84,4.339,479.3,45.42,24.28,20.8,38.1,65.8,4.1,160,Unhealthy,W,1013.14,6.91,Medium,Low,Active,32.9,0.79,144.86,Stable
31-07-2024 09:00,NODE_03,Sensor_Node_3_Residential_Border,63.09,126.33,4.261,459.8,45.69,19.87,16.4,35.5,70.3,2.6,155,Unhealthy,NW,1009.71,8.94,High,Normal,Active,84.1,0.84,148.71,Stable
31-07-2024 10:00,NODE_03,Sensor_Node_3_Residential_Border,67.47,101.13,3.631,466.7,65.25,16.38,17.18,35.9,60.4,4.4,157,Unhealthy,NE,1003.11,9.96,Medium,Low,Active,61.9,0.94,144.7,Stable
31-07-2024 11:00,NODE_03,Sensor_Node_3_Residential_Border,59,130.45,3.611,464.2,54.54,21.83,12.82,38.9,75.9,3.8,153,Unhealthy,N,1019.43,1.95,Medium,Normal,Active,31.3,0.82,162.54,Decreasing
31-07-2024 12:00,NODE_03,Sensor_Node_3_Residential_Border,64.88,98.84,2.84,431.7,48.98,23.63,20.22,38.4,61.7,2.2,156,Unhealthy,N,1002.54,3.79,High,Low,Active,47.2,0.85,170.32,Increasing
31-07-2024 13:00,NODE_03,Sensor_Node_3_Residential_Border,71.24,122.58,3.223,455.2,43.56,22.28,18.94,38.8,62.7,5.6,159,Unhealthy,E,1006.71,8.71,Low,Normal,Active,94.6,0.72,162.13,Decreasing
31-07-2024 14:00,NODE_03,Sensor_Node_3_Residential_Border,61.76,101.22,3.519,458.1,50.61,21.49,15.16,36.3,61.2,9,154,Unhealthy,NW,1022.34,8.82,Low,Low,Active,85.4,0.75,154.77,Stable
31-07-2024 15:00,NODE_03,Sensor_Node_3_Residential_Border,57.99,96,2.855,457.2,48.8,16.99,18.37,39.1,74.2,4.4,152,Unhealthy,NE,1008.61,3.64,Low,Low,Active,68.9,0.95,161.64,Decreasing
31-07-2024 16:00,NODE_03,Sensor_Node_3_Residential_Border,51.44,76.49,3.724,445.4,36.75,15.75,28.58,34.6,65.4,2.7,140,Unhealthy for Sensitive Groups,NE,1011.6,8.08,High,Peak,Active,84,0.91,150.07,Increasing
31-07-2024 17:00,NODE_03,Sensor_Node_3_Residential_Border,50.06,81.86,3.384,482.6,28.96,14.55,20.96,33.2,69.5,3.5,137,Unhealthy for Sensitive Groups,N,1004.99,6.66,High,Peak,Active,55.6,0.87,134.09,Stable
31-07-2024 18:00,NODE_03,Sensor_Node_3_Residential_Border,56.97,101.66,3.234,452.1,47.07,15.38,17.59,31.5,69.1,5.4,152,Unhealthy,NW,1008.02,4.51,High,Low,Active,64.6,0.84,147.26,Decreasing
31-07-2024 19:00,NODE_03,Sensor_Node_3_Residential_Border,53.43,85.07,2.873,448.5,42.01,23.47,6.85,32.2,71.4,2.9,145,Unhealthy for Sensitive Groups,SW,1016.63,3.54,High,High,Active,20.7,0.8,153.74,Stable
31-07-2024 20:00,NODE_03,Sensor_Node_3_Residential_Border,49.97,85.06,2.52,456.6,32.15,13.91,17.4,33.5,77.5,1.1,137,Unhealthy for Sensitive Groups,N,1013.56,2.98,Low,High,Active,33.8,0.75,124.75,Decreasing
31-07-2024 21:00,NODE_03,Sensor_Node_3_Residential_Border,57.71,118.66,3.292,439.4,36.38,13.85,17.72,30.6,70.6,4,152,Unhealthy,E,1025.21,6.3,High,Low,Active,78.3,0.83,156.44,Decreasing
31-07-2024 22:00,NODE_03,Sensor_Node_3_Residential_Border,54.24,77.17,3.133,447.2,49.32,12.5,21.69,31.5,82.6,3.4,147,Unhealthy for Sensitive Groups,SW,1007.39,3.09,Medium,Normal,Active,92.8,0.95,150.13,Increasing
31-07-2024 23:00,NODE_03,Sensor_Node_3_Residential_Border,41.17,56.12,2.663,447.7,32.64,14.31,15.39,28.1,70.1,4,115,Unhealthy for Sensitive Groups,S,1012.02,5.9,Medium,High,Active,51.8,0.7,104.07,Stable
01-08-2024 00:00,NODE_03,Sensor_Node_3_Residential_Border,34.1,48.29,2.763,419.7,33.6,9.95,26.89,29.2,67.4,4.1,97,Moderate,NW,1011.3,1.32,Medium,Normal,Active,28.7,0.92,106.27,Increasing
01-08-2024 01:00,NODE_03,Sensor_Node_3_Residential_Border,39.28,73.02,1.989,429.4,22.56,10.62,27.62,29.9,83.5,2.5,110,Unhealthy for Sensitive Groups,NW,1006.52,9.72,Medium,Normal,Active,96.7,0.86,118.46,Stable
01-08-2024 02:00,NODE_03,Sensor_Node_3_Residential_Border,32.04,77.6,2.16,463.4,39.09,9.13,24.97,32.6,83.4,0.8,93,Moderate,NE,1013.96,1.02,Medium,Peak,Active,20.4,0.83,92.24,Stable
01-08-2024 03:00,NODE_03,Sensor_Node_3_Residential_Border,5,10,0.736,421.1,18.5,1.53,27.08,29.5,78.3,4.3,21,Good,N,1011.14,1.82,High,Peak,Active,95.9,0.96,19.14,Stable
01-08-2024 04:00,NODE_03,Sensor_Node_3_Residential_Border,13.59,10,1.214,449.6,6.75,8.64,21.93,30,71.3,5,54,Moderate,W,1004.67,9.53,Low,Normal,Active,39.2,0.93,57.08,Decreasing
01-08-2024 05:00,NODE_03,Sensor_Node_3_Residential_Border,15.03,10.01,1.635,400.9,8.81,1.71,31.77,30.7,78.5,1.5,57,Moderate,SW,1017.3,8.68,Low,Peak,Active,45.3,0.98,57.05,Increasing
01-08-2024 06:00,NODE_03,Sensor_Node_3_Residential_Border,63.19,111.44,4.132,457.4,54.82,21.8,18.26,32.7,70.6,2,155,Unhealthy,SW,1008.05,5.84,High,Normal,Active,69.1,0.97,151.75,Decreasing
01-08-2024 07:00,NODE_03,Sensor_Node_3_Residential_Border,66.88,143.29,4.127,482.1,52.13,23.73,16.99,37.8,70.1,3.5,157,Unhealthy,NE,1010.65,6.68,Medium,Peak,Active,85.5,0.75,141.5,Decreasing
01-08-2024 08:00,NODE_03,Sensor_Node_3_Residential_Border,71.22,110.02,3.473,460.1,53.14,28.74,19.02,35.4,67.2,0.4,159,Unhealthy,SW,1007.12,9.27,Medium,Peak,Active,71.1,0.93,159.9,Decreasing
01-08-2024 09:00,NODE_03,Sensor_Node_3_Residential_Border,64.8,95.23,3.611,460,69.85,25.31,10.63,34.5,59.9,2.4,156,Unhealthy,S,1005.26,8.46,High,Low,Active,92.2,0.85,146.39,Decreasing
01-08-2024 10:00,NODE_03,Sensor_Node_3_Residential_Border,78.88,117.36,3.717,448.4,59.25,23.78,20.5,37.1,70.8,1.6,163,Unhealthy,E,1005.61,6.52,Medium,Normal,Active,97.6,0.86,165.64,Decreasing
01-08-2024 11:00,NODE_03,Sensor_Node_3_Residential_Border,77.85,121.28,4.217,499.2,54.49,26.01,19.08,35.8,71.2,4.6,163,Unhealthy,W,1014.77,1.97,Low,High,Active,21.4,0.85,161.3,Decreasing
01-08-2024 12:00,NODE_03,Sensor_Node_3_Residential_Border,212.62,450.77,7.927,448.6,55.48,52.67,15.4,37.8,67.2,2.2,330,Hazardous,S,1007.5,9.34,High,Low,Maintenance,65.5,0.84,356.16,Increasing
01-08-2024 13:00,NODE_03,Sensor_Node_3_Residential_Border,62.13,106.79,4.179,452.6,64.53,30.43,21.64,36.8,65.8,3.2,154,Unhealthy,E,1014.09,2.07,High,Low,Active,25.2,0.99,143.16,Decreasing
01-08-2024 14:00,NODE_03,Sensor_Node_3_Residential_Border,66.94,112.75,3.389,486.8,54.17,21.78,18.15,40.4,61.3,4.1,157,Unhealthy,NE,1013.59,2.47,Low,Low,Active,48.4,0.79,149.97,Decreasing
01-08-2024 15:00,NODE_03,Sensor_Node_3_Residential_Border,42.74,95.12,2.687,467.7,36.84,17.98,20.77,35.9,56.9,1.6,119,Unhealthy for Sensitive Groups,W,1016.97,4.09,Low,Low,Active,81.6,0.84,123.33,Decreasing
01-08-2024 16:00,NODE_03,Sensor_Node_3_Residential_Border,47.84,94.66,3.383,419,41.07,16.81,16.53,37,57.8,8.1,131,Unhealthy for Sensitive Groups,SE,1004.28,1.08,Low,Peak,Active,63.9,0.89,139.94,Increasing
01-08-2024 17:00,NODE_03,Sensor_Node_3_Residential_Border,29.27,68.61,3.427,449.6,38.6,24.1,20.57,36.6,70,2.8,87,Moderate,NE,1013.91,6.86,High,Normal,Active,30.1,0.94,88.26,Stable
01-08-2024 18:00,NODE_03,Sensor_Node_3_Residential_Border,46.16,79.92,3.268,418.4,35.44,15.52,21.63,37.1,59.4,4.3,127,Unhealthy for Sensitive Groups,SE,1006.86,2.41,Low,Peak,Active,31.2,0.77,121.91,Stable
01-08-2024 19:00,NODE_03,Sensor_Node_3_Residential_Border,53.59,127.78,2.37,447.4,49.25,19.05,22.38,32.3,79.4,3.6,146,Unhealthy for Sensitive Groups,NW,1016.69,6.55,Medium,Normal,Active,59.3,0.79,132.64,Decreasing
01-08-2024 20:00,NODE_03,Sensor_Node_3_Residential_Border,68.63,95.01,3.285,450.3,43.4,18.44,21.75,32.6,77.3,6.1,158,Unhealthy,SW,1015.69,5.9,Low,Low,Active,56.4,0.79,165.1,Decreasing
01-08-2024 21:00,NODE_03,Sensor_Node_3_Residential_Border,49.46,100.71,3.164,452.4,34.84,20.63,22.56,31,68.6,4.5,135,Unhealthy for Sensitive Groups,NE,1015.95,3.28,Medium,Normal,Active,24.3,0.85,137.42,Decreasing
01-08-2024 22:00,NODE_03,Sensor_Node_3_Residential_Border,64.74,109.75,4.268,424.4,38.39,14.33,9.47,30.6,78.7,0.3,156,Unhealthy,SW,1013.08,2.15,High,Peak,Fault,59.2,0.84,164.6,Stable
01-08-2024 23:00,NODE_03,Sensor_Node_3_Residential_Border,39.01,45.75,2.611,426,37.56,16.93,22.76,29.5,78.7,4.4,110,Unhealthy for Sensitive Groups,NW,998.33,8.31,Low,Low,Active,48.1,0.91,101.08,Increasing
02-08-2024 00:00,NODE_03,Sensor_Node_3_Residential_Border,50.9,86.57,2.318,472.8,32.61,3.65,27.3,30.3,80.8,2.4,139,Unhealthy for Sensitive Groups,S,1003.6,4.43,Medium,Low,Active,33.9,0.76,142.73,Stable
02-08-2024 01:00,NODE_03,Sensor_Node_3_Residential_Border,36.43,85.9,1.813,452.2,39.91,18.91,25.08,31.8,83.4,4.8,103,Unhealthy for Sensitive Groups,E,1016.58,3.14,High,Normal,Active,93.7,0.87,95.35,Increasing
02-08-2024 02:00,NODE_03,Sensor_Node_3_Residential_Border,41.89,83.72,2.885,448.4,29.59,17.16,19.89,32.3,78.1,2.6,117,Unhealthy for Sensitive Groups,NE,1008.39,6.9,Medium,High,Active,73.7,0.78,114.48,Stable
02-08-2024 03:00,NODE_03,Sensor_Node_3_Residential_Border,12.14,27.64,1.28,474.4,8.28,4.03,21.66,30,79.7,1.3,51,Moderate,NW,1018.34,6.05,Medium,High,Active,62,0.97,55.8,Decreasing
02-08-2024 04:00,NODE_03,Sensor_Node_3_Residential_Border,19.73,36.21,0.611,448.1,24.27,8.24,27.7,28.6,69.9,4,67,Moderate,SW,1004.55,4.58,Low,Normal,Maintenance,63.3,0.93,66.88,Increasing
02-08-2024 05:00,NODE_03,Sensor_Node_3_Residential_Border,5.45,34.72,0.834,423.7,39.6,8.6,24.53,33.7,65.9,2.2,32,Good,NW,1017.07,8.83,Medium,High,Active,86.9,0.94,32.47,Decreasing
02-08-2024 06:00,NODE_03,Sensor_Node_3_Residential_Border,70.04,100.73,4.751,453.1,48.01,17.19,12.37,33.8,72.3,3.4,159,Unhealthy,N,1014.51,7.44,Low,High,Active,47.2,0.8,157.17,Increasing
02-08-2024 07:00,NODE_03,Sensor_Node_3_Residential_Border,64.07,111.28,3.59,493.8,43.77,28.2,6.83,36.5,64.8,0.8,155,Unhealthy,E,1015.25,3.67,Low,Low,Active,54.1,0.73,140.1,Stable
02-08-2024 08:00,NODE_03,Sensor_Node_3_Residential_Border,58.17,119.52,4.297,481.5,45.59,25.06,11.83,35.6,65.5,3.6,152,Unhealthy,S,1012.86,2.5,Medium,Normal,Active,28.4,0.76,160.89,Increasing
02-08-2024 09:00,NODE_03,Sensor_Node_3_Residential_Border,64.8,95.06,4.135,459.9,43.02,25.73,25.3,37.7,69.2,1.7,156,Unhealthy,NE,1006.04,6.23,High,Peak,Active,88.8,0.73,163.56,Decreasing
02-08-2024 10:00,NODE_03,Sensor_Node_3_Residential_Border,70.61,92.1,4.072,437.9,51.82,26.75,17.82,39.1,75.6,2.8,159,Unhealthy,NW,1009.72,4.82,Low,Low,Active,77.3,1,173,Decreasing
02-08-2024 11:00,NODE_03,Sensor_Node_3_Residential_Border,66.32,100.28,3.346,486.2,48.69,19.86,19.7,35.5,82,3.6,157,Unhealthy,SW,1015.57,9.24,Low,High,Active,32.1,0.91,144.43,Decreasing
02-08-2024 12:00,NODE_03,Sensor_Node_3_Residential_Border,70.34,111.98,4.395,483.8,49.63,24.11,5,37.4,69.3,5.4,159,Unhealthy,E,1006.65,7.81,Medium,Peak,Fault,75.1,0.9,150.94,Increasing
02-08-2024 13:00,NODE_03,Sensor_Node_3_Residential_Border,60.71,112.85,3.747,438.2,56.77,22.12,10.11,40.6,67.3,10.5,154,Unhealthy,N,1019.53,9.92,High,High,Fault,70.3,0.73,157.23,Stable
02-08-2024 14:00,NODE_03,Sensor_Node_3_Residential_Border,67.92,112.65,4.793,485.8,45.48,13.29,19.4,37.3,64.7,3,157,Unhealthy,E,1018.43,6.17,Low,Peak,Active,76.7,0.73,147.46,Decreasing
02-08-2024 15:00,NODE_03,Sensor_Node_3_Residential_Border,51.61,87.71,2.849,459.4,51.24,15.93,24.66,37.1,75.8,1.1,141,Unhealthy for Sensitive Groups,NE,1020.21,2.33,Medium,Low,Active,56.8,0.74,141.78,Stable
02-08-2024 16:00,NODE_03,Sensor_Node_3_Residential_Border,69.84,105.44,3.788,469,40.77,21.24,21.34,35.2,71.8,2.8,158,Unhealthy,N,1016.52,7.05,Medium,High,Active,20.5,0.9,142.4,Increasing
02-08-2024 17:00,NODE_03,Sensor_Node_3_Residential_Border,50.06,82.75,4.123,439.2,37.27,15,22.31,35.4,81.9,3,137,Unhealthy for Sensitive Groups,NW,1003.83,4.45,High,Normal,Active,81.8,0.88,143.01,Increasing
02-08-2024 18:00,NODE_03,Sensor_Node_3_Residential_Border,44.13,96.45,3.189,431.3,38.91,18.08,18.62,32.5,71.9,1.5,122,Unhealthy for Sensitive Groups,NE,1013.29,6.21,Low,Normal,Active,24.9,0.93,122.41,Stable
02-08-2024 19:00,NODE_03,Sensor_Node_3_Residential_Border,51.86,107.61,3.32,434.4,42.21,17.45,17.98,30.8,71.6,1.9,141,Unhealthy for Sensitive Groups,SE,1016.6,6.22,Low,Peak,Active,57.1,0.9,132.85,Increasing
02-08-2024 20:00,NODE_03,Sensor_Node_3_Residential_Border,60.06,81.79,4.168,502.8,42.84,12.14,11.98,32.7,73.6,1.5,153,Unhealthy,E,1008.57,2.35,Low,Normal,Active,61.3,0.97,145.13,Increasing
02-08-2024 21:00,NODE_03,Sensor_Node_3_Residential_Border,46.99,124.57,3.36,487.7,47.06,20.33,13.95,27.2,82.5,3.6,129,Unhealthy for Sensitive Groups,SW,1006.4,7.97,High,High,Active,37.3,0.8,128.92,Decreasing
02-08-2024 22:00,NODE_03,Sensor_Node_3_Residential_Border,49.37,91.52,2.904,482.2,23.4,18.87,15.14,30.6,86.5,5.8,135,Unhealthy for Sensitive Groups,NW,1003.92,8.67,High,Low,Active,67.3,0.87,132.45,Stable
02-08-2024 23:00,NODE_03,Sensor_Node_3_Residential_Border,31.03,53.15,3.245,441.1,26.52,10.9,12.63,32.5,86.5,2.7,91,Moderate,N,1005.65,9.69,High,Normal,Active,76.7,0.91,96.48,Decreasing
03-08-2024 00:00,NODE_03,Sensor_Node_3_Residential_Border,13.21,55.77,1.798,429.5,16.56,13.84,20.11,29.1,83.8,3.6,53,Moderate,NW,1013.85,3.51,High,Normal,Active,86.6,0.7,49.29,Stable
03-08-2024 01:00,NODE_03,Sensor_Node_3_Residential_Border,26.38,53.6,1.057,471.4,19.71,8.74,13.29,29.1,72.3,4.7,81,Moderate,NW,1012.76,6.52,Low,Low,Active,85.8,0.74,73.27,Decreasing
03-08-2024 02:00,NODE_03,Sensor_Node_3_Residential_Border,23.56,46.48,1.464,479.2,3.39,4.08,19.34,31,74.2,1.5,75,Moderate,NW,1020.85,4.84,Medium,Peak,Maintenance,27.2,0.87,76.28,Increasing
03-08-2024 03:00,NODE_03,Sensor_Node_3_Residential_Border,5,27.79,1.47,400.3,10.96,8.04,27.28,32.8,74,4,26,Good,NE,1012.12,9.28,High,Normal,Active,98.9,0.98,26.2,Increasing
03-08-2024 04:00,NODE_03,Sensor_Node_3_Residential_Border,13.74,21.23,0.745,402.3,3.66,4.23,33.64,30.4,70.7,2.9,54,Moderate,W,1011.08,8.43,Low,High,Active,89.9,0.81,52.39,Stable
03-08-2024 05:00,NODE_03,Sensor_Node_3_Residential_Border,15.41,10,1.7,442.8,2,3.83,20.15,31.4,65.9,3.9,58,Moderate,SE,1015.26,5.98,Low,Normal,Active,93.8,0.72,59.11,Decreasing
03-08-2024 06:00,NODE_03,Sensor_Node_3_Residential_Border,52.46,59.13,2.028,509.6,33.69,12.83,11.84,33,72.3,2.6,143,Unhealthy for Sensitive Groups,NE,1006.61,6.43,Medium,Normal,Active,26.1,0.99,131.07,Decreasing
03-08-2024 07:00,NODE_03,Sensor_Node_3_Residential_Border,163.77,311.64,4.35,491.8,47.45,26.8,22.58,32.2,68.8,1.6,214,Very Unhealthy,NE,1018.44,2.86,Medium,Peak,Active,90,0.8,195.53,Stable
03-08-2024 08:00,NODE_03,Sensor_Node_3_Residential_Border,50.09,102.55,3.267,472.1,37.93,9.62,7.89,37.6,70.9,6,137,Unhealthy for Sensitive Groups,E,1017.53,4.92,Medium,Peak,Active,69.6,0.96,142.66,Increasing
03-08-2024 09:00,NODE_03,Sensor_Node_3_Residential_Border,31.31,73.43,2.804,485.3,37.16,12.59,11.76,37,72.6,1.2,91,Moderate,E,1005.72,5.23,High,Normal,Active,83.2,0.95,92.69,Increasing
03-08-2024 10:00,NODE_03,Sensor_Node_3_Residential_Border,50.14,96.22,2.514,449,40.37,14.37,9.59,38.4,75.3,2.5,137,Unhealthy for Sensitive Groups,NW,1013.44,2.48,High,Normal,Active,75.9,0.93,126.49,Stable
03-08-2024 11:00,NODE_03,Sensor_Node_3_Residential_Border,45.96,63.91,2.923,462.7,41.2,14.72,22.09,38.8,60.8,3.2,127,Unhealthy for Sensitive Groups,SE,1010.56,2.2,High,Low,Maintenance,32.5,0.99,137.47,Stable
03-08-2024 12:00,NODE_03,Sensor_Node_3_Residential_Border,47.42,59.85,2.895,494,27.81,6.31,20.85,39.9,61.6,0.3,130,Unhealthy for Sensitive Groups,SW,1013.21,5.22,Medium,High,Active,30.4,0.98,117.57,Increasing
03-08-2024 13:00,NODE_03,Sensor_Node_3_Residential_Border,49.09,78.74,2.441,479.5,29.25,9.63,18.03,38.3,50.9,2.3,134,Unhealthy for Sensitive Groups,E,1018.57,9.67,High,Peak,Active,47.7,0.84,144.7,Increasing
03-08-2024 14:00,NODE_03,Sensor_Node_3_Residential_Border,47.1,52.78,2.336,503.9,33.23,14.56,15.69,38.9,67.1,4.6,130,Unhealthy for Sensitive Groups,N,1007.42,4.17,Medium,High,Active,73.9,0.79,136.05,Decreasing
03-08-2024 15:00,NODE_03,Sensor_Node_3_Residential_Border,32.56,64.91,2.026,479.4,22.55,1,20.64,37.5,64,4.6,94,Moderate,SW,1005.65,9.88,High,High,Active,43.6,0.95,92.23,Increasing
03-08-2024 16:00,NODE_03,Sensor_Node_3_Residential_Border,37.95,79.93,2.131,455.4,31.16,12.7,20.59,35.7,65.6,0.9,107,Unhealthy for Sensitive Groups,SE,1017.83,6.61,Low,Peak,Active,34.4,0.74,103.17,Decreasing
03-08-2024 17:00,NODE_03,Sensor_Node_3_Residential_Border,30.05,66.56,2.322,410.9,21.08,4.87,15.91,34.1,71.3,3.6,89,Moderate,E,995.65,5.86,Medium,Low,Maintenance,72.8,0.92,88.4,Stable
03-08-2024 18:00,NODE_03,Sensor_Node_3_Residential_Border,37.3,68.22,1.286,452.2,18.62,13.63,18.66,33.5,77.7,3.6,105,Unhealthy for Sensitive Groups,SW,1012.16,8.59,Medium,Low,Active,86.6,0.85,113.37,Stable
03-08-2024 19:00,NODE_03,Sensor_Node_3_Residential_Border,32.17,50.38,2.554,460.2,23.45,12.81,10.46,32.2,76.1,4.8,93,Moderate,S,1012.19,6.03,High,Peak,Active,35.4,0.71,91,Stable
03-08-2024 20:00,NODE_03,Sensor_Node_3_Residential_Border,31.14,60.98,1.937,430.7,28.95,12.5,8.74,28.3,72.3,2.8,91,Moderate,N,1010.93,1.24,Low,High,Active,48.4,0.74,87.96,Increasing
03-08-2024 21:00,NODE_03,Sensor_Node_3_Residential_Border,44.16,82.04,2.578,447.7,39.39,13.1,17.26,28.5,76.9,3.6,122,Unhealthy for Sensitive Groups,W,1014.52,6.41,Medium,High,Maintenance,29.8,0.97,123.4,Decreasing
03-08-2024 22:00,NODE_03,Sensor_Node_3_Residential_Border,26.75,46.87,1.741,506,18.15,16.46,10.61,31.2,77.8,1.7,82,Moderate,NE,1006.79,2.32,Medium,Low,Active,72.3,0.75,89.24,Increasing
03-08-2024 23:00,NODE_03,Sensor_Node_3_Residential_Border,20.14,21.85,1.342,430.9,21.47,7.28,28.62,29.7,79.4,2.4,68,Moderate,N,1014.85,2.18,Low,Normal,Active,70,0.8,68.45,Decreasing
04-08-2024 00:00,NODE_03,Sensor_Node_3_Residential_Border,18.45,61.05,1.119,435.7,21.75,5.57,27.85,32.9,72.6,2.3,64,Moderate,N,1009.01,6.82,High,High,Fault,77.7,0.93,65.39,Stable
04-08-2024 01:00,NODE_03,Sensor_Node_3_Residential_Border,32.51,54.12,1.568,450.4,27.34,12.79,21.06,29.2,77.8,5.8,500,Hazardous,SW,1008.32,2.45,High,Peak,Fault,96.4,0.7,488.75,Stable
04-08-2024 02:00,NODE_03,Sensor_Node_3_Residential_Border,17.67,55.46,1.403,427.5,29.04,8.37,17.06,32.3,84.7,3.1,63,Moderate,NW,1006.6,2.46,Low,Low,Active,41.2,0.84,59.52,Increasing
04-08-2024 03:00,NODE_03,Sensor_Node_3_Residential_Border,5,32.12,0.59,435.3,6.06,7.48,21.64,32.7,77.3,1.8,30,Good,N,1007.83,6.07,Medium,Normal,Active,59,0.71,28.93,Decreasing
04-08-2024 04:00,NODE_03,Sensor_Node_3_Residential_Border,14.11,25.99,1.551,441.1,4.07,1,28.81,31.2,71.9,5.6,55,Moderate,S,1013.53,3.14,High,Normal,Active,71.8,0.84,54.83,Increasing
04-08-2024 05:00,NODE_03,Sensor_Node_3_Residential_Border,5,13.96,1.472,438.8,20.5,4.03,21.34,31.5,72.8,2.3,21,Good,N,1026.78,1.56,Medium,Normal,Active,83.3,0.8,20.82,Stable
04-08-2024 06:00,NODE_03,Sensor_Node_3_Residential_Border,49.76,93.75,2.093,449.2,39.4,15.12,17.63,35,62.8,5.8,136,Unhealthy for Sensitive Groups,S,1019.73,9.19,Low,Normal,Active,31.3,0.83,135.05,Stable
04-08-2024 07:00,NODE_03,Sensor_Node_3_Residential_Border,46.43,60.73,2.536,460.3,40.07,13.69,13,33.5,75.7,3.5,128,Unhealthy for Sensitive Groups,S,1020.2,5.94,Low,Normal,Active,68.7,0.85,121.18,Stable
04-08-2024 08:00,NODE_03,Sensor_Node_3_Residential_Border,40.32,59.92,2.433,456.4,28.36,15.94,21.46,36.6,69.7,4.4,113,Unhealthy for Sensitive Groups,E,999.5,3.75,High,High,Active,27.8,0.72,105.99,Decreasing
04-08-2024 09:00,NODE_03,Sensor_Node_3_Residential_Border,49.46,116.09,2.181,490.8,41.24,16.15,22.43,37.4,71.7,5.7,135,Unhealthy for Sensitive Groups,NW,1018.33,1.22,Medium,Low,Active,85.6,0.91,126.79,Increasing
04-08-2024 10:00,NODE_03,Sensor_Node_3_Residential_Border,178.82,298.1,5.88,478.2,31.04,26.42,20.85,36.1,65.2,1.2,229,Very Unhealthy,S,1008.05,8.47,Low,Low,Fault,98.9,0.89,225.49,Decreasing
04-08-2024 11:00,NODE_03,Sensor_Node_3_Residential_Border,34.37,37.82,2.2,471.9,27.46,7.22,12.08,37.4,69.2,5.9,98,Moderate,S,1016.21,8.91,High,Peak,Maintenance,99.4,0.78,88.24,Decreasing
04-08-2024 12:00,NODE_03,Sensor_Node_3_Residential_Border,42.54,60.91,3.038,500.2,27.58,21.24,14.68,38.7,73.9,4.6,118,Unhealthy for Sensitive Groups,SW,1003.09,6.65,Medium,Peak,Active,54.4,0.94,125.13,Stable
04-08-2024 13:00,NODE_03,Sensor_Node_3_Residential_Border,52.91,81.59,2.428,456.2,31.42,17.01,14.09,38.3,63.1,1.9,144,Unhealthy for Sensitive Groups,SW,1016.21,4.31,High,Low,Active,33.1,0.79,130.93,Stable
04-08-2024 14:00,NODE_03,Sensor_Node_3_Residential_Border,60.98,77.47,2.165,459.8,25.63,18.19,17.62,38,69.3,2.1,154,Unhealthy,W,1007.58,5.88,High,Normal,Active,20.2,0.72,142.7,Increasing
04-08-2024 15:00,NODE_03,Sensor_Node_3_Residential_Border,28.59,86.55,1.318,447.6,24.73,12.19,18.85,37.5,79.8,1.5,86,Moderate,W,1005.19,2.24,High,Peak,Active,62.1,0.99,84.5,Stable
04-08-2024 16:00,NODE_03,Sensor_Node_3_Residential_Border,46.7,79.55,2.157,468.6,21.41,15.39,14.13,35,73.3,2.3,129,Unhealthy for Sensitive Groups,NW,1016.82,5.7,Medium,Low,Active,32.5,0.84,122.5,Increasing
04-08-2024 17:00,NODE_03,Sensor_Node_3_Residential_Border,42.35,54.32,2.528,451.7,23.99,16.59,11.29,34.1,55.4,4.5,500,Hazardous,SE,1023.68,2.03,High,Normal,Active,74.1,0.99,523.82,Increasing
04-08-2024 18:00,NODE_03,Sensor_Node_3_Residential_Border,16.16,50.68,1.129,435.9,11.8,9.94,21.73,33.9,77.6,2.9,60,Moderate,S,1013.69,1.03,High,Peak,Active,49,0.75,56.73,Stable
04-08-2024 19:00,NODE_03,Sensor_Node_3_Residential_Border,23.84,41.99,1.946,465,31.79,16.33,18.9,32.9,75.6,2.3,76,Moderate,SW,1015.7,6.16,Low,Low,Active,33.6,0.93,76.61,Increasing
04-08-2024 20:00,NODE_03,Sensor_Node_3_Residential_Border,27.53,57.98,2.556,448.7,31.37,12.91,16.24,31.1,77.1,3.5,83,Moderate,NW,1022.14,5.14,Low,Normal,Active,20.6,0.84,90.27,Stable
04-08-2024 21:00,NODE_03,Sensor_Node_3_Residential_Border,24.98,56.99,2.971,462.6,22.68,9.7,17.41,30.4,71.3,2.6,78,Moderate,N,1001.44,2.98,Medium,Low,Active,73.6,0.96,82.7,Increasing
04-08-2024 22:00,NODE_03,Sensor_Node_3_Residential_Border,19.27,93.58,2.323,424.5,16.03,4.58,18.94,31.2,78.7,3.4,70,Moderate,NE,1011.44,9.12,Low,Peak,Active,55.7,0.73,66.59,Decreasing
04-08-2024 23:00,NODE_03,Sensor_Node_3_Residential_Border,21.75,35.74,1.519,461.5,15.23,13.94,14.01,29.5,77.8,3.1,71,Moderate,W,1002.79,5.3,Medium,High,Active,56.4,0.79,74.21,Stable
05-08-2024 00:00,NODE_03,Sensor_Node_3_Residential_Border,42.95,50.66,1.955,435.4,19.3,13.93,19.72,28.6,76.2,1.8,119,Unhealthy for Sensitive Groups,S,1009.11,7.16,Medium,Normal,Active,61.6,0.93,109.35,Increasing
05-08-2024 01:00,NODE_03,Sensor_Node_3_Residential_Border,174.49,163.65,8.068,433.4,18.1,41.72,16.86,32.6,78.1,1.9,225,Very Unhealthy,S,1010.31,1.28,Medium,High,Fault,79.1,0.76,214.77,Decreasing
05-08-2024 02:00,NODE_03,Sensor_Node_3_Residential_Border,32.94,68.73,2.228,430.8,24.32,19.35,18.13,32,81.3,8.7,95,Moderate,E,1023.48,3.69,Medium,Normal,Active,70.6,0.76,97.26,Increasing
05-08-2024 03:00,NODE_03,Sensor_Node_3_Residential_Border,11.61,35.32,0.757,401.4,7.7,10.06,24.84,30.5,67.4,2.7,48,Good,SW,1013.07,1.72,Low,Peak,Active,46.1,0.87,47.42,Stable
05-08-2024 04:00,NODE_03,Sensor_Node_3_Residential_Border,25.2,38.05,1.358,458.4,13.45,4.87,32.82,33.3,70.8,2.7,79,Moderate,E,1013.62,3.69,Low,Peak,Active,79.4,0.97,72.58,Decreasing
05-08-2024 05:00,NODE_03,Sensor_Node_3_Residential_Border,24.85,11.08,0.555,441.5,18.12,7.48,29.38,31.3,66.3,3,78,Moderate,N,1009.15,6.19,Low,Peak,Active,63.2,0.75,77.66,Decreasing
05-08-2024 06:00,NODE_03,Sensor_Node_3_Residential_Border,75.67,104.22,3.312,446.1,56.01,26.13,18.71,33.3,75.8,2.8,161,Unhealthy,SE,1011.65,5.56,Low,High,Active,75.1,0.78,154.52,Stable
05-08-2024 07:00,NODE_03,Sensor_Node_3_Residential_Border,244.29,406.41,12.116,467.5,51.44,44.11,17.33,33,66.8,6.4,294,Very Unhealthy,SW,1015.66,9.38,Low,Low,Maintenance,26.2,0.7,286.32,Stable
05-08-2024 08:00,NODE_03,Sensor_Node_3_Residential_Border,57.7,108.27,4.121,474.4,50.3,15.06,6.68,38,68.6,7.1,152,Unhealthy,S,1011.08,9.2,High,Peak,Active,46.9,0.95,148.15,Stable
05-08-2024 09:00,NODE_03,Sensor_Node_3_Residential_Border,72.5,115.83,3.467,461.8,58.55,23.95,12.13,38.2,63.2,1.9,160,Unhealthy,W,1010.16,2.7,Low,Low,Active,80.4,0.91,151.88,Stable
05-08-2024 10:00,NODE_03,Sensor_Node_3_Residential_Border,64.45,117.56,3.557,482.9,41.99,24.61,17.65,36.3,57,0.7,156,Unhealthy,NE,1012.02,4.76,High,High,Active,61,1,158.08,Stable
05-08-2024 11:00,NODE_03,Sensor_Node_3_Residential_Border,78.64,108.51,3.35,480.7,51.3,15.99,16.26,35.9,71,4.2,163,Unhealthy,S,1004.9,9.06,High,Low,Active,50.4,0.88,152.75,Decreasing
05-08-2024 12:00,NODE_03,Sensor_Node_3_Residential_Border,77.79,108.56,3.453,442.4,37.06,15.6,13.29,34.4,70.4,4.5,163,Unhealthy,SW,1000.93,9.25,Low,High,Active,81.2,0.96,166.37,Increasing
05-08-2024 13:00,NODE_03,Sensor_Node_3_Residential_Border,69.81,97.68,3.286,489.3,46.44,23.17,5.23,39.5,68.3,3.4,158,Unhealthy,NW,1004.1,5.8,Low,Low,Active,75.2,0.97,172.03,Decreasing
05-08-2024 14:00,NODE_03,Sensor_Node_3_Residential_Border,67.23,141.06,2.809,475.4,46.14,20.4,16.74,34.8,79.5,0.8,157,Unhealthy,NW,1012.89,9.63,Low,Peak,Active,48.3,0.86,166.15,Decreasing
05-08-2024 15:00,NODE_03,Sensor_Node_3_Residential_Border,66.66,94.35,2.413,453,41.95,14.55,22.7,37.1,67.3,2.1,157,Unhealthy,SE,1008.08,5.15,High,Low,Active,49.6,0.83,166.93,Stable
05-08-2024 16:00,NODE_03,Sensor_Node_3_Residential_Border,46.46,89.63,2.697,432.7,32.15,17.26,19.7,39.5,75.5,3,128,Unhealthy for Sensitive Groups,SW,1009.8,9.63,Low,High,Active,22.2,0.76,122.09,Decreasing
05-08-2024 17:00,NODE_03,Sensor_Node_3_Residential_Border,43.97,89.11,2.732,429.6,40.38,12.12,16.94,36.8,76.6,5,122,Unhealthy for Sensitive Groups,SE,1008.54,9,Medium,Low,Active,22.3,0.77,109.91,Stable
05-08-2024 18:00,NODE_03,Sensor_Node_3_Residential_Border,54.96,112.21,2.481,456,36.93,18.9,20.12,34,85.4,4.1,149,Unhealthy for Sensitive Groups,SW,1008.49,3.52,Low,Peak,Active,88.3,0.9,138.73,Stable
05-08-2024 19:00,NODE_03,Sensor_Node_3_Residential_Border,43.53,96.49,2.642,481.6,40.62,17.51,15.42,33.6,66.4,4.2,121,Unhealthy for Sensitive Groups,NE,1010.25,1.59,High,Peak,Active,37.5,0.95,124.39,Decreasing
05-08-2024 20:00,NODE_03,Sensor_Node_3_Residential_Border,31.82,82.82,3.355,484.2,41.42,20.57,21.54,31,72.6,1.6,92,Moderate,W,1000.91,2.7,Low,Normal,Active,69.2,0.77,94.77,Stable
05-08-2024 21:00,NODE_03,Sensor_Node_3_Residential_Border,53.58,118.97,3.264,455.8,30.95,15.68,16.48,32.2,72.7,6.1,146,Unhealthy for Sensitive Groups,N,1011.11,4.59,Medium,Normal,Active,47.9,0.91,148.76,Stable
05-08-2024 22:00,NODE_03,Sensor_Node_3_Residential_Border,54.34,82.18,2.806,464,36.12,10.39,19.35,27.6,76.2,4,147,Unhealthy for Sensitive Groups,NW,1007.49,4.47,Low,Normal,Maintenance,88.4,0.93,152.67,Stable
05-08-2024 23:00,NODE_03,Sensor_Node_3_Residential_Border,31.04,76.93,2.012,423.2,16.97,7.51,16.18,28.3,80.2,4.2,91,Moderate,S,1007.71,7.06,Low,Peak,Active,88.2,0.88,84.06,Stable
06-08-2024 00:00,NODE_03,Sensor_Node_3_Residential_Border,30.95,63.21,1.422,448.1,16.8,8.36,20.36,25.4,73.7,3.9,91,Moderate,S,1018.47,4.61,Medium,Low,Active,77.5,0.96,84.7,Increasing
06-08-2024 01:00,NODE_03,Sensor_Node_3_Residential_Border,35.36,67.46,1.9,442,34.86,14.07,27.61,30.1,78.9,2.6,100,Moderate,E,1015.74,3.84,Low,Normal,Active,21.4,0.8,105.25,Increasing
06-08-2024 02:00,NODE_03,Sensor_Node_3_Residential_Border,40.62,66.71,3.169,423.4,27.55,19.25,24.26,30.8,69.5,4.9,114,Unhealthy for Sensitive Groups,NW,1001.82,2.32,Medium,Normal,Active,38.5,0.82,107.77,Increasing
06-08-2024 03:00,NODE_03,Sensor_Node_3_Residential_Border,17.87,29.83,1.741,464,14.78,6.99,24.27,28.8,66.8,3.9,63,Moderate,N,1006.89,9.14,High,Normal,Active,40.3,0.99,66.45,Decreasing
06-08-2024 04:00,NODE_03,Sensor_Node_3_Residential_Border,12.08,24.31,0.819,414,28.22,3.91,30.63,28.6,82.3,1.1,500,Hazardous,NE,1006.46,4.28,High,Peak,Active,85.7,0.88,481.93,Stable
06-08-2024 05:00,NODE_03,Sensor_Node_3_Residential_Border,33.19,33.09,1.323,446.3,16.53,4.75,21.03,34.1,66.3,1.7,95,Moderate,S,1017.54,2.6,High,Low,Active,73.3,0.71,92.21,Decreasing
06-08-2024 06:00,NODE_03,Sensor_Node_3_Residential_Border,57.1,85.2,3.585,488.2,54.98,19.78,11.7,36.5,58.9,3.1,152,Unhealthy,SW,1009.63,5.88,Low,Peak,Active,82.7,0.91,144.73,Increasing
06-08-2024 07:00,NODE_03,Sensor_Node_3_Residential_Border,65.83,115.9,4.328,490.8,36.82,18.56,16.43,36.7,74,7.4,156,Unhealthy,SW,1016.26,3.04,High,Normal,Active,20.7,0.91,151.75,Stable
06-08-2024 08:00,NODE_03,Sensor_Node_3_Residential_Border,56.23,117,4.25,452.9,45.3,19.35,12.46,35.7,68.9,1.8,151,Unhealthy,SW,1011.74,9.62,Low,Normal,Active,80.4,0.72,148.52,Increasing
06-08-2024 09:00,NODE_03,Sensor_Node_3_Residential_Border,65.9,99.41,3.368,478,45.07,23.15,18.39,38.4,62.2,4.1,156,Unhealthy,W,1008.1,1.94,High,Peak,Active,92.4,0.91,154.34,Decreasing
06-08-2024 10:00,NODE_03,Sensor_Node_3_Residential_Border,51.21,122.65,4.368,436.2,51.36,19.61,23.47,40,81.4,3.1,140,Unhealthy for Sensitive Groups,SE,1010.09,5.51,Low,Normal,Active,57.4,0.86,153.09,Stable
06-08-2024 11:00,NODE_03,Sensor_Node_3_Residential_Border,77.92,116.06,4.156,497.5,49.78,18.59,12.96,37.4,66,2.1,163,Unhealthy,N,1000.77,6.15,High,Peak,Active,64.1,0.93,157.5,Stable
06-08-2024 12:00,NODE_03,Sensor_Node_3_Residential_Border,76.09,146.16,3.12,447.1,45.79,16.61,13.82,38,69.1,2.4,162,Unhealthy,W,1012.43,3.4,Low,Normal,Fault,77.1,0.7,159.92,Stable
06-08-2024 13:00,NODE_03,Sensor_Node_3_Residential_Border,63.26,105.93,5.009,473.4,53.66,18.3,16.95,38,66.9,4.5,155,Unhealthy,SE,1013.75,7.48,Low,Normal,Active,81.7,0.8,145.18,Decreasing
06-08-2024 14:00,NODE_03,Sensor_Node_3_Residential_Border,55.92,122.28,3.966,481.5,57.21,20.76,14.97,38.4,61.9,5.1,151,Unhealthy,SW,1010.33,9.38,Medium,High,Active,35.4,0.85,157.3,Increasing
06-08-2024 15:00,NODE_03,Sensor_Node_3_Residential_Border,51.58,93.04,3.167,454.2,42.41,18.01,15.16,37.8,59.8,4,141,Unhealthy for Sensitive Groups,SE,1015.63,3.33,High,Low,Active,54.2,0.97,136.39,Increasing
06-08-2024 16:00,NODE_03,Sensor_Node_3_Residential_Border,41.25,77.55,3.672,472.9,33.41,12.49,7.21,33.3,67.7,6.9,115,Unhealthy for Sensitive Groups,S,1016.02,6.26,Medium,High,Active,49,0.95,117.97,Increasing
06-08-2024 17:00,NODE_03,Sensor_Node_3_Residential_Border,62.26,106.05,3.467,432.7,50.06,19.8,11.06,33.2,75.3,2.2,154,Unhealthy,W,1016.37,6.35,High,High,Active,76.8,0.92,157.31,Decreasing
06-08-2024 18:00,NODE_03,Sensor_Node_3_Residential_Border,48.84,98.01,3.162,469.2,30.29,17.22,20.19,34.3,72.2,5.1,134,Unhealthy for Sensitive Groups,W,1020.02,6.5,Medium,Peak,Active,80.2,0.74,145.14,Increasing
06-08-2024 19:00,NODE_03,Sensor_Node_3_Residential_Border,46.86,95.9,2.188,462.4,50.61,18.13,13.81,32.5,68.6,3.2,129,Unhealthy for Sensitive Groups,NE,1006.76,7.27,High,High,Active,77.5,0.76,133.89,Stable
06-08-2024 20:00,NODE_03,Sensor_Node_3_Residential_Border,45.32,106.31,2.915,466,51.21,12.37,26.24,31.1,83,2.6,125,Unhealthy for Sensitive Groups,NE,1010.91,1.07,Low,Normal,Active,88.6,0.98,114.76,Decreasing
06-08-2024 21:00,NODE_03,Sensor_Node_3_Residential_Border,62.36,64.92,2.902,440.3,35.14,17.54,20.53,30.2,76.4,4.5,155,Unhealthy,NE,1010.34,2.6,Low,High,Active,91.7,0.73,160.67,Decreasing
06-08-2024 22:00,NODE_03,Sensor_Node_3_Residential_Border,50.94,75.86,2.712,453.3,44.77,23.34,15.2,27.9,84.7,6,139,Unhealthy for Sensitive Groups,S,1015.23,5.31,Medium,Peak,Active,94.3,0.89,130.55,Stable
06-08-2024 23:00,NODE_03,Sensor_Node_3_Residential_Border,44.11,72.46,1.642,446,35.17,7.31,25.39,30.8,85.2,2.4,122,Unhealthy for Sensitive Groups,NW,1004.55,3.49,Medium,High,Active,45.4,0.83,133.14,Stable
07-08-2024 00:00,NODE_03,Sensor_Node_3_Residential_Border,31.58,77.94,1.692,433.4,29.1,10.95,10.81,30.7,76.7,2.4,92,Moderate,W,1008.11,7.58,Low,Normal,Active,24,0.72,99.35,Stable
07-08-2024 01:00,NODE_03,Sensor_Node_3_Residential_Border,41.54,59.33,1.844,447.9,34.88,11.39,23.95,32.2,81.3,2.6,116,Unhealthy for Sensitive Groups,SW,1006.63,2.18,Medium,Normal,Active,27.5,0.78,119.59,Increasing
07-08-2024 02:00,NODE_03,Sensor_Node_3_Residential_Border,48.14,61.69,2.462,420.1,43.62,10.08,25.02,33.2,77,3.6,132,Unhealthy for Sensitive Groups,E,1012.61,5.49,Medium,Low,Active,34.3,0.87,130.58,Decreasing
07-08-2024 03:00,NODE_03,Sensor_Node_3_Residential_Border,26.61,30.59,0.851,417.1,2.59,5.95,22.93,32.1,78,5.2,82,Moderate,NE,1011.69,6.58,High,Normal,Active,68.3,0.93,79.1,Decreasing
07-08-2024 04:00,NODE_03,Sensor_Node_3_Residential_Border,8.09,10,0.482,423,5.91,1,17.37,31.8,73.5,5.1,34,Good,SE,1008.34,2.78,High,Normal,Active,61,0.91,37.14,Stable
07-08-2024 05:00,NODE_03,Sensor_Node_3_Residential_Border,16.36,39.47,0.961,438.1,16.93,1,35.13,31.7,72.9,0.9,60,Moderate,W,994.12,8.27,High,Peak,Maintenance,99.4,0.9,58.66,Decreasing
07-08-2024 06:00,NODE_03,Sensor_Node_3_Residential_Border,209.25,383.89,12.228,489.2,47.15,32.68,25.47,36.2,58.4,0.9,259,Very Unhealthy,SE,1007.86,9.45,High,Normal,Active,49,0.99,265.5,Increasing
07-08-2024 07:00,NODE_03,Sensor_Node_3_Residential_Border,67.49,129.36,4.741,438.3,43.86,26.58,19,35.7,74.6,5.3,157,Unhealthy,SW,998.76,7.86,High,High,Active,96.8,0.88,145.53,Stable
07-08-2024 08:00,NODE_03,Sensor_Node_3_Residential_Border,66.77,120.74,3.677,464.9,49.73,19.97,18.34,36.4,57.8,4.3,157,Unhealthy,E,1009.4,5.2,Low,High,Active,29.2,0.87,145.58,Stable
07-08-2024 09:00,NODE_03,Sensor_Node_3_Residential_Border,64.37,109.99,3.888,467.6,59.66,16.82,12.08,35.6,67.8,3.4,156,Unhealthy,N,1007.94,6.73,Medium,High,Active,67.7,0.96,150.79,Stable
07-08-2024 10:00,NODE_03,Sensor_Node_3_Residential_Border,69.32,122.2,4.891,462.8,56.39,23.93,23.7,38.5,63.7,6.5,158,Unhealthy,S,1013,8.36,Low,Normal,Active,50.7,0.77,150.88,Increasing
07-08-2024 11:00,NODE_03,Sensor_Node_3_Residential_Border,69.39,104.94,3.606,468.8,49.1,18.02,5,38.3,68.4,3.8,158,Unhealthy,S,1011.18,2.91,Low,Normal,Active,37.4,0.74,158.52,Decreasing
07-08-2024 12:00,NODE_03,Sensor_Node_3_Residential_Border,53.71,135.74,5.086,500.7,47.95,23.41,12.14,37,76.3,1.8,146,Unhealthy for Sensitive Groups,SE,1007.34,7.74,Low,Peak,Active,62,0.94,152.27,Decreasing
07-08-2024 13:00,NODE_03,Sensor_Node_3_Residential_Border,71.59,93.37,4.367,476.6,48.31,28.55,18.97,36.6,54.6,1.8,159,Unhealthy,NW,1014.41,4.31,High,Normal,Active,25.7,0.79,161.45,Decreasing
07-08-2024 14:00,NODE_03,Sensor_Node_3_Residential_Border,64.89,110.9,4.555,484.2,49.73,21.11,17.44,39.4,67.3,2.8,156,Unhealthy,NE,1000.97,3.78,Low,Peak,Active,47.5,0.82,161.77,Decreasing
07-08-2024 15:00,NODE_03,Sensor_Node_3_Residential_Border,48.2,74.42,3.243,466.4,48.66,16.44,23.56,39.2,68.2,3.1,132,Unhealthy for Sensitive Groups,NE,1007.6,6.33,High,Low,Maintenance,49.6,0.87,142.77,Decreasing
07-08-2024 16:00,NODE_03,Sensor_Node_3_Residential_Border,48.96,132.42,3.038,483.4,44.72,18.49,24.94,36.2,68.5,3.8,134,Unhealthy for Sensitive Groups,W,999.94,8.51,High,High,Active,69.5,0.99,132.52,Stable
07-08-2024 17:00,NODE_03,Sensor_Node_3_Residential_Border,52.43,81.96,3.177,458.6,44.57,17.23,17.06,35.7,72.4,2.8,143,Unhealthy for Sensitive Groups,E,1006.79,3.31,Low,High,Fault,81,0.86,135.1,Decreasing
07-08-2024 18:00,NODE_03,Sensor_Node_3_Residential_Border,62.96,125.6,2.218,473.1,41.06,14.91,16.26,32.6,63.8,3.1,155,Unhealthy,NW,1011.7,3.88,Low,Low,Active,26.3,0.74,141,Increasing
07-08-2024 19:00,NODE_03,Sensor_Node_3_Residential_Border,55.88,93.6,2.76,441.5,40.47,13.16,24.02,32.1,68.5,3.1,151,Unhealthy,N,1003.93,8.75,Low,High,Active,64.9,1,164.01,Increasing
07-08-2024 20:00,NODE_03,Sensor_Node_3_Residential_Border,43.24,78.85,2.975,455.3,37.11,22.63,19.45,31.9,71.4,1.6,120,Unhealthy for Sensitive Groups,NE,1012.36,1.64,High,High,Active,39.8,0.76,114.44,Decreasing
07-08-2024 21:00,NODE_03,Sensor_Node_3_Residential_Border,44.39,73.57,3.611,474.9,37.7,22.55,21.35,29.6,67.5,5.2,123,Unhealthy for Sensitive Groups,NE,1001.39,4.17,Low,Normal,Active,95.2,0.83,133.17,Stable
07-08-2024 22:00,NODE_03,Sensor_Node_3_Residential_Border,42.46,83.84,3.499,486.5,40.91,17.51,16.14,32.8,80.5,1.9,118,Unhealthy for Sensitive Groups,NW,1006.96,9.82,High,Normal,Active,20.5,0.72,118.74,Stable
07-08-2024 23:00,NODE_03,Sensor_Node_3_Residential_Border,32.87,55.08,2.08,431.9,23.91,7.36,17.31,29.3,69.7,5,95,Moderate,SE,1005.93,3.9,Low,High,Active,79,0.76,104.46,Increasing
08-08-2024 00:00,NODE_03,Sensor_Node_3_Residential_Border,43.92,43.67,2.113,459.3,38.17,10.66,25.87,29.4,91.5,3.2,122,Unhealthy for Sensitive Groups,SW,1023.42,3.19,High,Peak,Active,64.1,0.84,120.57,Stable
08-08-2024 01:00,NODE_03,Sensor_Node_3_Residential_Border,27.92,50.74,1.95,455.6,31.58,12.82,20.68,26.4,78.7,0.7,84,Moderate,NW,1004.29,9.58,Low,Low,Active,93.1,0.85,85.63,Increasing
08-08-2024 02:00,NODE_03,Sensor_Node_3_Residential_Border,34.51,63.22,1.509,459.5,34.1,8.3,21.7,33,78,3.3,98,Moderate,NE,1009.06,3.19,High,Low,Active,36.2,0.72,105.7,Stable
08-08-2024 03:00,NODE_03,Sensor_Node_3_Residential_Border,5,58.13,0.355,425.8,5.13,8.92,23.17,27.1,73.9,1.9,53,Moderate,S,1016.55,3.75,Low,Low,Active,63.5,0.87,51.33,Increasing
08-08-2024 04:00,NODE_03,Sensor_Node_3_Residential_Border,15.6,33.93,1.051,440.3,11.74,5.74,25.06,31.4,78.4,0.6,58,Moderate,NE,1018.88,7,Low,Low,Active,47.6,0.93,55.13,Increasing
08-08-2024 05:00,NODE_03,Sensor_Node_3_Residential_Border,23.27,13.34,1.137,410.4,13.72,5.92,30.34,35,55.3,2.2,74,Moderate,NE,1003.79,2.15,Low,Normal,Active,24.3,0.7,70.19,Increasing
08-08-2024 06:00,NODE_03,Sensor_Node_3_Residential_Border,75.29,113.68,4.416,473.6,40.95,17.73,15.33,34.9,72.3,4.7,500,Hazardous,N,1015.65,5.34,Low,Low,Active,66.1,0.74,525.96,Increasing
08-08-2024 07:00,NODE_03,Sensor_Node_3_Residential_Border,67.42,116.04,3.864,474.3,47.49,20.2,18.41,36.2,75.7,4.2,157,Unhealthy,S,1008.82,2.28,High,High,Active,28.5,0.89,155.01,Decreasing
08-08-2024 08:00,NODE_03,Sensor_Node_3_Residential_Border,61.15,125.01,3.368,473,56.55,22.1,17.5,35.6,57.9,0.8,154,Unhealthy,E,1008.34,6.54,Medium,Peak,Active,83.5,0.89,140.88,Increasing
08-08-2024 09:00,NODE_03,Sensor_Node_3_Residential_Border,60.61,120.79,3.108,434.1,55.27,20.35,17.73,36,71.1,0.7,154,Unhealthy,S,1018.37,7.8,Low,Low,Active,67.7,0.93,150.12,Decreasing
08-08-2024 10:00,NODE_03,Sensor_Node_3_Residential_Border,76.86,134,3.516,461.4,51.59,29.08,10.24,35.7,72,1.8,162,Unhealthy,NW,1011.76,5.47,High,Low,Active,54.9,0.93,175.98,Increasing
08-08-2024 11:00,NODE_03,Sensor_Node_3_Residential_Border,60.67,118.93,3.585,450.9,51.42,16.75,18.28,37.5,58,6.4,154,Unhealthy,E,1010.34,8.68,Low,Peak,Active,92.9,0.82,154.61,Decreasing
08-08-2024 12:00,NODE_03,Sensor_Node_3_Residential_Border,68.4,117.9,2.664,468.1,50.47,21.97,6.91,38.5,69.1,2.3,158,Unhealthy,N,1021.47,3.88,High,Low,Active,37.9,0.76,146.88,Decreasing
08-08-2024 13:00,NODE_03,Sensor_Node_3_Residential_Border,58.5,115.8,3.221,444.6,65.1,21.58,14.44,36.9,63.7,3.2,153,Unhealthy,N,1013.58,6.22,Low,Low,Active,33,0.95,156.82,Increasing
08-08-2024 14:00,NODE_03,Sensor_Node_3_Residential_Border,85.09,119.49,3.362,473.9,54.24,24.06,13.79,40.2,59.2,1.2,166,Unhealthy,SW,1019.6,5.04,High,Normal,Active,54.9,0.86,178.19,Decreasing
08-08-2024 15:00,NODE_03,Sensor_Node_3_Residential_Border,55.52,94.66,3.7,465.5,42.23,9.2,23.01,36.2,71,0.6,151,Unhealthy,SW,1019.11,3.75,Medium,Normal,Active,33.2,0.99,162.97,Increasing
08-08-2024 16:00,NODE_03,Sensor_Node_3_Residential_Border,60.16,93.9,2.071,483.7,52.96,20.53,14.77,37.8,67.3,3.6,153,Unhealthy,SE,1015.6,4.05,High,Normal,Active,64.2,0.8,139.37,Increasing
08-08-2024 17:00,NODE_03,Sensor_Node_3_Residential_Border,52.26,58.26,3.176,479.5,30.77,21.19,10.05,34.7,73.7,0.9,142,Unhealthy for Sensitive Groups,N,1015.98,3.61,Medium,Normal,Active,75.4,0.97,128.75,Stable
08-08-2024 18:00,NODE_03,Sensor_Node_3_Residential_Border,50.78,107.69,2.365,472.9,40.69,13.87,20.59,33.9,80.9,1.3,139,Unhealthy for Sensitive Groups,NE,1006.22,2.68,High,High,Active,88.6,0.81,133.16,Increasing
08-08-2024 19:00,NODE_03,Sensor_Node_3_Residential_Border,57.47,93.25,2.784,457.1,49.04,16.14,11.17,33.7,78.3,3.4,152,Unhealthy,NW,1011.61,9.56,Low,High,Maintenance,41.9,0.91,141.66,Stable
08-08-2024 20:00,NODE_03,Sensor_Node_3_Residential_Border,50.63,94.85,3.267,466,23,14.99,20.79,33.6,71.2,5.1,138,Unhealthy for Sensitive Groups,W,1014.38,4.07,Medium,Peak,Active,73,0.8,138.83,Decreasing
08-08-2024 21:00,NODE_03,Sensor_Node_3_Residential_Border,49.48,87.86,3.005,473.6,35.15,20.74,25.49,30.6,73.7,0.9,135,Unhealthy for Sensitive Groups,S,1019.35,9.74,Medium,Normal,Fault,34.4,0.95,124.41,Increasing
08-08-2024 22:00,NODE_03,Sensor_Node_3_Residential_Border,52.1,70.62,3.5,488.1,35.61,10.7,23,29.9,73.2,3.4,142,Unhealthy for Sensitive Groups,E,1002.42,6.55,Low,Normal,Active,99.4,0.71,155.05,Increasing
08-08-2024 23:00,NODE_03,Sensor_Node_3_Residential_Border,38.62,50.7,1.712,425.8,31.39,5.71,31.24,29.6,65.1,3.7,109,Unhealthy for Sensitive Groups,S,1006.5,2.88,Medium,Peak,Maintenance,54.6,0.72,102.02,Increasing
09-08-2024 00:00,NODE_03,Sensor_Node_3_Residential_Border,50.39,70.68,2.347,419.9,40.66,15.18,22.41,30,81.2,0.3,138,Unhealthy for Sensitive Groups,S,1024.34,1.63,Low,Low,Active,65.7,0.76,147.42,Stable
09-08-2024 01:00,NODE_03,Sensor_Node_3_Residential_Border,33.2,81.55,2.706,445.6,28.34,4.33,12.14,31,83.2,5.6,95,Moderate,S,1013.08,7.3,Low,Low,Active,21.9,0.73,97.06,Decreasing
09-08-2024 02:00,NODE_03,Sensor_Node_3_Residential_Border,48.16,49.54,3.451,465.4,26.23,13.61,12.31,29.6,80.4,2.6,132,Unhealthy for Sensitive Groups,S,1011.6,7.52,High,Peak,Active,55.1,0.81,138.94,Decreasing
09-08-2024 03:00,NODE_03,Sensor_Node_3_Residential_Border,17,26.86,0.392,456.1,14.46,5.43,24.33,29.9,83.4,5.3,61,Moderate,S,1011.83,4.56,Medium,Normal,Active,40.7,0.94,57.06,Increasing
09-08-2024 04:00,NODE_03,Sensor_Node_3_Residential_Border,21.16,16.44,1.958,456.8,12.35,4.2,28.2,33.7,85.5,4.8,70,Moderate,NW,1014.91,6.38,Low,Peak,Active,28.8,0.85,69.73,Decreasing
09-08-2024 05:00,NODE_03,Sensor_Node_3_Residential_Border,21.66,10,0.745,435,2,6.12,20.94,35.3,71.8,2,71,Moderate,SW,1016.9,8.73,Medium,Normal,Active,49.3,0.84,74.91,Stable
09-08-2024 06:00,NODE_03,Sensor_Node_3_Residential_Border,65.96,125.1,3.668,469.4,55.99,21.63,19.28,33.3,74.1,2.2,156,Unhealthy,W,1017.37,8.99,High,Low,Active,45.2,0.76,144.77,Decreasing
09-08-2024 07:00,NODE_03,Sensor_Node_3_Residential_Border,76.47,121.78,3.263,452.4,53.84,17.72,10.45,35,66.8,6.2,162,Unhealthy,N,1007.42,3.02,Medium,High,Active,46.7,0.74,157.94,Stable
09-08-2024 08:00,NODE_03,Sensor_Node_3_Residential_Border,52.96,121.78,4.333,485.3,44.11,23.24,13.53,34.1,64.5,5.6,144,Unhealthy for Sensitive Groups,SW,1020.63,3.13,Medium,Peak,Active,61.1,0.79,147.39,Increasing
09-08-2024 09:00,NODE_03,Sensor_Node_3_Residential_Border,43.45,99.2,3.107,472.7,52.44,14.84,20.14,35.9,61.3,5.7,121,Unhealthy for Sensitive Groups,S,1019.18,6.38,Low,Normal,Active,51.9,0.96,109.91,Increasing
09-08-2024 10:00,NODE_03,Sensor_Node_3_Residential_Border,51.68,102.79,3.77,486.9,49.66,20.34,18.9,37.7,57.8,2.4,141,Unhealthy for Sensitive Groups,S,1008.01,7.46,Medium,Peak,Active,53,0.73,141.99,Stable
09-08-2024 11:00,NODE_03,Sensor_Node_3_Residential_Border,62.51,107.35,3.437,495.4,50.08,23.51,15.41,39.1,65.7,2.7,155,Unhealthy,E,1014.95,2.77,Low,High,Active,38.8,0.8,164.52,Stable
09-08-2024 12:00,NODE_03,Sensor_Node_3_Residential_Border,66.8,117.66,3.992,449.5,45.34,17.43,18.44,39.4,56.1,0.6,157,Unhealthy,S,1014.62,1.01,Low,Peak,Active,31.5,0.91,149.31,Decreasing
09-08-2024 13:00,NODE_03,Sensor_Node_3_Residential_Border,251.97,379.57,14.048,479.1,47.94,47.07,22.49,37.9,55.5,4.1,302,Hazardous,NW,1026.9,2.98,Low,High,Active,42.9,0.87,289.2,Decreasing
09-08-2024 14:00,NODE_03,Sensor_Node_3_Residential_Border,72.98,122.1,3.518,457.9,53.21,19.42,21.75,37,71.8,1.5,160,Unhealthy,W,1019.51,9.55,Medium,Low,Active,55,0.9,146.26,Decreasing
09-08-2024 15:00,NODE_03,Sensor_Node_3_Residential_Border,55.86,106.35,4.24,441.4,46.91,17.3,14.38,35.2,62.6,8.9,151,Unhealthy,NW,1006.81,4.98,Low,Low,Active,73.1,0.76,154.95,Stable
09-08-2024 16:00,NODE_03,Sensor_Node_3_Residential_Border,46.96,74.93,3.623,458,43.21,12.67,24.41,35.2,76.8,4.9,129,Unhealthy for Sensitive Groups,S,1005.09,9.37,Low,Normal,Active,71.1,0.89,130.79,Decreasing
09-08-2024 17:00,NODE_03,Sensor_Node_3_Residential_Border,56.38,77.82,3.255,457.7,33.53,13.01,22.51,36.8,64.2,1.7,151,Unhealthy,SW,996.81,9.58,High,Low,Maintenance,40.7,0.8,144.74,Stable
09-08-2024 18:00,NODE_03,Sensor_Node_3_Residential_Border,59.51,92.29,2.407,450.1,36.51,13.85,23.16,32.7,82.1,3.5,153,Unhealthy,NW,1016.06,6.69,High,High,Maintenance,49.3,0.96,158.59,Stable
09-08-2024 19:00,NODE_03,Sensor_Node_3_Residential_Border,59.7,86.08,2.379,476.1,34.31,22.28,11.47,31.7,70.3,0.3,153,Unhealthy,S,1007.06,1.56,High,High,Active,41.6,0.83,143.97,Increasing
09-08-2024 20:00,NODE_03,Sensor_Node_3_Residential_Border,57.37,84.45,2.801,470.1,48.54,16.1,13.42,34.2,74.1,1.7,152,Unhealthy,NW,1011.99,2.23,High,Normal,Active,69.1,0.89,149.4,Decreasing
09-08-2024 21:00,NODE_03,Sensor_Node_3_Residential_Border,56.15,84.59,3.489,479.6,36.73,15.71,24.55,34,79.7,3.8,151,Unhealthy,NE,1010.24,4.33,Low,High,Active,86.3,0.7,158.06,Stable
09-08-2024 22:00,NODE_03,Sensor_Node_3_Residential_Border,54.78,94.7,2.839,470.8,35.97,15.6,17.05,31.4,75.5,2.4,148,Unhealthy for Sensitive Groups,SW,1001.72,7.88,High,Low,Active,95.9,0.94,139.9,Decreasing
09-08-2024 23:00,NODE_03,Sensor_Node_3_Residential_Border,46.77,70.07,2.4,460.8,23.98,13.19,16.01,31.1,75.1,3,129,Unhealthy for Sensitive Groups,NE,1013.67,5.08,High,Peak,Active,85.3,0.97,135.2,Decreasing
10-08-2024 00:00,NODE_03,Sensor_Node_3_Residential_Border,26.73,81.66,2.003,459.8,19.77,7.04,18.46,32.1,74.4,1.5,82,Moderate,NE,1009.19,1.43,Low,Normal,Active,74.2,0.75,83.09,Increasing
10-08-2024 01:00,NODE_03,Sensor_Node_3_Residential_Border,30.36,39.03,1.863,466.9,21.4,8.02,23.77,29.9,75.7,4.1,89,Moderate,S,1005.87,5.73,Low,Peak,Active,32.6,0.88,92.76,Stable
10-08-2024 02:00,NODE_03,Sensor_Node_3_Residential_Border,21.79,31.53,1.408,463.9,24.97,7.81,18.73,33.9,72.8,4.5,71,Moderate,N,1013.87,1.11,Medium,Low,Active,73.3,0.89,77.57,Increasing
10-08-2024 03:00,NODE_03,Sensor_Node_3_Residential_Border,11.13,31.54,0.2,433.1,2,4.15,11.42,31.7,74.6,3.4,46,Good,NE,1008.67,9.23,Low,Peak,Active,98.2,0.86,45.31,Decreasing
10-08-2024 04:00,NODE_03,Sensor_Node_3_Residential_Border,11.34,10,1,427.5,11.18,2.31,24.31,34.4,71.7,1.5,47,Good,SE,1008.83,7.07,Low,High,Active,82,0.93,49.2,Stable
10-08-2024 05:00,NODE_03,Sensor_Node_3_Residential_Border,13.12,22.99,0.2,465.2,18.16,1,30.66,33.1,64.7,2.9,53,Moderate,NE,1012.56,9.44,Low,Peak,Active,82.5,0.71,57.1,Stable
10-08-2024 06:00,NODE_03,Sensor_Node_3_Residential_Border,56.17,107.22,2.641,451,45.68,10.32,14.32,35,79.9,6,151,Unhealthy,E,1012.33,6.01,High,Low,Fault,63.4,0.92,145.99,Increasing
10-08-2024 07:00,NODE_03,Sensor_Node_3_Residential_Border,135.84,162.3,5.049,439.5,34.61,39.65,22.03,35.5,84.6,5.3,192,Unhealthy,N,1013.1,4.46,Medium,Peak,Active,95.7,0.84,200.6,Increasing
10-08-2024 08:00,NODE_03,Sensor_Node_3_Residential_Border,54.03,96.39,2.614,486.8,39.08,19.39,22.33,34.3,70.7,1.7,147,Unhealthy for Sensitive Groups,W,1018.45,8.17,High,Normal,Active,99.7,0.78,143.16,Decreasing
10-08-2024 09:00,NODE_03,Sensor_Node_3_Residential_Border,31.79,82.29,2.381,466.1,39.75,17.56,17.38,38,71.6,2.8,92,Moderate,NW,1007.15,4.87,Low,Peak,Active,97.4,0.73,95.66,Stable
10-08-2024 10:00,NODE_03,Sensor_Node_3_Residential_Border,36.88,76.95,2.021,462.4,35.91,12.01,14.86,37.1,64.2,3.8,104,Unhealthy for Sensitive Groups,SW,1012.11,9.41,Low,Peak,Active,87.3,0.8,104.34,Decreasing
10-08-2024 11:00,NODE_03,Sensor_Node_3_Residential_Border,34.13,87.42,2.967,461.5,33.99,10.92,15.33,37.8,57.9,0.4,97,Moderate,E,1005.67,7.68,Medium,Peak,Active,70.8,0.9,88.72,Decreasing
10-08-2024 12:00,NODE_03,Sensor_Node_3_Residential_Border,43.96,66.67,2.629,464.8,35.18,16.83,9.73,37.5,62.1,2.9,122,Unhealthy for Sensitive Groups,E,1012.32,1.8,Low,Peak,Maintenance,38.8,0.7,118.86,Decreasing
10-08-2024 13:00,NODE_03,Sensor_Node_3_Residential_Border,52.33,79.76,1.759,474.5,30.95,19.47,14.86,36.6,58.1,0.9,142,Unhealthy for Sensitive Groups,NE,1017.35,7.97,High,Low,Active,35.8,0.78,130.9,Decreasing
10-08-2024 14:00,NODE_03,Sensor_Node_3_Residential_Border,52.64,82.97,2.446,480.3,44.96,9.4,12.82,40.4,62.3,2.9,143,Unhealthy for Sensitive Groups,E,1011.14,8.24,Medium,High,Active,87.3,0.89,128.83,Decreasing
10-08-2024 15:00,NODE_03,Sensor_Node_3_Residential_Border,39.62,68.93,1.85,490.9,23.11,7.41,22.84,37.9,68.7,0.6,111,Unhealthy for Sensitive Groups,E,1015.26,1.3,High,Normal,Active,45.2,0.87,101.6,Decreasing
10-08-2024 16:00,NODE_03,Sensor_Node_3_Residential_Border,28.44,50.8,2.153,454.5,15.77,9.55,17.34,36.8,70.8,3.7,85,Moderate,N,1027.69,1.38,High,Peak,Active,75.8,0.98,88.37,Stable
10-08-2024 17:00,NODE_03,Sensor_Node_3_Residential_Border,48.36,68.17,2.136,452.9,21.42,11.07,9.46,33.6,64.6,4.7,133,Unhealthy for Sensitive Groups,NE,1017.45,2.14,Low,High,Active,24.6,0.91,121.87,Decreasing
10-08-2024 18:00,NODE_03,Sensor_Node_3_Residential_Border,25.74,40.97,1.265,475.8,32.61,13.83,25.92,36.7,66,2.7,80,Moderate,N,1007.98,7.86,Medium,Low,Active,93.8,0.85,87.22,Stable
10-08-2024 19:00,NODE_03,Sensor_Node_3_Residential_Border,31.16,55.77,2.478,451.9,31.33,3.23,19.82,32.3,72.2,3.7,91,Moderate,S,1012.88,9.86,High,Peak,Active,95.7,0.78,90.59,Increasing
10-08-2024 20:00,NODE_03,Sensor_Node_3_Residential_Border,34.87,61.32,3.028,441.6,27.19,8.51,14.75,32.5,73.3,2.8,99,Moderate,NE,1009.49,8.39,Low,Peak,Maintenance,87,0.98,96.24,Increasing
10-08-2024 21:00,NODE_03,Sensor_Node_3_Residential_Border,50.15,37.71,1.851,477.1,20,17.65,21.31,29.4,72.3,4.5,137,Unhealthy for Sensitive Groups,E,1010.16,7.53,Medium,Normal,Active,65.5,0.73,147.19,Stable
10-08-2024 22:00,NODE_03,Sensor_Node_3_Residential_Border,30.17,48,1.424,447.8,23.54,16.43,20.59,31.3,79.3,2.4,89,Moderate,SW,1013.62,4.94,Low,Peak,Maintenance,75.5,0.99,90.38,Stable
10-08-2024 23:00,NODE_03,Sensor_Node_3_Residential_Border,19.37,39.76,1.687,492.4,15.7,1.91,22.25,31.2,75.2,0.6,66,Moderate,NE,1012.04,6.95,Medium,Normal,Active,60.2,0.77,68.36,Increasing
11-08-2024 00:00,NODE_03,Sensor_Node_3_Residential_Border,20.99,26.66,1.666,482.4,31.64,9.63,18.72,30.6,76.1,4.6,70,Moderate,SW,1011.75,3.63,Medium,Low,Active,72.8,0.85,75.36,Stable
11-08-2024 01:00,NODE_03,Sensor_Node_3_Residential_Border,20.62,41.81,1.397,442.6,25.2,11.83,15.42,29.9,84.4,4.4,69,Moderate,NE,1019.51,5.53,Medium,Low,Active,53,0.84,68.99,Increasing
11-08-2024 02:00,NODE_03,Sensor_Node_3_Residential_Border,31.23,69.05,1.342,460,24.79,12.73,22.57,32.2,73.4,4.7,91,Moderate,W,1008.49,4.34,Medium,High,Maintenance,96.6,0.72,82.05,Decreasing
11-08-2024 03:00,NODE_03,Sensor_Node_3_Residential_Border,10.28,10,0.489,413.2,10.51,7.45,27.82,32.3,76.8,1.4,43,Good,S,1012.11,4.3,Medium,High,Active,46.7,0.94,40.43,Increasing
11-08-2024 04:00,NODE_03,Sensor_Node_3_Residential_Border,5,10,0.292,444.9,2,1,22.65,33.9,74.8,1.5,21,Good,W,1009.67,1.92,Low,Normal,Active,54.5,0.76,23.01,Stable
11-08-2024 05:00,NODE_03,Sensor_Node_3_Residential_Border,11.8,24.27,1.321,430,2,4.02,32.2,33.9,74.8,2.1,49,Good,NW,1018.61,5.46,High,Normal,Active,67.4,0.73,52.02,Increasing
11-08-2024 06:00,NODE_03,Sensor_Node_3_Residential_Border,119.49,382.1,11.077,457.7,34.11,43.73,24.3,33.9,76.4,3.4,240,Very Unhealthy,N,1023.32,2.88,Low,High,Active,26.9,0.83,231.41,Stable
11-08-2024 07:00,NODE_03,Sensor_Node_3_Residential_Border,58.85,70.57,2.224,487.9,26.39,12.2,16.9,34.4,65.3,3.9,153,Unhealthy,NE,1008.1,6.05,Low,Low,Active,80,0.92,139.29,Decreasing
11-08-2024 08:00,NODE_03,Sensor_Node_3_Residential_Border,45.08,46.54,3.067,435.1,35.06,23.25,20.64,35.6,66,3.6,125,Unhealthy for Sensitive Groups,W,1020.71,3.8,High,High,Active,34,0.98,117.23,Increasing
11-08-2024 09:00,NODE_03,Sensor_Node_3_Residential_Border,42.15,74.75,3.019,445.9,28.72,12.08,21.64,37.2,82.6,1.9,117,Unhealthy for Sensitive Groups,SW,1013.2,2.63,High,Peak,Maintenance,74.6,0.87,127.66,Stable
11-08-2024 10:00,NODE_03,Sensor_Node_3_Residential_Border,50.68,64.53,2.29,467.6,35.08,14.93,17.09,36,66.8,2.1,138,Unhealthy for Sensitive Groups,NE,1012.65,8.22,High,High,Active,33.1,0.95,125.79,Stable
11-08-2024 11:00,NODE_03,Sensor_Node_3_Residential_Border,45.4,35.59,3.057,479.2,23.43,8.14,19.31,37.4,57.7,2.7,125,Unhealthy for Sensitive Groups,SW,1014.47,7.11,Medium,Low,Active,74.4,0.76,118.76,Decreasing
11-08-2024 12:00,NODE_03,Sensor_Node_3_Residential_Border,36.83,67.1,2.535,487.8,36.79,14.94,23.07,36.6,65.6,7.5,104,Unhealthy for Sensitive Groups,W,1013.32,8.96,Low,Peak,Active,73.9,0.82,106.11,Stable
11-08-2024 13:00,NODE_03,Sensor_Node_3_Residential_Border,38.07,72.24,2.473,457.5,30.14,16.73,15.45,33.5,70.4,1.7,107,Unhealthy for Sensitive Groups,SE,1006.26,6.48,Low,High,Active,53.8,0.87,114.88,Stable
11-08-2024 14:00,NODE_03,Sensor_Node_3_Residential_Border,55.06,70.62,3.002,469.8,29.36,15.59,13.39,37.2,57.4,2.9,149,Unhealthy for Sensitive Groups,NE,1011.56,2.55,High,Low,Active,43.4,0.79,134.56,Stable
11-08-2024 15:00,NODE_03,Sensor_Node_3_Residential_Border,31.89,66.32,2.023,474.9,40.05,10.79,18.78,35.8,56.4,5.8,93,Moderate,N,1010.68,4.96,High,Normal,Active,93.7,0.87,94.07,Stable
11-08-2024 16:00,NODE_03,Sensor_Node_3_Residential_Border,34.46,47.82,1.513,435.4,25.46,7.22,24.19,37.1,75.3,5,98,Moderate,SE,1010.83,8.4,Low,Low,Maintenance,75.6,0.71,99.34,Stable
11-08-2024 17:00,NODE_03,Sensor_Node_3_Residential_Border,44.53,55.68,1.874,454.6,20.46,10.67,17.77,36,69.1,0.6,123,Unhealthy for Sensitive Groups,SW,1009.67,9.8,Low,High,Maintenance,60,0.92,114.74,Increasing
11-08-2024 18:00,NODE_03,Sensor_Node_3_Residential_Border,29.98,68.95,1.545,455.8,30.83,14.53,24.98,34.6,72.7,4.1,89,Moderate,E,1011.1,7.41,Medium,Low,Active,28.9,0.92,89.98,Decreasing
11-08-2024 19:00,NODE_03,Sensor_Node_3_Residential_Border,47.05,61.08,0.92,487,20.54,22.63,19.17,31.5,78.4,5.6,129,Unhealthy for Sensitive Groups,NW,1013.24,2.29,High,Normal,Active,86.3,0.97,130.56,Stable
11-08-2024 20:00,NODE_03,Sensor_Node_3_Residential_Border,31.23,60.19,2.275,460.1,26.3,9.24,7.63,32.6,78.4,1.9,91,Moderate,E,1009.06,7.28,High,High,Active,27.4,0.95,88.1,Increasing
11-08-2024 21:00,NODE_03,Sensor_Node_3_Residential_Border,50.77,30.62,0.831,459.1,30.58,12.94,20.06,33.3,78.6,2.1,139,Unhealthy for Sensitive Groups,NE,1020.03,9.89,Low,High,Active,21.4,0.71,147.81,Decreasing
11-08-2024 22:00,NODE_03,Sensor_Node_3_Residential_Border,38,62.24,1.976,449.8,19.91,17.97,13.79,29.7,77.5,1.3,107,Unhealthy for Sensitive Groups,N,1018.2,7.12,Medium,High,Active,84.4,0.76,116.87,Decreasing
11-08-2024 23:00,NODE_03,Sensor_Node_3_Residential_Border,28.68,47.84,0.697,454.2,27.51,9.52,31.15,32.3,75.8,1.5,86,Moderate,NE,1009.65,6.88,Low,High,Maintenance,24.4,0.79,83.74,Stable
12-08-2024 00:00,NODE_03,Sensor_Node_3_Residential_Border,40.03,73.39,2.899,447.3,24.97,17.5,15.01,30.7,79.4,4.7,112,Unhealthy for Sensitive Groups,E,1013.66,9.29,Low,High,Active,82.1,0.89,117.04,Increasing
12-08-2024 01:00,NODE_03,Sensor_Node_3_Residential_Border,40.59,73.34,2.526,460.2,20.48,8.8,16.99,30.3,72.8,2.5,114,Unhealthy for Sensitive Groups,NE,1011.7,8.18,Low,Low,Active,67,0.92,112.8,Decreasing
12-08-2024 02:00,NODE_03,Sensor_Node_3_Residential_Border,47.45,81.84,2.628,458,30.27,14.08,20.95,30.7,78.7,3.2,130,Unhealthy for Sensitive Groups,NE,1013.67,7.97,High,Peak,Active,28.3,0.84,119.12,Stable
12-08-2024 03:00,NODE_03,Sensor_Node_3_Residential_Border,14.2,30.1,0.2,441.6,15.2,1,33.8,31.1,90.1,3.6,55,Moderate,NW,1010.67,8.36,Medium,Normal,Active,39.2,1,59.12,Stable
12-08-2024 04:00,NODE_03,Sensor_Node_3_Residential_Border,16.93,31.47,1.292,434.3,17.35,5.12,16.42,31.3,77.8,2.8,61,Moderate,E,1014.45,1.8,Medium,Low,Active,86.1,1,66.7,Decreasing
12-08-2024 05:00,NODE_03,Sensor_Node_3_Residential_Border,19.57,34.06,1.31,437.2,7.09,7.17,20.09,32.3,72.6,1.8,67,Moderate,NW,1001.88,7.24,Low,Peak,Fault,48.9,0.92,68.24,Increasing
12-08-2024 06:00,NODE_03,Sensor_Node_3_Residential_Border,65.7,115.84,3.957,464.4,64.22,22.33,13.86,34.5,68.2,4,156,Unhealthy,W,1005.21,8.68,High,High,Active,62,0.71,165.86,Increasing
12-08-2024 07:00,NODE_03,Sensor_Node_3_Residential_Border,73.71,127.98,4.591,430,43.24,24.42,13.11,37.3,69,3.5,160,Unhealthy,E,1009.3,8.36,Medium,Low,Active,94.1,0.95,146.47,Decreasing
12-08-2024 08:00,NODE_03,Sensor_Node_3_Residential_Border,65.31,104.25,4.003,465.9,44.81,15.93,16.48,37.5,70.8,1,156,Unhealthy,W,1002.23,2.31,High,High,Active,35.9,0.83,167.86,Decreasing
12-08-2024 09:00,NODE_03,Sensor_Node_3_Residential_Border,71.78,124.59,3.723,469.9,55.56,24.62,16.52,38.1,71,4.2,159,Unhealthy,SE,1011.55,3.87,Medium,Peak,Active,76,0.86,154.79,Decreasing
12-08-2024 10:00,NODE_03,Sensor_Node_3_Residential_Border,70.72,139.65,3.167,452.7,47.04,17.34,25.07,39.9,71.3,3.6,159,Unhealthy,NW,1006.06,5.59,Low,Normal,Active,69.7,0.88,149.25,Increasing
12-08-2024 11:00,NODE_03,Sensor_Node_3_Residential_Border,68.88,115.99,4.269,461.1,54.44,25.66,20.6,38.1,74.4,4.4,158,Unhealthy,SE,1008.99,3.47,Low,Low,Active,40.1,0.82,172.05,Increasing
12-08-2024 12:00,NODE_03,Sensor_Node_3_Residential_Border,59.05,117.91,4.129,469,55.74,25.74,7.06,40.3,62.9,4.1,153,Unhealthy,N,1011.9,3.16,Medium,Normal,Active,96.3,0.96,167.27,Stable
12-08-2024 13:00,NODE_03,Sensor_Node_3_Residential_Border,75.44,121.39,3.765,461,70.72,19.61,23.56,42.2,64.2,7.5,161,Unhealthy,SW,1015.97,8.23,High,Peak,Active,67.9,0.96,147.25,Stable
12-08-2024 14:00,NODE_03,Sensor_Node_3_Residential_Border,53.42,114.24,3.615,481.5,47.32,20.88,15.82,35.7,65.7,5.7,145,Unhealthy for Sensitive Groups,W,1015.13,8.14,Medium,Low,Active,91.2,0.88,158.78,Stable
12-08-2024 15:00,NODE_03,Sensor_Node_3_Residential_Border,52.29,81.62,3.251,479,38.72,17.24,17.16,39.5,64.1,1.8,142,Unhealthy for Sensitive Groups,W,1012.43,9.12,Low,High,Active,42.8,0.74,134.16,Decreasing
12-08-2024 16:00,NODE_03,Sensor_Node_3_Residential_Border,63.09,110.41,2.661,472.9,37.67,11.86,11.62,35.8,74.2,2,155,Unhealthy,SW,1011.38,6.05,High,High,Active,73.5,0.92,155.62,Decreasing
12-08-2024 17:00,NODE_03,Sensor_Node_3_Residential_Border,53.15,86.63,2.955,451.7,33.49,25.08,21.47,36.4,71.3,2.3,144,Unhealthy for Sensitive Groups,N,1011.25,5.45,High,Low,Active,23.5,0.94,132.68,Decreasing
12-08-2024 18:00,NODE_03,Sensor_Node_3_Residential_Border,203.34,254.84,8.463,459.1,41.32,35.6,7.72,33.5,71.8,1.4,500,Hazardous,E,1015.03,8.73,High,Peak,Active,71.2,0.79,468.46,Decreasing
12-08-2024 19:00,NODE_03,Sensor_Node_3_Residential_Border,49.12,96.13,3.367,446.3,41.36,20.92,13.35,30.5,67.9,1.2,135,Unhealthy for Sensitive Groups,W,1022.48,8.66,High,Peak,Active,72.6,0.85,126.47,Stable
12-08-2024 20:00,NODE_03,Sensor_Node_3_Residential_Border,57.02,84.81,2.453,481,32.06,16.6,22.08,33,77.5,3,152,Unhealthy,NW,1006.37,4.16,Low,Low,Active,68.4,0.94,145,Increasing
12-08-2024 21:00,NODE_03,Sensor_Node_3_Residential_Border,47.46,96.89,3.757,436.7,43.02,17.85,23.12,33.8,86.7,2,130,Unhealthy for Sensitive Groups,N,1010.77,6.08,Medium,Normal,Active,61.9,0.82,119.08,Stable
12-08-2024 22:00,NODE_03,Sensor_Node_3_Residential_Border,135.84,278.44,5.341,454,35.15,20.74,19.64,31.7,80.8,4.4,192,Unhealthy,NW,1003.35,9.42,Medium,Normal,Active,38.9,0.83,183.01,Stable
12-08-2024 23:00,NODE_03,Sensor_Node_3_Residential_Border,40.55,56.9,1.776,456.2,34.49,13.4,15,30.6,76.5,2.4,113,Unhealthy for Sensitive Groups,N,1024.4,1.55,Low,High,Active,72,0.91,105.87,Decreasing
13-08-2024 00:00,NODE_03,Sensor_Node_3_Residential_Border,46.24,80.08,2.012,460.7,33.92,12.29,26.78,28.1,75.4,1.7,127,Unhealthy for Sensitive Groups,W,1004.69,1.26,Low,Peak,Active,72.6,0.77,129.52,Stable
13-08-2024 01:00,NODE_03,Sensor_Node_3_Residential_Border,48.92,64.61,1.906,472.3,31.53,13.1,26.31,31.8,79.2,2.8,134,Unhealthy for Sensitive Groups,SE,1018.26,1.57,Low,Normal,Active,79,0.84,138.51,Decreasing
13-08-2024 02:00,NODE_03,Sensor_Node_3_Residential_Border,52.86,75.21,2.685,425.3,23.28,12.55,22.47,31,76.2,2,144,Unhealthy for Sensitive Groups,W,1002.18,3.53,High,Normal,Active,82.6,0.83,156.09,Increasing
13-08-2024 03:00,NODE_03,Sensor_Node_3_Residential_Border,11.45,58.57,0.883,414.3,7.57,1,30.2,31.9,75.5,1.1,53,Moderate,E,1007.01,8.58,Low,High,Active,26.4,0.72,52.17,Decreasing
13-08-2024 04:00,NODE_03,Sensor_Node_3_Residential_Border,15.35,22.91,0.2,442.6,12.64,7.79,29.54,33.6,75.9,2.8,58,Moderate,SE,1012.23,5.11,Low,Peak,Fault,55.1,0.98,58.34,Decreasing
13-08-2024 05:00,NODE_03,Sensor_Node_3_Residential_Border,17.62,46.94,1.503,418.9,7.82,1,29.46,28.9,57.6,1.8,63,Moderate,NE,1003.4,3.53,Medium,High,Active,40.8,0.77,67.57,Increasing
13-08-2024 06:00,NODE_03,Sensor_Node_3_Residential_Border,57.6,116.53,3.082,444.8,61.48,23.18,20.66,33.1,82.3,2.5,152,Unhealthy,E,1021.9,7.68,High,Low,Active,97,0.98,159.35,Increasing
13-08-2024 07:00,NODE_03,Sensor_Node_3_Residential_Border,41.37,101.15,4.429,504.3,51.39,23.84,5,35.8,66.5,1.6,500,Hazardous,S,1011.43,7.06,Low,Peak,Active,81.8,0.88,537.06,Increasing
13-08-2024 08:00,NODE_03,Sensor_Node_3_Residential_Border,57.34,107.98,3.754,492.2,39.3,17.45,22.02,34.1,57.8,2.7,152,Unhealthy,N,1025.34,1.17,Medium,Peak,Active,74.2,0.74,158.03,Increasing
13-08-2024 09:00,NODE_03,Sensor_Node_3_Residential_Border,84.84,110.88,4.532,470.4,52.61,24.56,20.21,38.2,76,1.7,166,Unhealthy,N,1013.85,1.89,Low,Normal,Active,76.6,0.87,181.09,Increasing
13-08-2024 10:00,NODE_03,Sensor_Node_3_Residential_Border,262.45,435.94,14.299,431.9,59.52,59.45,7.66,37.5,68.8,2.9,313,Hazardous,E,1001.65,3.49,High,Low,Active,51.3,0.86,307.62,Stable
13-08-2024 11:00,NODE_03,Sensor_Node_3_Residential_Border,73.12,140.57,2.657,475.6,51.56,23.02,13.21,37.9,59.6,3.9,160,Unhealthy,W,1001.83,8.5,Low,Normal,Active,56.2,0.9,165.69,Stable
13-08-2024 12:00,NODE_03,Sensor_Node_3_Residential_Border,79.13,103.17,3.975,505.8,45.67,17.56,17.5,39.7,62,3.9,163,Unhealthy,NW,1013.67,9.55,Low,Peak,Active,45.7,0.72,151.36,Stable
13-08-2024 13:00,NODE_03,Sensor_Node_3_Residential_Border,81.46,104.53,3.607,483.8,48.94,15.52,12.01,38.9,68.6,1.9,164,Unhealthy,S,1017.63,5.64,High,High,Active,56.4,0.98,164.21,Decreasing
13-08-2024 14:00,NODE_03,Sensor_Node_3_Residential_Border,57.52,102.54,3.465,468.2,42.11,25.86,18.58,36.2,65.6,1.1,152,Unhealthy,SW,1006.76,2.75,Medium,High,Active,77.1,0.86,158.9,Stable
13-08-2024 15:00,NODE_03,Sensor_Node_3_Residential_Border,45.71,121.19,2.277,435.3,38.66,17.65,18.9,38.2,70.4,4,126,Unhealthy for Sensitive Groups,NW,1005.12,6.06,Medium,High,Maintenance,84.2,0.9,116.7,Stable
13-08-2024 16:00,NODE_03,Sensor_Node_3_Residential_Border,57.83,110.62,3.098,477.8,21.26,15.34,13.84,37.1,64.6,1.9,152,Unhealthy,E,1008.13,1.29,Low,Normal,Active,46.3,0.98,152.04,Decreasing
13-08-2024 17:00,NODE_03,Sensor_Node_3_Residential_Border,60.61,94.54,2.965,460.3,45.57,15.98,10.12,35.9,76.9,2.9,154,Unhealthy,NW,1007.07,6.25,Low,Peak,Active,77.9,0.95,166.22,Increasing
13-08-2024 18:00,NODE_03,Sensor_Node_3_Residential_Border,45.35,106.98,3.663,443.6,31.11,18.26,12.85,35.3,71.2,3.3,125,Unhealthy for Sensitive Groups,N,1018.86,4.13,Low,Peak,Active,79.2,0.89,137.38,Stable
13-08-2024 19:00,NODE_03,Sensor_Node_3_Residential_Border,65.64,96.84,2.599,431.5,44.48,19.96,19.71,31,68.8,6.5,156,Unhealthy,SW,1020.48,5.77,Medium,Peak,Active,64.6,0.96,165.03,Decreasing
13-08-2024 20:00,NODE_03,Sensor_Node_3_Residential_Border,53.47,82.62,2.684,440.8,39.37,16.45,14.27,32,76.5,2.4,145,Unhealthy for Sensitive Groups,N,1013.68,7.67,Low,High,Active,77.3,0.95,133.21,Decreasing
13-08-2024 21:00,NODE_03,Sensor_Node_3_Residential_Border,55.62,91.42,3.135,434.2,37.93,19.65,15.43,31.7,76.3,6.1,151,Unhealthy,E,1001.91,2.77,Low,Peak,Maintenance,56.7,0.75,147.56,Decreasing
13-08-2024 22:00,NODE_03,Sensor_Node_3_Residential_Border,49.12,108.86,2.921,454.4,36.93,23.2,25.35,32.3,82.4,1.4,135,Unhealthy for Sensitive Groups,SW,1009.45,9.38,High,High,Active,33.6,0.83,136.43,Increasing
13-08-2024 23:00,NODE_03,Sensor_Node_3_Residential_Border,32.53,82.82,3.472,459.6,41.97,14.79,22.38,29.3,81.5,5.7,94,Moderate,NE,1015.96,3.51,High,Low,Active,20,0.71,87.79,Increasing
14-08-2024 00:00,NODE_03,Sensor_Node_3_Residential_Border,46.9,83.15,2.356,451,29.81,10.7,25.21,27.2,68,3.6,129,Unhealthy for Sensitive Groups,W,1011.8,6.45,Low,Low,Active,48.2,0.82,129.13,Increasing
14-08-2024 01:00,NODE_03,Sensor_Node_3_Residential_Border,35.22,62.2,2.743,470.9,30.67,14.27,26.93,31.6,65.4,4.8,100,Moderate,SE,1011.77,6.16,Medium,Normal,Active,89.7,0.8,106.07,Stable
14-08-2024 02:00,NODE_03,Sensor_Node_3_Residential_Border,41.33,54.5,1.45,458.4,24.34,12.42,21.52,30.3,71.6,6.3,500,Hazardous,E,1007.13,3.56,Medium,High,Active,94.9,0.76,529.72,Decreasing
14-08-2024 03:00,NODE_03,Sensor_Node_3_Residential_Border,15.84,20.88,1.788,432.3,30.57,1,23.5,30.7,71.6,1.3,59,Moderate,W,1013.05,1.64,Low,Normal,Active,53.4,0.99,61.81,Increasing
14-08-2024 04:00,NODE_03,Sensor_Node_3_Residential_Border,8.67,53.62,0.918,445.2,19.53,11.11,20.09,33.9,74.6,0.7,50,Good,NW,1020.87,6.81,Low,Normal,Maintenance,47.4,0.73,51.06,Increasing
14-08-2024 05:00,NODE_03,Sensor_Node_3_Residential_Border,32.79,35.85,0.384,451.1,20.71,1,28.72,35.4,76.4,3.9,95,Moderate,NE,1010.68,9.23,Medium,Low,Active,43.4,0.73,103.13,Decreasing
14-08-2024 06:00,NODE_03,Sensor_Node_3_Residential_Border,71.32,110.77,3.61,480.9,44.03,22.41,21.99,36.3,68.8,4.3,159,Unhealthy,S,1008.63,4.21,High,Peak,Active,23.8,0.91,159.22,Decreasing
14-08-2024 07:00,NODE_03,Sensor_Node_3_Residential_Border,53.31,103.63,4.381,455.6,46.5,20.91,20.72,32.7,72.1,1.3,145,Unhealthy for Sensitive Groups,N,1006.7,6.21,High,Low,Active,67.3,0.87,136.59,Increasing
14-08-2024 08:00,NODE_03,Sensor_Node_3_Residential_Border,68.85,111.48,3.274,467.7,43.1,19.04,20.4,35.5,74.2,3.7,158,Unhealthy,N,1004.59,3.02,High,Low,Active,55.6,0.76,173.19,Increasing
14-08-2024 09:00,NODE_03,Sensor_Node_3_Residential_Border,64.74,121.84,3.225,489.4,61.05,24.11,16.39,39.8,71,4.1,156,Unhealthy,E,1018.81,6.09,Medium,Normal,Active,98.7,0.79,166.34,Increasing
14-08-2024 10:00,NODE_03,Sensor_Node_3_Residential_Border,78.82,93.85,3.588,479.5,58.99,16.94,20.54,36.9,71.1,2.8,163,Unhealthy,W,1017.12,3.36,Low,High,Active,66.1,1,170.8,Increasing
14-08-2024 11:00,NODE_03,Sensor_Node_3_Residential_Border,61.46,98.23,3.544,468.9,46.78,21.41,13.52,37.9,71.8,0.7,154,Unhealthy,S,1015.97,9.66,Medium,Low,Active,29,0.72,159.1,Decreasing
14-08-2024 12:00,NODE_03,Sensor_Node_3_Residential_Border,65.88,121.57,4.197,466.2,37.86,22.61,12.63,39.3,74.2,5.7,156,Unhealthy,E,1013.16,1.86,Low,Low,Active,42.8,0.71,166.87,Stable
14-08-2024 13:00,NODE_03,Sensor_Node_3_Residential_Border,63.94,102.62,3.845,441.1,57.71,28.34,16.5,36.7,67.8,2.5,155,Unhealthy,SE,1019.51,4.11,Medium,Low,Active,57.9,0.97,151.51,Increasing
14-08-2024 14:00,NODE_03,Sensor_Node_3_Residential_Border,62.65,106.7,3.95,476.8,50.5,25.2,17.95,36.7,66.2,4.9,155,Unhealthy,E,1020.72,3.33,Medium,Peak,Active,38.1,0.72,155.18,Increasing
14-08-2024 15:00,NODE_03,Sensor_Node_3_Residential_Border,52.15,61.36,3.088,463.8,44.51,21.71,17.7,38.1,71.4,6.8,142,Unhealthy for Sensitive Groups,N,1003.07,4.49,Medium,High,Active,81.5,0.72,156.09,Increasing
14-08-2024 16:00,NODE_03,Sensor_Node_3_Residential_Border,54.91,71.72,3.617,459.9,38.56,12.65,6.18,38.9,70.8,2.6,149,Unhealthy for Sensitive Groups,N,1008.83,5.74,High,Peak,Active,48.9,0.93,144.94,Decreasing
14-08-2024 17:00,NODE_03,Sensor_Node_3_Residential_Border,43.94,102.51,3.388,470.5,34.11,16.56,19.04,35,73.7,3.1,122,Unhealthy for Sensitive Groups,W,1008.63,4.79,Medium,Normal,Active,45.8,0.74,132.3,Decreasing
14-08-2024 18:00,NODE_03,Sensor_Node_3_Residential_Border,48.12,70.86,3.16,446.3,43.32,18.74,26.22,34.3,74.7,0.3,132,Unhealthy for Sensitive Groups,SW,1014.76,6.9,High,Normal,Fault,70.7,0.98,135.63,Stable
14-08-2024 19:00,NODE_03,Sensor_Node_3_Residential_Border,47.56,71.15,3.609,479.9,38,9.54,25.2,34.7,72.9,2.9,131,Unhealthy for Sensitive Groups,W,1014.77,8.1,High,High,Active,82.2,0.85,119.47,Stable
14-08-2024 20:00,NODE_03,Sensor_Node_3_Residential_Border,54.54,68.44,3.683,426.6,52.37,24.57,5.63,34.3,73.6,2.6,148,Unhealthy for Sensitive Groups,NE,1006.95,2.59,Medium,Peak,Active,23.6,0.83,150.48,Increasing
14-08-2024 21:00,NODE_03,Sensor_Node_3_Residential_Border,56.18,74.66,2.677,480.2,47.31,20.56,15.7,30.1,66.3,3.7,151,Unhealthy,SE,997.57,1.16,High,Normal,Active,33.5,0.85,158.93,Stable
14-08-2024 22:00,NODE_03,Sensor_Node_3_Residential_Border,64.45,91.63,3.319,462.7,46.69,24.25,15.55,29.7,75.5,0.3,156,Unhealthy,NW,1003.03,9.45,Low,High,Active,98.6,0.74,163.62,Increasing
14-08-2024 23:00,NODE_03,Sensor_Node_3_Residential_Border,39.34,78.6,2.27,432,24.36,8.26,20.26,31.7,80.3,1.6,110,Unhealthy for Sensitive Groups,SW,998.77,4.27,Low,Peak,Active,56.4,0.74,118.52,Decreasing
15-08-2024 00:00,NODE_03,Sensor_Node_3_Residential_Border,30.22,70.9,2.927,462.6,25.53,22.12,10.65,30,78.6,0.5,89,Moderate,SW,1007.74,6.33,High,Peak,Active,76.3,0.79,83,Increasing
15-08-2024 01:00,NODE_03,Sensor_Node_3_Residential_Border,37.93,75.76,2.203,420.5,29.62,13.62,25.36,32.3,72.7,2.7,107,Unhealthy for Sensitive Groups,SW,1007.88,2.42,Low,Low,Active,32.6,0.86,97.69,Decreasing
15-08-2024 02:00,NODE_03,Sensor_Node_3_Residential_Border,35.52,62.65,1.328,439.8,39.42,14.87,21.94,31.1,84.8,3,101,Unhealthy for Sensitive Groups,NE,1014.92,7.94,Medium,High,Active,45.2,0.98,107.12,Increasing
15-08-2024 03:00,NODE_03,Sensor_Node_3_Residential_Border,9.48,17.53,1.192,430,6.95,1.12,22.83,30.4,83.6,1,39,Good,NW,1017.82,4.87,High,Peak,Active,87,0.75,39.02,Decreasing
15-08-2024 04:00,NODE_03,Sensor_Node_3_Residential_Border,25.53,47.4,0.544,406.1,16.21,4.57,22.27,33.6,73.4,6.8,79,Moderate,SE,1012.11,7.03,Low,Normal,Maintenance,59.8,0.77,77.6,Increasing
15-08-2024 05:00,NODE_03,Sensor_Node_3_Residential_Border,31.85,59.86,1.115,415.8,5.46,3.55,26.18,34.3,64.5,8.2,93,Moderate,W,1012.18,6.22,Low,Low,Active,38.6,0.9,89.08,Stable
15-08-2024 06:00,NODE_03,Sensor_Node_3_Residential_Border,66.03,131.9,3.971,493.4,39.84,20.69,16.6,34.8,66.9,2.6,156,Unhealthy,N,1024.76,8.16,Medium,Peak,Active,48.3,0.77,146.36,Increasing
15-08-2024 07:00,NODE_03,Sensor_Node_3_Residential_Border,69.33,120.58,3.998,457.1,49.29,16.6,8.52,35.4,59.1,1.6,158,Unhealthy,SW,1014.3,2.18,Medium,Low,Active,48.1,0.94,167.41,Decreasing
15-08-2024 08:00,NODE_03,Sensor_Node_3_Residential_Border,64.07,119.79,3.848,508.3,53.39,20.53,19.04,34,75,3.4,155,Unhealthy,SW,1012.61,6.52,High,Low,Active,98.8,0.82,159.68,Stable
15-08-2024 09:00,NODE_03,Sensor_Node_3_Residential_Border,61.96,122.76,3.563,448.4,42.26,14.74,14.08,35.9,73.8,3.4,154,Unhealthy,SW,1019.46,9.31,Low,Low,Active,99.3,0.91,143.68,Decreasing
15-08-2024 10:00,NODE_03,Sensor_Node_3_Residential_Border,57.99,101.3,3.1,469.2,48.15,21.17,18.03,38.9,59.8,1.9,152,Unhealthy,E,1012.51,2.47,High,Peak,Active,37.4,0.86,144.15,Decreasing
15-08-2024 11:00,NODE_03,Sensor_Node_3_Residential_Border,66.16,152.7,5.011,467.6,42.65,17.69,17.17,38.8,55.2,3.2,157,Unhealthy,N,1012.16,6.19,High,Peak,Active,54.9,0.94,158.04,Decreasing
15-08-2024 12:00,NODE_03,Sensor_Node_3_Residential_Border,54.76,109.84,4.056,466.1,45.26,21.95,18.53,36.6,68.1,3.9,148,Unhealthy for Sensitive Groups,NE,1009.62,9.64,Low,Peak,Active,41.6,0.97,134.43,Decreasing
15-08-2024 13:00,NODE_03,Sensor_Node_3_Residential_Border,304.07,513.4,13.341,463.6,55.46,56.43,18.68,38.6,60.6,2.6,399,Hazardous,NE,1013.24,1.97,Medium,High,Active,36.4,0.82,371.97,Decreasing
15-08-2024 14:00,NODE_03,Sensor_Node_3_Residential_Border,79.29,134.1,3.638,466.8,45.91,16.8,20.17,36.4,65.2,2.9,163,Unhealthy,E,1009.07,1.39,High,Normal,Active,40.8,0.86,179.25,Increasing
15-08-2024 15:00,NODE_03,Sensor_Node_3_Residential_Border,49.85,103.14,2.895,446,43.14,21.44,15.81,37.8,66.1,2.5,136,Unhealthy for Sensitive Groups,SW,1011.3,2.71,Low,Peak,Maintenance,28.4,0.96,145.92,Decreasing
15-08-2024 16:00,NODE_03,Sensor_Node_3_Residential_Border,52.57,94.59,3.38,485.1,40.33,11.52,19.48,35.3,62.7,4.2,143,Unhealthy for Sensitive Groups,S,1006.43,1.2,Low,Normal,Active,57.4,0.74,154.43,Stable
15-08-2024 17:00,NODE_03,Sensor_Node_3_Residential_Border,53.22,78.99,3.668,468.4,51.77,25.58,21.46,36.8,73.6,7.2,145,Unhealthy for Sensitive Groups,N,1018.64,6.13,Low,Low,Active,69.8,0.96,135.38,Increasing
15-08-2024 18:00,NODE_03,Sensor_Node_3_Residential_Border,40.45,58.37,2.796,465.5,29.87,17.25,22.47,31.6,77.9,1.5,113,Unhealthy for Sensitive Groups,NE,1010.53,7.14,Medium,High,Active,31.4,0.83,116.74,Increasing
15-08-2024 19:00,NODE_03,Sensor_Node_3_Residential_Border,54.91,100.81,3.151,420,41.85,13.45,14.9,33.1,76.3,2.1,149,Unhealthy for Sensitive Groups,W,1011.62,1.05,Low,Peak,Maintenance,75.5,0.97,136.65,Increasing
15-08-2024 20:00,NODE_03,Sensor_Node_3_Residential_Border,53.07,65.18,3.268,451.1,44.02,16.54,15.71,31.6,61.8,4.2,144,Unhealthy for Sensitive Groups,S,1004.03,5.04,Low,Normal,Maintenance,31.2,0.98,145.77,Increasing
15-08-2024 21:00,NODE_03,Sensor_Node_3_Residential_Border,58.67,89.7,3.643,445.5,33.4,20.14,15.63,33.6,83.3,1.4,153,Unhealthy,W,1010.42,4.35,High,High,Active,61.8,0.93,162.34,Decreasing
15-08-2024 22:00,NODE_03,Sensor_Node_3_Residential_Border,47.23,88.56,4.396,462.5,45.27,13.94,18.86,29.4,73.7,5.2,130,Unhealthy for Sensitive Groups,S,1020.9,7.92,High,High,Active,79.2,0.72,127.26,Stable
15-08-2024 23:00,NODE_03,Sensor_Node_3_Residential_Border,25.3,47.68,1.711,421.2,30.29,12.69,25.09,28.4,75.6,4.5,79,Moderate,NW,1015.51,8.05,Medium,Peak,Active,58.1,0.86,79.78,Decreasing
16-08-2024 00:00,NODE_03,Sensor_Node_3_Residential_Border,33.47,77.52,2.294,437.2,24.65,14.41,26.29,30.5,75.9,2.9,96,Moderate,N,1007.92,7.62,Low,High,Active,63.7,0.97,91.26,Increasing
16-08-2024 01:00,NODE_03,Sensor_Node_3_Residential_Border,28.49,78.62,2.672,465.6,41.01,3.71,21.59,31.9,78.1,3.2,85,Moderate,NE,1009.55,1.02,Low,Normal,Active,70.8,0.82,87.15,Stable
16-08-2024 02:00,NODE_03,Sensor_Node_3_Residential_Border,38.12,52.72,2.038,426.1,34.13,14.94,20.51,27,75,1.3,107,Unhealthy for Sensitive Groups,S,1009.94,2.69,Medium,High,Active,66.4,0.75,115.6,Decreasing
16-08-2024 03:00,NODE_03,Sensor_Node_3_Residential_Border,7.27,13.7,1.078,444.6,21.97,6.72,32.19,29.2,71,6,30,Good,NE,1008.81,1.09,Low,Peak,Active,39.3,0.88,28.5,Stable
16-08-2024 04:00,NODE_03,Sensor_Node_3_Residential_Border,20.43,39.05,1.047,429.5,24.08,7.24,25.74,32.1,70.4,2.3,69,Moderate,S,1010.48,9.91,Medium,High,Active,56.6,0.71,67.83,Increasing
16-08-2024 05:00,NODE_03,Sensor_Node_3_Residential_Border,22.42,53.09,1.697,436.5,15.1,4.42,22.78,30.2,67.2,3,73,Moderate,N,1019.44,9.42,High,Normal,Fault,62.9,0.71,74.19,Increasing
16-08-2024 06:00,NODE_03,Sensor_Node_3_Residential_Border,79.92,92.49,4.144,481.5,38.62,15.8,17.22,34.4,79.4,2.9,164,Unhealthy,N,1008.3,5.67,High,Peak,Active,86,0.87,156.57,Increasing
16-08-2024 07:00,NODE_03,Sensor_Node_3_Residential_Border,69.74,103.92,2.809,482,54.5,20.95,24.47,33.2,76.5,7.3,158,Unhealthy,NE,1006.75,3.02,Low,High,Active,98.1,0.97,171.12,Increasing
16-08-2024 08:00,NODE_03,Sensor_Node_3_Residential_Border,60.06,120.73,4.321,453.8,46.12,23.09,10.8,36.9,69.5,0.3,153,Unhealthy,NW,1005.15,6.36,Medium,High,Active,90.7,0.81,165.05,Stable
16-08-2024 09:00,NODE_03,Sensor_Node_3_Residential_Border,68.81,103.52,3.44,443.7,52.31,16.77,14.39,38,79,3.5,158,Unhealthy,N,1008.53,3.15,Low,Low,Active,43.3,0.85,166.73,Stable
16-08-2024 10:00,NODE_03,Sensor_Node_3_Residential_Border,55.28,107.36,3.624,476.1,48.1,29.88,18.5,38.6,69.8,1.7,150,Unhealthy for Sensitive Groups,SE,1026.12,4.83,High,Peak,Active,77.8,0.96,160.12,Stable
16-08-2024 11:00,NODE_03,Sensor_Node_3_Residential_Border,58.05,130.67,4.342,474.7,52.02,24.3,8.51,38.1,57.2,1.7,152,Unhealthy,N,1020.03,8.65,Medium,Low,Active,27.4,0.75,144.22,Stable
16-08-2024 12:00,NODE_03,Sensor_Node_3_Residential_Border,64.02,126.64,3.361,492.8,55.54,21.8,15.95,36.5,59.1,4,155,Unhealthy,W,1016.25,5.57,Medium,Peak,Active,72.3,0.75,154.5,Stable
16-08-2024 13:00,NODE_03,Sensor_Node_3_Residential_Border,58.88,100.89,3.641,483.3,40.82,16.3,15.03,38,66.2,4.7,153,Unhealthy,E,1018.08,8.69,Low,Normal,Active,91.1,0.97,156.34,Increasing
16-08-2024 14:00,NODE_03,Sensor_Node_3_Residential_Border,75.8,101.68,3.206,433.9,48.47,23,18,37.2,64.5,1.3,161,Unhealthy,N,1008.16,8.82,Medium,High,Active,30.4,0.9,172.46,Increasing
16-08-2024 15:00,NODE_03,Sensor_Node_3_Residential_Border,54.19,99.48,3.374,429.8,36.89,12.88,17.55,35.8,68.8,3.4,147,Unhealthy for Sensitive Groups,NE,1009.15,5.95,High,Peak,Active,79.2,0.91,144.06,Stable
16-08-2024 16:00,NODE_03,Sensor_Node_3_Residential_Border,71.41,95.35,3.705,454.5,33,15.76,21.09,35.9,66.8,1.8,159,Unhealthy,W,1019.49,8.59,Medium,Low,Active,35.8,0.74,162.75,Increasing
16-08-2024 17:00,NODE_03,Sensor_Node_3_Residential_Border,58.6,99.37,3.178,478.2,42.94,14.81,19.92,34.8,71.5,2.4,153,Unhealthy,SW,1011.75,4.97,Medium,High,Active,33.7,0.87,149.7,Decreasing
16-08-2024 18:00,NODE_03,Sensor_Node_3_Residential_Border,50.45,57.77,3.904,458,35.99,21.04,24.79,31.7,68.5,2.3,138,Unhealthy for Sensitive Groups,S,1009.9,8.92,Medium,High,Active,75.6,0.9,133.21,Stable
16-08-2024 19:00,NODE_03,Sensor_Node_3_Residential_Border,54.94,73.25,3.087,440.3,57.47,24.13,12.88,30.3,64.7,3.6,149,Unhealthy for Sensitive Groups,W,1019.72,2.35,Low,High,Active,62.7,0.9,149.96,Decreasing
16-08-2024 20:00,NODE_03,Sensor_Node_3_Residential_Border,42.07,87.04,2.95,436.2,49.98,18.52,20.66,35.6,68.4,3.3,117,Unhealthy for Sensitive Groups,SE,1004.04,4.53,High,Normal,Active,37.5,0.84,116.37,Decreasing
16-08-2024 21:00,NODE_03,Sensor_Node_3_Residential_Border,60.16,100.25,2.192,464.3,36.31,18.17,23.55,31.7,69.4,2.4,153,Unhealthy,NE,1018.56,9.31,Low,Low,Active,94.3,0.9,166.19,Stable
16-08-2024 22:00,NODE_03,Sensor_Node_3_Residential_Border,52,110.37,3.205,456,38.89,16.51,22.63,29,84,3.2,142,Unhealthy for Sensitive Groups,NE,1014.3,2.74,Low,Normal,Active,55.8,0.93,152.99,Increasing
16-08-2024 23:00,NODE_03,Sensor_Node_3_Residential_Border,45.55,82.78,2.211,461.2,28.09,9.97,18.35,30.1,67.7,5.6,126,Unhealthy for Sensitive Groups,W,1007.85,7.8,High,Low,Active,25.5,0.99,129.23,Stable
17-08-2024 00:00,NODE_03,Sensor_Node_3_Residential_Border,14.5,50.03,1.303,483,24.35,10.18,23.19,29.7,82.4,1.8,56,Moderate,S,1011.57,4.58,Low,Normal,Active,28.3,0.98,53.98,Decreasing
17-08-2024 01:00,NODE_03,Sensor_Node_3_Residential_Border,25.32,61.09,1.104,409.9,16.24,14.53,24.98,31.9,78.6,0.9,79,Moderate,S,1014.84,8.09,High,Normal,Active,23.7,0.77,83.04,Stable
17-08-2024 02:00,NODE_03,Sensor_Node_3_Residential_Border,21.21,44.89,1.508,445.6,21.76,6.71,22.81,32.5,89.3,4.5,70,Moderate,NW,1009.21,3.79,High,Peak,Active,30.3,0.81,65.43,Increasing
17-08-2024 03:00,NODE_03,Sensor_Node_3_Residential_Border,5.12,35.61,1.02,450.4,22.27,9.6,18.86,31.3,71.5,0.4,33,Good,E,1016.89,5.39,High,Peak,Active,30.9,0.8,35.81,Increasing
17-08-2024 04:00,NODE_03,Sensor_Node_3_Residential_Border,12.78,47.53,0.981,430.6,3,2.27,30.66,30.8,84.2,1.2,52,Moderate,NE,1007.53,1.85,Low,Low,Active,21.4,0.91,50.06,Stable
17-08-2024 05:00,NODE_03,Sensor_Node_3_Residential_Border,17.36,10,1.362,404.7,2,6.11,29.82,32.5,69,3.7,62,Moderate,W,1014.15,5.82,Low,Peak,Active,57.1,0.98,59.73,Increasing
17-08-2024 06:00,NODE_03,Sensor_Node_3_Residential_Border,41.35,78.54,2.555,456.3,24.11,12.58,11.03,34.7,78.9,3.8,115,Unhealthy for Sensitive Groups,SE,1004.06,3.09,Low,High,Active,33.6,0.7,104.33,Increasing
17-08-2024 07:00,NODE_03,Sensor_Node_3_Residential_Border,38.25,64.2,2.672,469.4,24.86,14.04,13.78,34.2,69,4.3,108,Unhealthy for Sensitive Groups,E,1008.78,2.71,Low,Peak,Active,99.9,0.81,106.45,Stable
17-08-2024 08:00,NODE_03,Sensor_Node_3_Residential_Border,26.29,61.14,2.456,453.9,37.55,15.16,15.3,36.1,68.7,1.7,81,Moderate,E,1012.33,3.1,High,Normal,Active,32,0.99,84.41,Increasing
17-08-2024 09:00,NODE_03,Sensor_Node_3_Residential_Border,34.57,75.47,2.611,460.9,28.9,11.86,7.73,39.5,72,1,98,Moderate,SE,1008.94,7.79,Low,Normal,Active,60.5,0.87,103.85,Stable
17-08-2024 10:00,NODE_03,Sensor_Node_3_Residential_Border,42.02,67.63,3.317,435.4,22.73,7.59,19.85,36.4,69.8,0.7,117,Unhealthy for Sensitive Groups,S,1003.48,5.42,Medium,Peak,Active,72.7,0.99,107.29,Decreasing
17-08-2024 11:00,NODE_03,Sensor_Node_3_Residential_Border,42.65,87.98,2.948,472.1,39.1,9.56,5,38.5,65.8,2.4,119,Unhealthy for Sensitive Groups,S,1019,2.21,Medium,Normal,Active,76.7,0.72,128.47,Stable
17-08-2024 12:00,NODE_03,Sensor_Node_3_Residential_Border,28.53,64.29,3.19,483.8,38.89,12.66,19.07,40.2,72,3,86,Moderate,NE,1016.47,5.32,High,Peak,Active,48.4,0.72,90.1,Decreasing
17-08-2024 13:00,NODE_03,Sensor_Node_3_Residential_Border,48.94,70.6,2.003,480.5,33.26,15.89,12.89,35.8,78,2.3,134,Unhealthy for Sensitive Groups,E,1008.13,9.41,Low,High,Active,64.5,0.84,140.21,Decreasing
17-08-2024 14:00,NODE_03,Sensor_Node_3_Residential_Border,49.95,93.56,2.609,485.3,36.36,10.33,10.29,39,70.6,3,137,Unhealthy for Sensitive Groups,SE,1014.84,9.14,Medium,Normal,Maintenance,64.8,0.95,127.48,Stable
17-08-2024 15:00,NODE_03,Sensor_Node_3_Residential_Border,56.42,60.82,1.299,448.5,29.75,13.21,15.2,36.6,79.5,0.8,151,Unhealthy,SE,1005.79,2.26,Low,Peak,Active,92.1,0.87,139.93,Increasing
17-08-2024 16:00,NODE_03,Sensor_Node_3_Residential_Border,51,63.81,1.569,477.1,18.87,7.64,15.82,34.7,64.3,1.4,139,Unhealthy for Sensitive Groups,W,1022.68,5.43,Low,High,Active,29.1,0.73,149.96,Increasing
17-08-2024 17:00,NODE_03,Sensor_Node_3_Residential_Border,25.47,60.71,1.376,433.9,29.42,10.34,18.41,34.6,83.8,1.2,79,Moderate,W,1007.52,5.47,Low,Normal,Active,62.3,0.94,73.76,Stable
17-08-2024 18:00,NODE_03,Sensor_Node_3_Residential_Border,34.47,56.72,2.185,464,32.96,11.92,20.5,35.2,78.5,2.5,98,Moderate,NW,1022.6,7.77,Low,Low,Active,45.2,0.84,100.49,Decreasing
17-08-2024 19:00,NODE_03,Sensor_Node_3_Residential_Border,30.7,66.4,2.103,434.4,26.21,9.49,14.47,30.2,71.2,3.9,90,Moderate,SE,1018.17,5.83,High,Low,Active,50.6,0.74,90.61,Decreasing
17-08-2024 20:00,NODE_03,Sensor_Node_3_Residential_Border,23.5,53.12,2.808,475.9,31.89,11.24,22.51,30.8,69.2,6,75,Moderate,E,1012.31,1.93,Low,Peak,Active,35.1,0.87,69.64,Decreasing
17-08-2024 21:00,NODE_03,Sensor_Node_3_Residential_Border,21.58,64.6,2.855,444.6,33.87,11.77,23.59,31.1,76.1,0.4,71,Moderate,N,1000.16,9.73,High,Peak,Active,63.8,0.87,70.6,Decreasing
17-08-2024 22:00,NODE_03,Sensor_Node_3_Residential_Border,36.39,59.67,2.718,419.5,21.6,8.73,23.14,29.8,76.9,2.6,103,Unhealthy for Sensitive Groups,N,1005.33,9.23,Medium,Normal,Active,87.1,0.76,95.08,Decreasing
17-08-2024 23:00,NODE_03,Sensor_Node_3_Residential_Border,22.82,56.5,1.99,482.6,25.73,10.35,29.92,31.8,78.3,4.6,74,Moderate,NE,1010.05,5.98,Medium,Normal,Active,27.7,0.99,75.97,Decreasing
18-08-2024 00:00,NODE_03,Sensor_Node_3_Residential_Border,22.66,50.33,0.717,444.2,29.73,4.27,24.64,26.7,85.6,4.3,73,Moderate,SW,1009.9,3.83,Low,Peak,Active,30.7,0.88,78.73,Decreasing
18-08-2024 01:00,NODE_03,Sensor_Node_3_Residential_Border,19.4,39.19,1.966,460.1,28.28,12.36,20.24,31.9,79.3,4,66,Moderate,NW,1009.77,4.14,High,Peak,Active,87.8,0.84,72.35,Increasing
18-08-2024 02:00,NODE_03,Sensor_Node_3_Residential_Border,28.49,42.61,2.333,448.2,12.03,2.18,20.21,29.8,83.4,2.9,85,Moderate,E,1000.59,7.25,Medium,High,Active,59.2,0.78,93.33,Increasing
18-08-2024 03:00,NODE_03,Sensor_Node_3_Residential_Border,6.34,10,0.651,429.1,5.75,1,21.59,30.9,68.6,5,26,Good,SW,1024.36,1.58,Medium,Peak,Active,59.5,0.82,25.16,Decreasing
18-08-2024 04:00,NODE_03,Sensor_Node_3_Residential_Border,11.42,10,0.5,455.2,12.26,2.86,28.46,28.7,90.1,1.2,48,Good,E,1013.01,1.77,Low,Low,Active,97.2,0.92,45.77,Increasing
18-08-2024 05:00,NODE_03,Sensor_Node_3_Residential_Border,5,10,1.144,426.2,9.36,4.74,28,33.8,78.8,2.6,21,Good,N,1012.26,8.86,Low,Normal,Active,45,0.99,20.36,Decreasing
18-08-2024 06:00,NODE_03,Sensor_Node_3_Residential_Border,35.65,88.81,2.874,480.9,26.29,9.24,7.68,34.5,62.8,1.3,101,Unhealthy for Sensitive Groups,S,1003.87,5.11,Medium,Normal,Active,39,0.94,108.25,Decreasing
18-08-2024 07:00,NODE_03,Sensor_Node_3_Residential_Border,48.86,64.46,2.237,463.6,23.97,17.66,10.34,34.6,76.5,2.6,134,Unhealthy for Sensitive Groups,N,1015.16,3.15,High,Normal,Maintenance,71.1,0.92,122.93,Decreasing
18-08-2024 08:00,NODE_03,Sensor_Node_3_Residential_Border,38.74,73.3,2.774,471,35.91,15.46,18.7,33.9,65.9,0.8,109,Unhealthy for Sensitive Groups,SW,1007.1,5.91,Medium,High,Active,83.6,0.87,109.49,Decreasing
18-08-2024 09:00,NODE_03,Sensor_Node_3_Residential_Border,41.67,76.57,2.345,464.5,29.25,13.91,27.34,36.9,61,2.3,116,Unhealthy for Sensitive Groups,E,1008.2,1.38,Medium,Peak,Active,41.4,0.88,126.53,Increasing
18-08-2024 10:00,NODE_03,Sensor_Node_3_Residential_Border,45.05,74.4,3.29,473.3,43.23,14.11,17.99,36.5,64.5,2.4,125,Unhealthy for Sensitive Groups,SW,1011.89,6.43,High,Low,Active,77.3,0.85,122.06,Stable
18-08-2024 11:00,NODE_03,Sensor_Node_3_Residential_Border,47.83,103.16,2.722,462.9,36.06,11.85,19.75,38.9,67,3,131,Unhealthy for Sensitive Groups,SE,1021.23,6.6,High,High,Active,98.8,0.79,138.75,Decreasing
18-08-2024 12:00,NODE_03,Sensor_Node_3_Residential_Border,44.44,86.68,2.217,462.7,41.73,20.85,16.24,39.9,66,4.4,123,Unhealthy for Sensitive Groups,E,1021.5,9.48,High,Low,Maintenance,30.4,0.7,133.73,Decreasing
18-08-2024 13:00,NODE_03,Sensor_Node_3_Residential_Border,143.5,279.31,7.344,462.2,30.29,57.82,12.48,36.3,73.4,3.5,196,Unhealthy,NW,1002.96,4.31,Medium,Low,Active,27.7,0.74,177.24,Stable
18-08-2024 14:00,NODE_03,Sensor_Node_3_Residential_Border,43.93,89.19,2.023,467.7,25.06,17.38,14.93,37.3,60,0.9,122,Unhealthy for Sensitive Groups,NE,1012.4,7.46,Medium,Peak,Active,42.6,0.85,124.73,Increasing
18-08-2024 15:00,NODE_03,Sensor_Node_3_Residential_Border,46.7,59.99,2.393,465.1,19.84,4.67,17.44,38.5,55.9,3.2,129,Unhealthy for Sensitive Groups,N,1014.27,1.09,Low,Peak,Active,98.1,0.71,128.93,Stable
18-08-2024 16:00,NODE_03,Sensor_Node_3_Residential_Border,35.85,57.66,2.426,436.2,29.3,12.46,27.38,35.5,69.3,4.2,102,Unhealthy for Sensitive Groups,NE,1017.41,2.21,Medium,Low,Active,22.9,0.72,97.88,Stable
18-08-2024 17:00,NODE_03,Sensor_Node_3_Residential_Border,33.79,45.63,1.238,462.6,21.14,12.25,21.57,35.3,70.6,3.1,97,Moderate,N,1012.11,7.83,Medium,Peak,Active,72.4,0.98,96.42,Stable
18-08-2024 18:00,NODE_03,Sensor_Node_3_Residential_Border,35.89,85.52,2.565,431.5,33.63,6.03,22.57,36.2,83.2,4.3,102,Unhealthy for Sensitive Groups,W,1011.36,8.43,High,Peak,Maintenance,75.3,0.74,92.55,Stable
18-08-2024 19:00,NODE_03,Sensor_Node_3_Residential_Border,31.15,65.87,1.161,461,30.19,11.23,14.11,32.7,79,4.8,91,Moderate,N,1017.7,8.49,Medium,Low,Active,25.3,0.72,90.66,Stable
18-08-2024 20:00,NODE_03,Sensor_Node_3_Residential_Border,32.33,65.25,0.944,457.4,23.54,11.34,12.54,32.6,86.5,3.4,94,Moderate,NE,1018.87,8.12,Low,High,Maintenance,78.4,0.93,99.22,Increasing
18-08-2024 21:00,NODE_03,Sensor_Node_3_Residential_Border,34.97,46.01,2.244,486.6,23.48,14.64,19.23,29.6,75.3,0.8,99,Moderate,W,1019.06,7.92,Low,Peak,Active,45.4,0.84,94.66,Decreasing
18-08-2024 22:00,NODE_03,Sensor_Node_3_Residential_Border,21.47,53.51,1.249,468,30.05,6.13,18.81,28.5,75,7.6,71,Moderate,NE,1006.97,1.34,Medium,Normal,Active,97,0.98,72.53,Stable
18-08-2024 23:00,NODE_03,Sensor_Node_3_Residential_Border,20.39,51.18,0.688,465.1,28.25,7.85,14.07,27,84.4,5.5,68,Moderate,SE,1008.96,2.3,Medium,Low,Active,89.4,0.74,70.49,Stable
19-08-2024 00:00,NODE_03,Sensor_Node_3_Residential_Border,55.47,69.01,1.723,427.7,38.51,13.64,15.95,33.4,84.3,4.4,500,Hazardous,SW,1009,4.62,Low,Low,Active,95.6,0.98,470.12,Increasing
19-08-2024 01:00,NODE_03,Sensor_Node_3_Residential_Border,44,80.75,2.251,467,37.56,14.06,15.07,28.6,68.3,2.3,122,Unhealthy for Sensitive Groups,NE,1012.45,7.24,High,High,Active,89.9,0.76,113.61,Stable
19-08-2024 02:00,NODE_03,Sensor_Node_3_Residential_Border,39.87,46.13,3.146,426.5,32.5,6.69,25.15,32.2,77.3,2,112,Unhealthy for Sensitive Groups,S,1015.25,8.62,High,Low,Active,57.8,0.97,115.98,Stable
19-08-2024 03:00,NODE_03,Sensor_Node_3_Residential_Border,15.97,43.74,1.108,400.2,25.53,6.14,23.31,31.4,71.9,5.5,59,Moderate,E,1016.03,7.42,Medium,Peak,Active,46.7,0.78,56.55,Decreasing
19-08-2024 04:00,NODE_03,Sensor_Node_3_Residential_Border,22,37.18,0.659,413,15.32,8.48,21.34,31.7,77.4,1.2,72,Moderate,SW,1014.37,2.2,Low,High,Active,64.9,0.79,78.13,Increasing
19-08-2024 05:00,NODE_03,Sensor_Node_3_Residential_Border,15.73,44.7,0.306,402.3,20.27,7.87,25.45,32.5,76.4,5.4,59,Moderate,SE,1013.16,9.92,High,Low,Active,89.7,0.93,62.89,Stable
19-08-2024 06:00,NODE_03,Sensor_Node_3_Residential_Border,65.46,121.49,4.299,485.3,53.6,21.59,18.22,35.8,71.1,4.7,156,Unhealthy,N,1011.75,2.8,High,Normal,Active,79.2,0.86,156.2,Stable
19-08-2024 07:00,NODE_03,Sensor_Node_3_Residential_Border,63.82,112.59,4.065,453.9,50.32,27.81,19.04,34.1,67.4,3.5,155,Unhealthy,SW,1015.49,7.02,High,Peak,Active,26.2,0.94,161.53,Decreasing
19-08-2024 08:00,NODE_03,Sensor_Node_3_Residential_Border,58.04,78.59,3.137,470,45.38,22.12,17.71,35.1,63.5,1.6,152,Unhealthy,W,1014.45,1.52,Low,Low,Active,48.1,0.87,163.72,Stable
19-08-2024 09:00,NODE_03,Sensor_Node_3_Residential_Border,73.29,118.18,2.502,441.3,37.85,20.96,17.01,36.6,64,3.4,160,Unhealthy,S,1017.61,4.89,Low,Peak,Maintenance,36.1,0.82,153.95,Increasing
19-08-2024 10:00,NODE_03,Sensor_Node_3_Residential_Border,58.7,102.14,3.459,462.7,50.65,23.25,11.88,35.4,69.2,3.1,153,Unhealthy,NE,1021.69,7.57,Low,Normal,Active,43.7,0.73,140.34,Decreasing
19-08-2024 11:00,NODE_03,Sensor_Node_3_Residential_Border,72.63,103.78,4.145,466.3,40.98,21.41,17.41,40,66.6,2.3,160,Unhealthy,NE,1009.58,1.81,High,Low,Active,81.6,0.99,154.5,Increasing
19-08-2024 12:00,NODE_03,Sensor_Node_3_Residential_Border,56.17,100.42,4.673,465.6,49.77,26,19.01,37.6,72.9,4.1,151,Unhealthy,S,1008.75,9.39,High,High,Active,69.5,0.76,141.27,Stable
19-08-2024 13:00,NODE_03,Sensor_Node_3_Residential_Border,60.53,117.97,3.212,473.7,57.52,25.09,20.51,42.2,64.6,1,154,Unhealthy,E,1014.22,3.78,Low,Low,Active,49,0.97,158.11,Increasing
19-08-2024 14:00,NODE_03,Sensor_Node_3_Residential_Border,58.77,120.38,3.4,448.6,48.63,29.52,19.45,38,56.8,2.7,153,Unhealthy,NW,1009.51,2.96,Low,Peak,Active,69.5,0.74,167.37,Decreasing
19-08-2024 15:00,NODE_03,Sensor_Node_3_Residential_Border,47.82,121.93,3.296,455.5,38.12,17.02,11.14,38.3,70.4,2.1,131,Unhealthy for Sensitive Groups,W,1019.35,1.83,Low,Normal,Active,89.5,0.77,143.94,Stable
19-08-2024 16:00,NODE_03,Sensor_Node_3_Residential_Border,59.28,119.62,3.838,461.5,34.56,11.15,19.01,34.8,69.9,1.8,153,Unhealthy,NW,1001.43,6.48,Low,Low,Active,41.5,0.73,139.16,Decreasing
19-08-2024 17:00,NODE_03,Sensor_Node_3_Residential_Border,55.13,78.78,2.915,462.9,41.73,27.59,7.1,36.7,76.8,2.2,149,Unhealthy for Sensitive Groups,W,1012.13,2.06,High,Peak,Active,57.6,0.7,145.23,Stable
19-08-2024 18:00,NODE_03,Sensor_Node_3_Residential_Border,66.89,82.49,2.769,460.4,43.91,21.27,23.6,35.2,60.6,4.3,157,Unhealthy,S,1012.58,8.69,High,Peak,Active,66.5,0.98,161.46,Increasing
19-08-2024 19:00,NODE_03,Sensor_Node_3_Residential_Border,52.47,81.26,2.561,438.6,43.58,21.31,19.11,31.4,74.6,2,143,Unhealthy for Sensitive Groups,NW,1006.39,7.49,High,High,Active,34.9,0.71,148.42,Increasing
19-08-2024 20:00,NODE_03,Sensor_Node_3_Residential_Border,49.85,80.02,2.507,486.1,27.11,14.91,17.32,33.8,76.8,4.2,136,Unhealthy for Sensitive Groups,N,999.82,1.74,High,Low,Active,47.5,0.9,125.52,Increasing
19-08-2024 21:00,NODE_03,Sensor_Node_3_Residential_Border,50.55,79.91,3.178,455.2,43.68,23.56,21.93,31,86.3,3.4,138,Unhealthy for Sensitive Groups,SW,1008.18,9.97,Medium,Normal,Active,83.3,0.84,124.28,Stable
19-08-2024 22:00,NODE_03,Sensor_Node_3_Residential_Border,55.06,80.4,1.889,462,45.74,11.93,20.48,29.9,80.3,4.6,149,Unhealthy for Sensitive Groups,S,1009.48,9.37,Low,High,Maintenance,94.9,0.77,146.03,Increasing
19-08-2024 23:00,NODE_03,Sensor_Node_3_Residential_Border,34.67,58.24,2.273,426.2,36.97,13.04,15.08,29.2,81.3,5.3,98,Moderate,NW,1016.27,9.96,Medium,Low,Active,70.7,0.96,92.65,Decreasing
20-08-2024 00:00,NODE_03,Sensor_Node_3_Residential_Border,31.64,64.48,2.268,487.5,25.14,15.47,23.16,32.6,86.2,6.9,92,Moderate,SW,1015.66,2.03,Medium,Peak,Active,37.5,0.96,100.12,Increasing
20-08-2024 01:00,NODE_03,Sensor_Node_3_Residential_Border,35.9,53.71,1.596,451.6,37.34,17.54,19.49,30.2,86.4,2.5,102,Unhealthy for Sensitive Groups,NW,1010.41,2.96,Medium,High,Active,90.9,0.92,93.67,Decreasing
20-08-2024 02:00,NODE_03,Sensor_Node_3_Residential_Border,48.83,52.15,2.159,455.6,27,17.28,34.16,29.3,78,1.2,134,Unhealthy for Sensitive Groups,SE,1014.53,5.5,Low,High,Active,66.8,0.8,128.78,Stable
20-08-2024 03:00,NODE_03,Sensor_Node_3_Residential_Border,16.54,19.4,0.647,420.2,9.48,1,25.44,30.7,71.9,2.8,60,Moderate,S,1005.34,6.21,High,Peak,Active,74.9,0.93,64.44,Stable
20-08-2024 04:00,NODE_03,Sensor_Node_3_Residential_Border,13.32,28.62,0.669,407.5,26.33,3.42,26.33,35.9,72.5,1,54,Moderate,W,1008.1,2.67,High,Peak,Fault,36.6,0.94,54.06,Decreasing
20-08-2024 05:00,NODE_03,Sensor_Node_3_Residential_Border,20.18,61.07,0.2,452.5,14.15,3.38,25.24,32.4,83,5.9,68,Moderate,W,1011.07,9.56,High,Low,Active,21.7,0.91,73.29,Increasing
20-08-2024 06:00,NODE_03,Sensor_Node_3_Residential_Border,61.77,118.09,3.649,443.4,59.56,22.99,19.86,32.9,79.1,5.1,154,Unhealthy,S,1023.09,9.77,High,Peak,Active,49.2,0.94,155.46,Stable
20-08-2024 07:00,NODE_03,Sensor_Node_3_Residential_Border,69.74,109.39,4.487,457.1,50.63,17.85,10.26,34.3,69.5,1.6,500,Hazardous,N,1003.25,2.72,High,High,Active,34,0.99,548.2,Decreasing
20-08-2024 08:00,NODE_03,Sensor_Node_3_Residential_Border,70.7,109.52,3.593,480.3,46.59,28.9,18.16,33.9,68.3,3.4,159,Unhealthy,W,1014.73,5.33,Low,Normal,Active,56.6,0.91,174.38,Stable
20-08-2024 09:00,NODE_03,Sensor_Node_3_Residential_Border,60.82,129.13,3.478,481.8,56.54,21.55,20.76,37.3,74.6,3.1,154,Unhealthy,W,1015.22,3.49,Medium,Normal,Active,68.8,0.75,156.19,Stable
20-08-2024 10:00,NODE_03,Sensor_Node_3_Residential_Border,67.61,97.81,3.31,440.5,50.72,19.84,9.55,39.3,69.2,1.3,157,Unhealthy,N,1001.01,5.77,High,High,Active,44.1,0.93,161.85,Decreasing
20-08-2024 11:00,NODE_03,Sensor_Node_3_Residential_Border,60.2,92.13,3.977,498.5,60.28,22.01,13.82,38.7,67.8,3.9,153,Unhealthy,E,1012.26,5.15,High,Low,Active,37,0.77,157.8,Decreasing
20-08-2024 12:00,NODE_03,Sensor_Node_3_Residential_Border,62.83,127.4,3.912,471.7,38.84,26.01,20.18,38.3,72.2,2.3,155,Unhealthy,N,1015.4,5.29,Medium,High,Active,29.8,0.77,143.96,Stable
20-08-2024 13:00,NODE_03,Sensor_Node_3_Residential_Border,69.32,113.15,2.994,489.2,48.89,22.15,11.09,38.8,65.3,4.4,158,Unhealthy,N,1009.71,8.85,Low,High,Active,73.9,0.85,154,Stable
20-08-2024 14:00,NODE_03,Sensor_Node_3_Residential_Border,76.48,124.5,3.945,459.7,48.38,20.26,17.96,37.4,66.8,2.2,162,Unhealthy,N,1012.95,9.83,High,High,Active,53.3,0.8,162.01,Increasing
20-08-2024 15:00,NODE_03,Sensor_Node_3_Residential_Border,65.13,95.36,2.684,469,53.82,15.86,22.35,39.2,66.9,3.9,156,Unhealthy,S,1007.54,1.68,Low,Normal,Active,72.2,0.76,149.24,Stable
20-08-2024 16:00,NODE_03,Sensor_Node_3_Residential_Border,45.31,76.69,2.45,471.8,33.23,19.52,25.2,35,64.4,2.4,125,Unhealthy for Sensitive Groups,S,998.2,1.26,High,High,Active,99.9,0.7,113.12,Decreasing
20-08-2024 17:00,NODE_03,Sensor_Node_3_Residential_Border,184.37,357.1,8.491,451.4,37.37,38.19,18.18,35.1,71.4,1.6,235,Very Unhealthy,N,993.89,6.94,Medium,Normal,Active,48,0.75,227.67,Increasing
20-08-2024 18:00,NODE_03,Sensor_Node_3_Residential_Border,55.62,83.94,3.489,454.4,44.78,18.85,17.63,35.1,78.6,3.5,151,Unhealthy,NE,1009.48,2.54,Low,Peak,Active,66.2,0.88,148.01,Decreasing
20-08-2024 19:00,NODE_03,Sensor_Node_3_Residential_Border,60.94,98.18,3.38,420.2,30.08,16.3,9.37,35.5,68.4,2.5,154,Unhealthy,N,1014.2,1.01,Low,High,Active,74.1,0.73,143.94,Stable
20-08-2024 20:00,NODE_03,Sensor_Node_3_Residential_Border,51.03,94.8,1.937,434.3,36.28,19.52,17.15,32.3,81.7,2.6,139,Unhealthy for Sensitive Groups,N,1009.73,7.46,Low,High,Active,51.6,0.92,150.85,Increasing
20-08-2024 21:00,NODE_03,Sensor_Node_3_Residential_Border,52.16,109.71,3.41,408.4,43.04,25.04,24.52,30.4,80.9,2.5,142,Unhealthy for Sensitive Groups,SW,1014.22,8.24,Medium,Low,Active,60.5,0.89,141.41,Stable
20-08-2024 22:00,NODE_03,Sensor_Node_3_Residential_Border,47.09,93.09,4.11,428.2,45.36,14.44,14.01,31.2,77.4,0.6,130,Unhealthy for Sensitive Groups,E,1016.6,6.31,Low,High,Active,72.9,0.88,141.98,Stable
20-08-2024 23:00,NODE_03,Sensor_Node_3_Residential_Border,42.33,69.75,2.257,443.2,30.65,10.96,28.2,27.7,69.2,3.3,118,Unhealthy for Sensitive Groups,N,1018.79,5.42,Medium,Normal,Active,34,0.75,107.99,Increasing
21-08-2024 00:00,NODE_03,Sensor_Node_3_Residential_Border,29.59,78.41,1.939,454.9,30.05,14.87,21.59,28.7,74.9,0.4,88,Moderate,N,1013.03,1.4,Medium,High,Active,50.9,0.87,92.64,Stable
21-08-2024 01:00,NODE_03,Sensor_Node_3_Residential_Border,40.28,48.66,2,443.5,30.39,10.46,24.56,27.8,77.9,3.1,113,Unhealthy for Sensitive Groups,SW,1023.95,5.52,High,Peak,Active,86.4,0.89,116.29,Increasing
21-08-2024 02:00,NODE_03,Sensor_Node_3_Residential_Border,28.92,40.62,2.794,455.3,32.7,5.07,19.63,30.9,69,1.7,86,Moderate,E,1018.22,6.63,Medium,High,Active,31.9,0.97,91.46,Decreasing
21-08-2024 03:00,NODE_03,Sensor_Node_3_Residential_Border,5,37.46,0.703,410.1,27.47,7.74,27.1,29.7,69.8,1.2,35,Good,N,1016.78,9.07,High,Normal,Active,39.6,0.81,38.49,Increasing
21-08-2024 04:00,NODE_03,Sensor_Node_3_Residential_Border,13.95,46.88,0.388,393.8,2,1,21.41,33.8,63.3,2.4,55,Moderate,N,1002.79,4.94,Medium,Peak,Active,39.7,0.88,54.19,Decreasing
21-08-2024 05:00,NODE_03,Sensor_Node_3_Residential_Border,15.76,19.73,0.2,419.5,19.15,6.11,23.59,34,72.3,6.3,59,Moderate,SE,1010.66,3.08,Low,Normal,Active,60.7,0.85,62.56,Decreasing
21-08-2024 06:00,NODE_03,Sensor_Node_3_Residential_Border,60.07,102.47,3.711,494.4,42.99,17.45,20.57,34.3,80.9,4.1,153,Unhealthy,SW,1007.67,1.24,Medium,High,Active,89.2,0.79,162.8,Increasing
21-08-2024 07:00,NODE_03,Sensor_Node_3_Residential_Border,77.71,115.14,2.931,453.3,45.01,25.86,24.8,35,71.9,1.6,162,Unhealthy,W,1019.43,7.14,Low,High,Active,56.6,0.94,146.98,Increasing
21-08-2024 08:00,NODE_03,Sensor_Node_3_Residential_Border,61.16,110.38,3.623,500.3,61.39,16.26,16.6,35.6,46.7,5.3,154,Unhealthy,E,1008.85,8.49,Medium,Peak,Maintenance,51.7,0.96,140.06,Decreasing
21-08-2024 09:00,NODE_03,Sensor_Node_3_Residential_Border,76.5,148.63,4.339,462.3,59.4,23.49,25.94,37.4,67.8,0.5,162,Unhealthy,E,1014.2,3.76,High,High,Active,89.8,0.73,171.67,Stable
21-08-2024 10:00,NODE_03,Sensor_Node_3_Residential_Border,70.44,134.97,3.297,484.1,71.81,17.66,20.66,37.3,58.2,1.9,159,Unhealthy,SE,1010.28,6.55,High,Normal,Active,84.5,0.73,155.5,Increasing
21-08-2024 11:00,NODE_03,Sensor_Node_3_Residential_Border,52.21,125.94,3.89,503.3,44.03,17.54,21.84,37.4,71.6,3.5,142,Unhealthy for Sensitive Groups,E,1012.65,6.94,Low,Low,Active,57.4,0.94,146.72,Decreasing
21-08-2024 12:00,NODE_03,Sensor_Node_3_Residential_Border,55.85,109.59,2.972,492.2,49.43,12.09,21.84,39.4,60,4.4,151,Unhealthy,SW,1009.84,1.21,Medium,Low,Active,93.4,0.94,151.96,Stable
21-08-2024 13:00,NODE_03,Sensor_Node_3_Residential_Border,64.47,105.36,4.344,464.7,53.26,22.86,6.91,36.8,58.9,3.6,156,Unhealthy,NE,1012.43,3.25,Low,High,Active,68.1,0.89,154.79,Increasing
21-08-2024 14:00,NODE_03,Sensor_Node_3_Residential_Border,59.77,118.6,3.286,463.1,60.77,18.33,19.88,35.3,71.8,4.3,153,Unhealthy,S,1017.88,7.28,High,Normal,Active,52.4,0.97,155.5,Increasing
21-08-2024 15:00,NODE_03,Sensor_Node_3_Residential_Border,45.74,57.68,2.98,475.1,27.51,16.65,12.27,35.8,68.4,4.5,126,Unhealthy for Sensitive Groups,S,1015.97,10,Medium,Peak,Active,80.2,0.7,137.93,Decreasing
21-08-2024 16:00,NODE_03,Sensor_Node_3_Residential_Border,62.35,87.85,2.765,465.5,47.98,14.46,19.77,36.7,69.2,3.6,155,Unhealthy,SW,1001.31,3.7,Medium,Low,Active,88.6,0.73,162.27,Stable
21-08-2024 17:00,NODE_03,Sensor_Node_3_Residential_Border,55.66,90.94,3.009,476.6,42.86,21.8,18.98,36,73.8,2.5,151,Unhealthy,E,1005.49,9.32,High,Low,Active,96.3,0.85,159.41,Stable
21-08-2024 18:00,NODE_03,Sensor_Node_3_Residential_Border,39.67,102.94,3.35,458.3,42.05,14.62,14.77,33.6,76.8,3.5,111,Unhealthy for Sensitive Groups,S,1015.3,5.34,High,High,Active,60.6,0.96,100.95,Increasing
21-08-2024 19:00,NODE_03,Sensor_Node_3_Residential_Border,61.12,90.45,2.876,422.6,46.42,20.06,19.87,33.9,84.1,4,154,Unhealthy,N,1009.5,2.02,Low,Low,Active,38.4,0.86,143.97,Stable
21-08-2024 20:00,NODE_03,Sensor_Node_3_Residential_Border,42.87,115.55,3.111,422,37.71,22.47,22.03,34.5,74.3,4.6,119,Unhealthy for Sensitive Groups,W,1021.68,5.42,High,Low,Active,29.6,0.77,114.98,Decreasing
21-08-2024 21:00,NODE_03,Sensor_Node_3_Residential_Border,59.43,77.53,1.539,457.2,25.65,19.68,16.3,29.9,71.1,5.3,153,Unhealthy,N,1010.77,3.83,Low,Low,Active,68.4,0.71,147.36,Stable
21-08-2024 22:00,NODE_03,Sensor_Node_3_Residential_Border,50.43,80.6,2.7,487.4,39.99,6.33,16.44,28.4,73.5,3.1,138,Unhealthy for Sensitive Groups,NE,1005.87,7.1,High,Low,Active,98.6,0.79,126.32,Decreasing
21-08-2024 23:00,NODE_03,Sensor_Node_3_Residential_Border,30.18,83.34,3.25,452.7,48.1,6.83,27.85,30.4,83,5.8,89,Moderate,NW,1014.07,1.18,Low,Normal,Active,67,0.94,94.08,Stable
22-08-2024 00:00,NODE_03,Sensor_Node_3_Residential_Border,43,67.05,2.376,479,25.14,19.13,17.06,31,77.7,1.1,119,Unhealthy for Sensitive Groups,SE,1008.81,7.52,High,Low,Active,65.6,0.81,109.31,Increasing
22-08-2024 01:00,NODE_03,Sensor_Node_3_Residential_Border,44.63,72.65,2.565,458.9,31.59,17.96,23.42,32.8,76.5,9.2,123,Unhealthy for Sensitive Groups,SW,1007.57,8.14,Low,Normal,Fault,90.4,0.8,111.14,Stable
22-08-2024 02:00,NODE_03,Sensor_Node_3_Residential_Border,33.73,74.84,1.589,467,27.78,16.63,22.62,30.5,79.1,4.9,96,Moderate,S,1009.49,4.67,Medium,High,Active,62,0.99,96.98,Increasing
22-08-2024 03:00,NODE_03,Sensor_Node_3_Residential_Border,5.05,10,1.255,444.1,8.08,10.72,29.06,33.2,78.4,4.6,21,Good,NE,1017.11,7.7,High,Normal,Maintenance,25.9,0.86,20.65,Increasing
22-08-2024 04:00,NODE_03,Sensor_Node_3_Residential_Border,16.6,41.65,0.735,418.7,7.4,11.06,28.27,29.8,73.1,2.7,60,Moderate,S,1013.69,8.58,Low,High,Active,65.3,0.82,64.01,Decreasing
22-08-2024 05:00,NODE_03,Sensor_Node_3_Residential_Border,18.29,43.32,1.808,406.2,13.05,2.81,32.3,33.8,70.9,2.1,64,Moderate,N,1017.07,4.77,High,Normal,Active,40.7,0.81,65.07,Stable
22-08-2024 06:00,NODE_03,Sensor_Node_3_Residential_Border,58.44,106.21,3.529,478.8,44.87,23.63,12.62,32.2,70.5,2.3,153,Unhealthy,NE,1005.83,6.96,High,Low,Active,89.2,0.92,165.58,Increasing
22-08-2024 07:00,NODE_03,Sensor_Node_3_Residential_Border,60.98,136.16,3.635,474.3,45.63,24.73,9.43,36.8,75.9,4.9,154,Unhealthy,SW,1017.85,6.25,Medium,Low,Active,40.7,0.99,157.53,Stable
22-08-2024 08:00,NODE_03,Sensor_Node_3_Residential_Border,65.06,136.59,4.241,511.3,55.82,17.22,12.79,37.4,60.1,3,156,Unhealthy,NE,1011.62,8,Low,Normal,Active,52.5,0.75,144.44,Stable
22-08-2024 09:00,NODE_03,Sensor_Node_3_Residential_Border,65.49,112.46,3.625,467.6,45.43,17.22,16.23,36.2,61.8,2.9,156,Unhealthy,SE,1008.3,1.28,Medium,Peak,Active,95.5,0.95,155.19,Decreasing
22-08-2024 10:00,NODE_03,Sensor_Node_3_Residential_Border,62.59,113.46,3.793,465.2,40.44,26.9,11.9,39.8,59.8,3,155,Unhealthy,NW,1003.65,7.2,High,Peak,Active,90.6,0.77,147.43,Increasing
22-08-2024 11:00,NODE_03,Sensor_Node_3_Residential_Border,73.37,89.06,3.895,492.6,40.77,20.07,11.36,38.7,76,0.9,160,Unhealthy,N,1019.12,3.38,Low,High,Active,76.8,0.82,164.9,Decreasing
22-08-2024 12:00,NODE_03,Sensor_Node_3_Residential_Border,81.11,117.19,3.825,465.3,42.63,24.36,20.53,37.6,70.2,1.1,164,Unhealthy,NE,1012.82,6.36,Low,High,Active,73,0.7,155.96,Increasing
22-08-2024 13:00,NODE_03,Sensor_Node_3_Residential_Border,49.09,116.68,3.284,438.5,48.37,21.28,22.02,38.7,70.5,3.2,134,Unhealthy for Sensitive Groups,W,1014.68,8.42,Low,High,Active,84,0.76,146.64,Increasing
22-08-2024 14:00,NODE_03,Sensor_Node_3_Residential_Border,73.81,120.8,2.511,470.9,46.24,20.13,12.16,38,59.6,2.4,160,Unhealthy,N,1004.43,5.82,High,Peak,Active,89.2,0.85,156.97,Increasing
22-08-2024 15:00,NODE_03,Sensor_Node_3_Residential_Border,53.63,85.48,2.442,472.7,33.75,14.6,22.14,37.5,57.8,4.1,146,Unhealthy for Sensitive Groups,N,1012.23,6.96,Medium,Normal,Active,69.7,0.87,144.03,Stable
22-08-2024 16:00,NODE_03,Sensor_Node_3_Residential_Border,57.12,87.53,3.019,484.4,46.3,22.15,13.59,38.2,64.3,6.2,152,Unhealthy,NW,1006.21,8.3,Medium,Normal,Active,96.1,0.75,139.13,Increasing
22-08-2024 17:00,NODE_03,Sensor_Node_3_Residential_Border,47.04,108.77,3.047,489.7,54.78,12.57,25.16,35.2,76.6,3.8,129,Unhealthy for Sensitive Groups,E,1014.49,1.33,Medium,Low,Active,54.6,0.86,123.91,Increasing
22-08-2024 18:00,NODE_03,Sensor_Node_3_Residential_Border,48.46,106.72,3.05,455.9,40.31,20.27,18.39,34.9,72,5,133,Unhealthy for Sensitive Groups,E,1010.95,5.8,Medium,Low,Active,95.4,0.9,145.94,Stable
22-08-2024 19:00,NODE_03,Sensor_Node_3_Residential_Border,43.1,71.37,2.91,471,41.26,18.94,16.35,32,75.5,1.7,120,Unhealthy for Sensitive Groups,SE,996.55,4.85,Medium,Low,Active,40.9,0.87,125.58,Decreasing
22-08-2024 20:00,NODE_03,Sensor_Node_3_Residential_Border,28.53,98.11,3.589,471.1,40.38,21.73,23.87,29.8,72.7,5.8,86,Moderate,N,1002.08,7.94,Medium,High,Active,38.7,0.81,88.25,Decreasing
22-08-2024 21:00,NODE_03,Sensor_Node_3_Residential_Border,53.59,98.44,3.154,469.8,39.08,22.82,27.63,33.1,80.6,2.7,146,Unhealthy for Sensitive Groups,NW,1011.79,9.74,Medium,Peak,Active,61.1,0.91,140.22,Decreasing
22-08-2024 22:00,NODE_03,Sensor_Node_3_Residential_Border,58.18,94.82,3.617,450.4,48.18,18.85,21.31,30.2,76.9,2.5,152,Unhealthy,E,1012.27,4.82,High,Peak,Active,27.2,0.9,143.61,Increasing
22-08-2024 23:00,NODE_03,Sensor_Node_3_Residential_Border,46.04,68.15,1.589,442.5,35.81,15.9,27.84,30.5,67.6,4.8,127,Unhealthy for Sensitive Groups,NW,1009.59,3.4,Low,Normal,Active,52.5,0.84,130.09,Increasing
23-08-2024 00:00,NODE_03,Sensor_Node_3_Residential_Border,47.73,78.57,2.168,471.1,31.19,7.57,18.07,30.6,71.4,3.6,131,Unhealthy for Sensitive Groups,SW,1007.69,6.65,Medium,Low,Active,99.4,0.8,118.45,Stable
23-08-2024 01:00,NODE_03,Sensor_Node_3_Residential_Border,35.14,59.16,2.621,448,15.57,12.77,16.07,31,75.1,3.9,99,Moderate,SW,1011.52,5.77,Low,Peak,Active,53.2,0.96,90.41,Stable
23-08-2024 02:00,NODE_03,Sensor_Node_3_Residential_Border,33.92,81.95,1.878,445.7,28.85,10.95,22.62,32.3,80,2.7,97,Moderate,S,1005.88,5.12,High,Peak,Active,54.3,0.72,99.64,Stable
23-08-2024 03:00,NODE_03,Sensor_Node_3_Residential_Border,15.9,24.11,0.2,408.2,14.2,1,21.61,31.5,77.8,1.8,59,Moderate,N,1012.28,1.56,Medium,Peak,Active,87.8,0.89,58.16,Increasing
23-08-2024 04:00,NODE_03,Sensor_Node_3_Residential_Border,13.18,30.45,0.975,447,8.98,1,23.41,31.4,75.7,3.4,53,Moderate,NW,1018.22,4.56,Low,Low,Active,78.7,0.7,51.35,Decreasing
23-08-2024 05:00,NODE_03,Sensor_Node_3_Residential_Border,27.21,34.36,0.849,429.6,12.29,5.54,35.58,33.7,67.7,5.2,83,Moderate,NE,1009.51,6.17,Medium,Low,Active,31.2,0.99,78.32,Increasing
23-08-2024 06:00,NODE_03,Sensor_Node_3_Residential_Border,66.62,149.45,3.755,413,45.44,20.75,15.11,36.3,74.9,6.8,157,Unhealthy,N,1008.27,2.86,Medium,High,Active,40.6,0.92,152.2,Decreasing
23-08-2024 07:00,NODE_03,Sensor_Node_3_Residential_Border,61.75,119.77,3.708,464.6,60.34,28.24,18.71,34.1,80.4,0.6,154,Unhealthy,NE,1013.42,7.05,Low,Low,Active,95.5,0.76,161.15,Stable
23-08-2024 08:00,NODE_03,Sensor_Node_3_Residential_Border,69.69,116.82,3.496,466.3,66.42,13.94,30.13,38.5,77.8,1.7,158,Unhealthy,SE,1024.21,5.49,High,Normal,Active,57.2,0.96,150.67,Decreasing
23-08-2024 09:00,NODE_03,Sensor_Node_3_Residential_Border,69.35,107.4,3.587,445.9,48.39,20.77,18.5,34.9,61.9,5.1,158,Unhealthy,W,1004.11,3.71,Low,High,Fault,71.5,0.81,172.74,Increasing
23-08-2024 10:00,NODE_03,Sensor_Node_3_Residential_Border,55.85,118.76,4.175,492.7,44.66,20.69,11.33,36.2,69.6,2,151,Unhealthy,W,1020.42,9.79,High,High,Active,40.5,0.83,158.3,Decreasing
23-08-2024 11:00,NODE_03,Sensor_Node_3_Residential_Border,87.36,141.1,3.003,462.8,50.69,25.53,22.93,37.5,77.7,1.6,167,Unhealthy,E,1016.39,4.79,Low,High,Active,96.8,0.81,174.69,Increasing
23-08-2024 12:00,NODE_03,Sensor_Node_3_Residential_Border,65.48,110.32,3.609,486.4,39.7,23.95,16.32,36.3,66.9,1.7,156,Unhealthy,S,1019.4,6.36,Medium,Low,Active,72,0.96,159.95,Increasing
23-08-2024 13:00,NODE_03,Sensor_Node_3_Residential_Border,78.19,125.82,3.192,477.3,61.97,16.56,20.95,36.3,65.9,3.4,163,Unhealthy,E,1020.2,8.97,Medium,Normal,Active,24.4,0.97,169.44,Decreasing
23-08-2024 14:00,NODE_03,Sensor_Node_3_Residential_Border,56.98,110.33,4.466,478.9,56.81,25.7,18.02,40.4,70.2,1.4,500,Hazardous,SW,1011.51,6.49,High,Peak,Active,33.8,0.83,535.31,Stable
23-08-2024 15:00,NODE_03,Sensor_Node_3_Residential_Border,51.57,90.33,3.54,434.1,26.94,10.05,13.75,36.9,76,7.6,141,Unhealthy for Sensitive Groups,NW,1015.2,6.72,Medium,Low,Active,62.8,0.73,147.34,Decreasing
23-08-2024 16:00,NODE_03,Sensor_Node_3_Residential_Border,57.36,101.57,3.737,450,37.52,15.42,25.81,37.2,69.9,1.3,152,Unhealthy,NE,1011.47,5.02,Low,High,Active,92.6,0.73,147.33,Decreasing
23-08-2024 17:00,NODE_03,Sensor_Node_3_Residential_Border,70.61,72.1,3.333,435.3,44.94,16.12,15.09,36.3,66.8,2.8,159,Unhealthy,SW,1001.01,1.68,High,Normal,Active,65.1,0.99,153.6,Increasing
23-08-2024 18:00,NODE_03,Sensor_Node_3_Residential_Border,48.12,102.38,3.78,499.8,37.24,14.7,11.33,34.6,79.6,1.2,132,Unhealthy for Sensitive Groups,NW,1008.74,3.68,Medium,High,Active,78.2,0.86,129.64,Stable
23-08-2024 19:00,NODE_03,Sensor_Node_3_Residential_Border,42.63,70.69,4.517,434.7,35.4,8.24,5,32.6,81.3,2.2,119,Unhealthy for Sensitive Groups,SE,1015.74,5.26,Medium,Peak,Active,49.3,0.88,115.46,Decreasing
23-08-2024 20:00,NODE_03,Sensor_Node_3_Residential_Border,52.27,67.63,2.547,459.7,39.22,18.23,23.66,31.9,70.4,4.8,142,Unhealthy for Sensitive Groups,NE,1016.95,4.9,Medium,Low,Active,63.6,0.78,136.63,Stable
23-08-2024 21:00,NODE_03,Sensor_Node_3_Residential_Border,57.32,67.63,3.098,481.5,35.45,14.86,27.68,31.5,76.9,4.8,152,Unhealthy,SW,1008.78,7.64,Low,Normal,Active,76.5,0.87,139.24,Decreasing
23-08-2024 22:00,NODE_03,Sensor_Node_3_Residential_Border,54.98,78.12,3.647,486.2,38.33,18.91,23.22,32.1,84.1,4,149,Unhealthy for Sensitive Groups,SE,1004.55,4.38,High,High,Active,70.9,0.82,139.34,Decreasing
23-08-2024 23:00,NODE_03,Sensor_Node_3_Residential_Border,27.78,76.64,3.076,447.3,32.91,12.82,23.48,31.3,70.7,3.7,84,Moderate,W,1016.46,8.53,Low,Low,Active,65,0.98,92.08,Decreasing
24-08-2024 00:00,NODE_03,Sensor_Node_3_Residential_Border,21.39,48.94,1.059,431.5,15.16,3.46,17.24,32.7,71.3,1.3,71,Moderate,SW,1018.75,4.05,Medium,High,Active,37.9,0.87,71.89,Stable
24-08-2024 01:00,NODE_03,Sensor_Node_3_Residential_Border,18.52,31.83,0.891,447.7,18.02,10.22,21.83,31.9,74.6,5.3,64,Moderate,SE,1012.97,8.49,Medium,Low,Active,58.1,0.77,64.99,Decreasing
24-08-2024 02:00,NODE_03,Sensor_Node_3_Residential_Border,16.39,32.54,2.401,411.4,27.44,12.84,22.13,29.2,80.3,6.8,60,Moderate,W,1013.3,6.38,High,Peak,Active,86.2,0.91,57.1,Increasing
24-08-2024 03:00,NODE_03,Sensor_Node_3_Residential_Border,5,11.7,0.736,419.4,2,2.73,27.5,32.9,80.2,3.1,21,Good,NW,1011.43,8.58,High,Low,Active,54.4,0.78,21.9,Stable
24-08-2024 04:00,NODE_03,Sensor_Node_3_Residential_Border,9.26,43.42,0.434,444.2,16.99,1,25.23,30.4,68.1,3.2,40,Good,SW,1007.38,9.18,High,High,Maintenance,56.2,0.7,43.26,Stable
24-08-2024 05:00,NODE_03,Sensor_Node_3_Residential_Border,5,14.7,1.164,433.6,7.83,1,23.15,33.6,71.8,2.9,21,Good,S,1010.41,9.57,High,Peak,Active,59.5,0.84,22.69,Stable
24-08-2024 06:00,NODE_03,Sensor_Node_3_Residential_Border,52.28,76.4,3.032,429.9,33.6,13.54,11.38,34.3,76.9,3.4,142,Unhealthy for Sensitive Groups,W,1014.38,8.03,High,High,Active,29.1,0.72,145.29,Decreasing
24-08-2024 07:00,NODE_03,Sensor_Node_3_Residential_Border,43.61,90.32,2.573,467.9,28.01,15.57,14.18,40.6,77.2,5.4,121,Unhealthy for Sensitive Groups,S,1005.85,7.97,Medium,Low,Active,54.3,0.7,126.37,Decreasing
24-08-2024 08:00,NODE_03,Sensor_Node_3_Residential_Border,41.79,80.64,2.794,454.8,31.02,15.32,18.08,35.6,66.6,1.8,116,Unhealthy for Sensitive Groups,E,1020.92,1.92,Medium,High,Active,97.6,0.72,119.22,Increasing
24-08-2024 09:00,NODE_03,Sensor_Node_3_Residential_Border,47.55,44.96,2.79,484.8,37,21.06,20.06,37.2,62.3,0.6,131,Unhealthy for Sensitive Groups,W,1011.04,7.41,Low,Normal,Active,55.4,0.81,120.24,Increasing
24-08-2024 10:00,NODE_03,Sensor_Node_3_Residential_Border,44.77,56.59,2.775,458.3,35.09,12.09,15.35,36.1,61.7,4.1,124,Unhealthy for Sensitive Groups,S,996.87,6.62,Low,Peak,Active,67.5,0.84,116.73,Stable
24-08-2024 11:00,NODE_03,Sensor_Node_3_Residential_Border,46.88,87.07,2.469,491.5,39.86,14.99,11.05,38.2,68.3,1.9,129,Unhealthy for Sensitive Groups,NE,1017.03,5.07,Low,High,Active,76,0.73,116.34,Stable
24-08-2024 12:00,NODE_03,Sensor_Node_3_Residential_Border,37.21,51.1,2.554,467.3,41.25,10.1,15.82,36.4,75.8,5.2,105,Unhealthy for Sensitive Groups,NE,1004.61,6.01,Medium,High,Active,24.8,0.9,100.05,Decreasing
24-08-2024 13:00,NODE_03,Sensor_Node_3_Residential_Border,40.02,54.8,2.521,472.3,28.29,13.95,10.91,37,62.9,3,500,Hazardous,SW,1006.26,7.91,High,High,Active,74.3,0.94,506.97,Stable
24-08-2024 14:00,NODE_03,Sensor_Node_3_Residential_Border,42.9,71.76,3.106,489.9,30.34,23.38,14.27,37.1,70.2,2,119,Unhealthy for Sensitive Groups,NW,1008.05,4.27,Medium,Low,Active,35.8,0.84,113.13,Stable
24-08-2024 15:00,NODE_03,Sensor_Node_3_Residential_Border,35.42,50.61,2.034,455.2,29.36,12.27,14.02,36.1,74.4,1.2,500,Hazardous,SW,1010.77,8.01,Low,High,Active,28.6,0.72,473.65,Decreasing
24-08-2024 16:00,NODE_03,Sensor_Node_3_Residential_Border,32.17,59.19,3.079,451.5,23.9,12.1,21.71,39,67.5,2.2,93,Moderate,SE,1012.52,2.08,Low,Low,Active,44.1,0.89,84.69,Stable
24-08-2024 17:00,NODE_03,Sensor_Node_3_Residential_Border,32.74,59.71,1.556,430.3,21.04,6.32,18.08,33.1,68.1,2.1,94,Moderate,E,1002.72,9.1,Low,Peak,Fault,80.1,0.74,91.93,Increasing
24-08-2024 18:00,NODE_03,Sensor_Node_3_Residential_Border,33.62,42.76,2.306,462.5,25.34,12.06,17.58,34.6,76.3,1.5,96,Moderate,SW,1011.9,3.17,Medium,Normal,Active,35.1,0.98,97.08,Increasing
24-08-2024 19:00,NODE_03,Sensor_Node_3_Residential_Border,31.25,49.4,1.552,457.3,23.99,11.05,20.45,33.4,81.3,0.4,91,Moderate,E,1012.59,5.79,Medium,Normal,Active,21.6,0.76,97.43,Increasing
24-08-2024 20:00,NODE_03,Sensor_Node_3_Residential_Border,34.94,68.33,3.015,464.2,27.49,15.43,16.06,31.9,76.8,3.4,99,Moderate,E,1002.26,4.75,Low,Normal,Active,65.7,0.93,99.2,Decreasing
24-08-2024 21:00,NODE_03,Sensor_Node_3_Residential_Border,27.93,45.58,2.483,451.6,25.06,4.14,20.5,31.9,79.4,1.3,84,Moderate,SE,1008.08,1.7,Low,High,Active,50.7,0.72,83.95,Increasing
24-08-2024 22:00,NODE_03,Sensor_Node_3_Residential_Border,40.69,34.61,1.368,434.4,23.39,7.71,20.1,30.5,79.8,3.2,114,Unhealthy for Sensitive Groups,W,1018.66,8.46,Low,High,Active,61.2,0.76,107.15,Decreasing
24-08-2024 23:00,NODE_03,Sensor_Node_3_Residential_Border,29.78,38.92,1.96,420.2,23.7,8.75,28.48,30.4,83.3,1.5,88,Moderate,S,1013.07,2.17,High,Normal,Active,65.6,0.81,87.7,Increasing
25-08-2024 00:00,NODE_03,Sensor_Node_3_Residential_Border,12.39,44.64,1.105,441,19.02,5.31,23.88,31.3,72.2,3.2,52,Moderate,N,1020.48,5.6,Low,High,Active,68,0.91,46.89,Decreasing
25-08-2024 01:00,NODE_03,Sensor_Node_3_Residential_Border,27.62,45.52,1.449,476.9,21.84,19.45,15.34,28.7,82.8,4.8,84,Moderate,NE,1016,2.69,High,Normal,Active,29.4,0.78,87.38,Increasing
25-08-2024 02:00,NODE_03,Sensor_Node_3_Residential_Border,17.73,61.26,1.465,447.9,10.93,13.09,23.1,31.4,68.9,1.5,63,Moderate,SE,1016.69,9.73,Low,Low,Active,37.7,0.7,62.15,Stable
25-08-2024 03:00,NODE_03,Sensor_Node_3_Residential_Border,9.01,28.4,1.09,402.4,7.97,7.01,33.65,32.4,70.2,0.4,38,Good,W,999.63,6.81,Medium,Normal,Active,98.1,0.86,41.58,Increasing
25-08-2024 04:00,NODE_03,Sensor_Node_3_Residential_Border,5,22.4,0.98,428.5,4.96,6.72,30.3,31.5,75,4.9,21,Good,NE,1017.18,3.32,High,Peak,Active,62.6,0.93,21.99,Increasing
25-08-2024 05:00,NODE_03,Sensor_Node_3_Residential_Border,16.03,12.23,1.122,416.2,24.59,3.29,28.22,34.9,73.1,3.7,59,Moderate,NW,1009.67,8.37,Medium,Normal,Active,50.4,0.81,58.61,Stable
25-08-2024 06:00,NODE_03,Sensor_Node_3_Residential_Border,60.16,98.1,2.165,451,36.8,14.7,24.24,34.7,72.3,1.4,153,Unhealthy,S,1011.01,1.3,High,Normal,Active,42.9,0.85,164.13,Increasing
25-08-2024 07:00,NODE_03,Sensor_Node_3_Residential_Border,35.64,69.36,2.327,462.6,33.1,16.41,21.03,36.2,62,0.4,101,Unhealthy for Sensitive Groups,NW,1012.09,3.71,High,Low,Active,56.7,0.98,94.45,Decreasing
25-08-2024 08:00,NODE_03,Sensor_Node_3_Residential_Border,33.2,69.35,1.945,477,32.64,14.57,22.49,35.5,62.3,2.9,95,Moderate,S,1012.29,6.21,High,Normal,Active,28.1,0.85,93.88,Stable
25-08-2024 09:00,NODE_03,Sensor_Node_3_Residential_Border,41.39,39.53,2.517,489.3,36.6,15.33,18.59,35.7,55.5,3.5,115,Unhealthy for Sensitive Groups,SE,1017.29,3.15,High,Normal,Active,47.3,0.81,108.82,Decreasing
25-08-2024 10:00,NODE_03,Sensor_Node_3_Residential_Border,50.81,92.75,1.851,490.8,23.86,15.75,18.91,36.5,71.7,2.1,139,Unhealthy for Sensitive Groups,SE,1012.56,8.17,High,Normal,Maintenance,58.1,0.82,129.27,Increasing
25-08-2024 11:00,NODE_03,Sensor_Node_3_Residential_Border,25.41,83.36,2.81,473,34.22,19.15,14.17,37.2,65.3,3.8,79,Moderate,N,1023.91,8.83,Low,Low,Active,33.3,0.93,83.34,Increasing
25-08-2024 12:00,NODE_03,Sensor_Node_3_Residential_Border,33.05,71.61,2.951,464.4,25.43,15.39,19.63,38.7,69.1,3.1,95,Moderate,E,1013.25,5.88,High,Low,Active,38.7,0.84,93.85,Stable
25-08-2024 13:00,NODE_03,Sensor_Node_3_Residential_Border,37.27,64.68,2.608,473,33.89,15.78,16,38.8,71.5,1.3,105,Unhealthy for Sensitive Groups,N,1012.3,8.13,Medium,Normal,Active,87,0.93,101.89,Decreasing
25-08-2024 14:00,NODE_03,Sensor_Node_3_Residential_Border,52.29,73.4,2.599,461.5,41.84,11.73,15.46,41.2,56,7.4,142,Unhealthy for Sensitive Groups,SE,1022.83,8.96,Low,Peak,Active,47.1,0.91,153.45,Increasing
25-08-2024 15:00,NODE_03,Sensor_Node_3_Residential_Border,27.48,74.5,2.056,468.6,16.99,10.48,17.8,36.8,68.3,2.9,83,Moderate,N,1008.82,1.46,High,Normal,Active,82.2,0.78,87.05,Decreasing
25-08-2024 16:00,NODE_03,Sensor_Node_3_Residential_Border,46.29,55.44,1.535,447.5,34.55,1.14,21.59,36.6,64.2,3.2,128,Unhealthy for Sensitive Groups,SW,1004.9,5.79,Low,Normal,Active,57.5,0.93,138,Increasing
25-08-2024 17:00,NODE_03,Sensor_Node_3_Residential_Border,58.47,75.69,2.3,465.1,27.61,9.13,23.64,34.9,77.4,4.8,153,Unhealthy,SW,1025.94,9.35,Medium,High,Active,45.1,0.76,146.57,Increasing
25-08-2024 18:00,NODE_03,Sensor_Node_3_Residential_Border,43.43,72.77,1.788,442.9,25.95,11.25,16.48,35.5,77.5,3.1,121,Unhealthy for Sensitive Groups,SW,1009.78,1.43,High,Low,Active,92.1,0.9,117.79,Decreasing
25-08-2024 19:00,NODE_03,Sensor_Node_3_Residential_Border,40.42,44.25,2.695,466.9,34.07,13.09,15.51,31.2,79.4,4.8,113,Unhealthy for Sensitive Groups,NE,1011.79,8.27,High,Low,Active,80.7,0.98,103.13,Stable
25-08-2024 20:00,NODE_03,Sensor_Node_3_Residential_Border,18.37,68.66,2.289,487.3,23.43,11.13,26.37,34.1,71.8,5.1,64,Moderate,S,1022.32,1.47,Low,High,Active,23.2,0.84,64.29,Stable
25-08-2024 21:00,NODE_03,Sensor_Node_3_Residential_Border,26.21,69.11,1.944,497.8,24.22,12.95,12.68,30.2,76.5,5.8,81,Moderate,S,1011.87,6.34,Medium,Low,Maintenance,74.7,0.78,75.12,Decreasing
25-08-2024 22:00,NODE_03,Sensor_Node_3_Residential_Border,143.54,108.09,4.776,419.2,14.74,38.76,15.14,33.9,69.7,1.5,196,Unhealthy,W,1005.5,9.9,High,Low,Active,29.5,0.87,183.71,Decreasing
25-08-2024 23:00,NODE_03,Sensor_Node_3_Residential_Border,32.36,43.73,1.656,451.7,19.7,6.65,22.94,30.7,79.8,0.3,94,Moderate,N,1002.54,4.8,Medium,Normal,Active,88.5,0.79,103.17,Stable
26-08-2024 00:00,NODE_03,Sensor_Node_3_Residential_Border,39.59,58.7,2.341,442.4,15.78,16.96,22.1,30,81.1,3.6,111,Unhealthy for Sensitive Groups,SW,1011.15,8.23,Medium,Normal,Active,91.3,0.96,112.58,Increasing
26-08-2024 01:00,NODE_03,Sensor_Node_3_Residential_Border,33.56,52.13,1.988,459.6,31.97,12.89,23,27.3,72.3,4.5,96,Moderate,E,1020.09,6.18,High,Low,Active,63.2,0.84,97.18,Stable
26-08-2024 02:00,NODE_03,Sensor_Node_3_Residential_Border,22.37,70.94,2.116,459.1,35.9,19.75,14.93,29.3,77.5,3.4,73,Moderate,W,1011.08,6.55,Medium,High,Active,99.7,0.86,73.23,Decreasing
26-08-2024 03:00,NODE_03,Sensor_Node_3_Residential_Border,27.78,45.64,0.761,449.6,24.75,4.79,17.25,31.4,86.1,0.3,84,Moderate,SE,1004.96,6.43,Low,Peak,Active,62.5,0.73,76.83,Stable
26-08-2024 04:00,NODE_03,Sensor_Node_3_Residential_Border,20.45,10,1.595,442.8,19.6,9.93,22.29,33.6,71.1,0.8,69,Moderate,S,1007.71,6.95,Medium,Normal,Active,69.2,0.92,67.55,Stable
26-08-2024 05:00,NODE_03,Sensor_Node_3_Residential_Border,7.05,16.9,1.306,421.1,22.93,9.86,28.37,35,66.5,5.6,29,Good,N,1010.66,1.33,High,High,Active,73.7,0.84,27.99,Stable
26-08-2024 06:00,NODE_03,Sensor_Node_3_Residential_Border,73.65,122.04,3.203,456,49.29,20.85,15.79,33.1,80.9,2.2,160,Unhealthy,W,1014.12,5.69,Medium,Low,Active,94.5,0.82,164.8,Stable
26-08-2024 07:00,NODE_03,Sensor_Node_3_Residential_Border,56.12,105.1,3.483,499.2,45.79,21.11,9.69,34.3,74.1,0.8,151,Unhealthy,SE,1011.31,8.86,Low,Low,Active,42.9,0.72,143.36,Decreasing
26-08-2024 08:00,NODE_03,Sensor_Node_3_Residential_Border,71.44,127.78,3.341,456.9,56.12,21.5,15.7,36.9,75,1.3,159,Unhealthy,W,1006.44,2.77,High,High,Active,34.2,0.8,173.26,Stable
26-08-2024 09:00,NODE_03,Sensor_Node_3_Residential_Border,60.41,100.44,3.99,459.3,50.36,24.2,17.34,35.5,69,0.8,154,Unhealthy,W,1013.01,1.78,Medium,High,Active,88.7,0.99,165.23,Decreasing
26-08-2024 10:00,NODE_03,Sensor_Node_3_Residential_Border,59.09,116.16,3.141,449.8,41.42,16.75,13.61,39.1,70.5,2.3,153,Unhealthy,S,1008.11,4.87,Medium,Peak,Maintenance,72,0.97,153.19,Decreasing
26-08-2024 11:00,NODE_03,Sensor_Node_3_Residential_Border,74.99,105.64,4.404,461.9,50.25,20.74,19.49,39.1,56.9,3,500,Hazardous,SW,1008.62,5.88,Medium,Normal,Active,90,0.73,464.47,Increasing
26-08-2024 12:00,NODE_03,Sensor_Node_3_Residential_Border,64.3,123.18,3.7,478.4,49.45,18.72,14.02,37.7,69.7,3.6,156,Unhealthy,NW,1012.63,4.66,Medium,Low,Active,67.3,1,146.68,Increasing
26-08-2024 13:00,NODE_03,Sensor_Node_3_Residential_Border,64.63,118.36,4.521,449.3,48.62,22.36,19.29,35,55.1,4.2,156,Unhealthy,W,1011.49,7.44,High,High,Fault,77.2,0.89,152.68,Increasing
26-08-2024 14:00,NODE_03,Sensor_Node_3_Residential_Border,60.62,112.22,3.866,454.1,60.65,18.42,5.67,36,61.8,7.3,154,Unhealthy,N,1008.96,1.22,High,High,Active,91.3,0.91,142.11,Increasing
26-08-2024 15:00,NODE_03,Sensor_Node_3_Residential_Border,54.19,94.35,3.365,492,40.52,20.66,16.17,37.3,65.7,5,147,Unhealthy for Sensitive Groups,SE,1004.57,4.5,Low,Low,Maintenance,25.9,1,157.13,Increasing
26-08-2024 16:00,NODE_03,Sensor_Node_3_Residential_Border,60.67,90.45,3.044,463.8,46.47,11.65,19.62,34,76.9,2.3,154,Unhealthy,E,1004.62,2.4,Medium,Peak,Active,34.7,0.76,141.97,Stable
26-08-2024 17:00,NODE_03,Sensor_Node_3_Residential_Border,55.51,88.84,3.507,483.5,42.77,15.57,17.05,33.5,79.2,2.4,151,Unhealthy,N,1010.55,1.63,Medium,Peak,Active,26.7,0.8,143.24,Stable
26-08-2024 18:00,NODE_03,Sensor_Node_3_Residential_Border,57.15,89.65,2.921,444.6,35.15,18.8,23.64,33.5,67.2,2.3,152,Unhealthy,NW,1011.71,1.33,Medium,High,Active,57.5,0.72,151.11,Stable
26-08-2024 19:00,NODE_03,Sensor_Node_3_Residential_Border,60.42,81.33,3.306,444,40.68,12.3,16.34,31.3,66.2,4.2,154,Unhealthy,N,1014.08,3.01,High,Peak,Active,86.9,0.9,169.3,Increasing
26-08-2024 20:00,NODE_03,Sensor_Node_3_Residential_Border,56.14,119.93,2.773,476.5,53.33,21.75,24.08,32.2,76.4,2.9,151,Unhealthy,N,1007.26,4.71,Medium,High,Active,82.2,0.82,148.02,Stable
26-08-2024 21:00,NODE_03,Sensor_Node_3_Residential_Border,45.43,77.77,2.859,443.3,42.59,16.48,24.69,30.1,77.3,1.1,125,Unhealthy for Sensitive Groups,S,1012.5,9.17,Low,High,Active,25.8,0.93,129.7,Decreasing
26-08-2024 22:00,NODE_03,Sensor_Node_3_Residential_Border,52.18,112.49,3.494,450,36.04,14.15,18.98,28.3,75.9,1.7,142,Unhealthy for Sensitive Groups,E,1006.21,2.05,Medium,Peak,Active,79.2,0.93,139.11,Decreasing
26-08-2024 23:00,NODE_03,Sensor_Node_3_Residential_Border,42.66,58.24,2.324,452.2,17.9,13.79,18.51,32.9,79,2.3,119,Unhealthy for Sensitive Groups,SW,1006.63,8.81,Medium,Peak,Active,44.9,0.85,129.07,Increasing
27-08-2024 00:00,NODE_03,Sensor_Node_3_Residential_Border,39.2,86.69,2.001,453.1,35.42,15.71,20.78,29,76.4,4,110,Unhealthy for Sensitive Groups,E,1016.54,5.9,Low,Low,Active,76.9,0.79,114.5,Stable
27-08-2024 01:00,NODE_03,Sensor_Node_3_Residential_Border,31.04,73.09,2.448,434.5,38.62,12.03,21.46,31.9,73.5,4.4,91,Moderate,W,1014.96,6.94,Medium,High,Active,92.7,0.92,98.03,Stable
27-08-2024 02:00,NODE_03,Sensor_Node_3_Residential_Border,46.11,73.21,1.215,470.4,25.97,10.64,19.8,28.7,84.5,1.7,127,Unhealthy for Sensitive Groups,SW,1009.84,9,High,Low,Active,85.7,0.73,130.14,Stable
27-08-2024 03:00,NODE_03,Sensor_Node_3_Residential_Border,69.25,163.9,5.181,405.6,4.73,5.06,29.62,31.4,75.8,8.9,158,Unhealthy,N,1017.55,4.73,Low,Low,Active,76.5,0.94,144.45,Increasing
27-08-2024 04:00,NODE_03,Sensor_Node_3_Residential_Border,5,56.37,0.989,396.3,2,1.41,22.68,33.1,81.2,6.9,52,Moderate,SW,1019.1,4.42,Low,Peak,Active,44.6,0.74,50.61,Stable
27-08-2024 05:00,NODE_03,Sensor_Node_3_Residential_Border,18.7,45.79,0.996,437.2,4.5,6.15,22.44,33.5,71.4,1.3,65,Moderate,W,1005.33,9.4,Low,High,Active,75.1,0.77,62.07,Decreasing
27-08-2024 06:00,NODE_03,Sensor_Node_3_Residential_Border,57.85,102.37,3.452,474.3,55.71,22.13,16.57,34.2,78.5,4.3,152,Unhealthy,N,1015.68,6.93,High,High,Active,53,0.97,148.43,Increasing
27-08-2024 07:00,NODE_03,Sensor_Node_3_Residential_Border,57.52,126.32,3.442,497.5,49.64,16.73,13.41,36.1,69.3,4.1,152,Unhealthy,E,1020.33,7.61,Medium,Peak,Active,88.6,0.82,149.51,Decreasing
27-08-2024 08:00,NODE_03,Sensor_Node_3_Residential_Border,70.48,110.74,3.96,485.2,58.66,19.3,19.75,38.9,65.3,5.7,159,Unhealthy,SE,1010.49,3.94,High,Peak,Active,91.2,0.81,157.22,Increasing
27-08-2024 09:00,NODE_03,Sensor_Node_3_Residential_Border,69.22,120.63,3.763,453.1,44.22,20.77,11.91,34.7,60.3,2.3,158,Unhealthy,N,1007.46,7.33,Medium,Low,Active,77.9,0.91,168.94,Decreasing
27-08-2024 10:00,NODE_03,Sensor_Node_3_Residential_Border,61.31,101.38,4.336,449.3,50.55,26.36,16.68,40.8,69.8,4.8,154,Unhealthy,NW,1006.39,2.1,Medium,Peak,Active,95.5,0.7,158.69,Increasing
27-08-2024 11:00,NODE_03,Sensor_Node_3_Residential_Border,64.07,122.49,4.093,456.9,48.35,16.01,15.51,38.4,62.2,1.7,155,Unhealthy,E,1017.64,3,Low,Normal,Active,68.9,0.85,163.91,Increasing
27-08-2024 12:00,NODE_03,Sensor_Node_3_Residential_Border,68.7,97.64,3.554,445.7,48.33,22.87,18.56,38.9,63.2,2.8,158,Unhealthy,S,1015.28,7.73,Medium,Normal,Active,78.8,0.81,159.34,Stable
27-08-2024 13:00,NODE_03,Sensor_Node_3_Residential_Border,74.16,115.28,3.711,462.5,45.84,23.6,21.73,35.9,69.7,3.7,161,Unhealthy,E,1017.76,7.37,Medium,Normal,Active,72.3,0.86,174.26,Stable
27-08-2024 14:00,NODE_03,Sensor_Node_3_Residential_Border,68.73,120.78,3.986,463.5,49.21,27.04,16.56,38.4,65.1,6.1,158,Unhealthy,SE,1006.31,4.42,High,Low,Active,60.4,0.71,173.07,Decreasing
27-08-2024 15:00,NODE_03,Sensor_Node_3_Residential_Border,52.54,105.83,2.608,458.5,39.15,22.1,26.68,37.9,76.4,2.7,143,Unhealthy for Sensitive Groups,N,1009.01,8.7,Medium,Normal,Active,86.9,0.92,146.94,Increasing
27-08-2024 16:00,NODE_03,Sensor_Node_3_Residential_Border,56.17,102.33,2.891,447.8,42.66,22.85,20.02,37.4,74.3,2.3,151,Unhealthy,SW,1009.58,3.45,Medium,High,Active,50.1,0.84,142.97,Decreasing
27-08-2024 17:00,NODE_03,Sensor_Node_3_Residential_Border,57.1,82.96,2.79,463.1,49.55,20.04,5.73,39.6,73.4,3.4,152,Unhealthy,E,1015.55,9.87,Low,High,Active,81.8,0.9,161.07,Stable
27-08-2024 18:00,NODE_03,Sensor_Node_3_Residential_Border,42.5,99.67,2.513,465.7,44.23,21.56,16.8,30.5,71,3.5,118,Unhealthy for Sensitive Groups,NE,1012.05,1.87,Low,Normal,Active,64.4,0.97,121.46,Decreasing
27-08-2024 19:00,NODE_03,Sensor_Node_3_Residential_Border,58.61,86.89,3.5,486.4,39.69,20.74,23.54,31.9,68.7,1.1,153,Unhealthy,N,1006.68,9.01,Medium,High,Active,37.2,0.79,140.15,Increasing
27-08-2024 20:00,NODE_03,Sensor_Node_3_Residential_Border,62.13,81.8,2.974,466.4,34.32,16.9,20.45,29.3,75.9,2.1,154,Unhealthy,N,1012.29,3.97,Low,Normal,Active,96,0.7,161.85,Increasing
27-08-2024 21:00,NODE_03,Sensor_Node_3_Residential_Border,42.25,85.39,3.016,421.1,37.97,11.63,11.31,31.2,82.5,1.9,118,Unhealthy for Sensitive Groups,NE,1010.93,1.93,High,Normal,Active,79.8,0.97,116.71,Decreasing
27-08-2024 22:00,NODE_03,Sensor_Node_3_Residential_Border,43.71,88.66,3.464,466.7,33.33,15.58,14.61,26.4,83.8,3.4,121,Unhealthy for Sensitive Groups,N,1013.68,9.73,Low,High,Active,86.7,0.79,109.04,Stable
27-08-2024 23:00,NODE_03,Sensor_Node_3_Residential_Border,44.09,70.9,2.818,442.9,32.54,10.86,20.89,31,81.7,3.1,122,Unhealthy for Sensitive Groups,NW,1006.18,3.45,Medium,Normal,Active,71.9,0.94,133.25,Stable
28-08-2024 00:00,NODE_03,Sensor_Node_3_Residential_Border,30,61.1,1.427,435.8,40,14.47,21.5,32.9,73.8,3.7,89,Moderate,S,1020.33,9.46,Medium,High,Active,55.8,0.92,97.88,Increasing
28-08-2024 01:00,NODE_03,Sensor_Node_3_Residential_Border,41.52,77.56,2.869,463.6,34.78,8.14,21.16,31.7,73.7,3.1,116,Unhealthy for Sensitive Groups,S,1008.35,8.27,High,Peak,Active,56.7,0.9,118.62,Increasing
28-08-2024 02:00,NODE_03,Sensor_Node_3_Residential_Border,48.2,56.99,1.945,414.1,24.67,16.11,16.79,29,75.1,1.9,132,Unhealthy for Sensitive Groups,SE,1010.65,6.41,Low,High,Maintenance,72.9,0.9,134.88,Stable
28-08-2024 03:00,NODE_03,Sensor_Node_3_Residential_Border,13.48,10,1.52,437.4,4.18,9.98,15.08,32.6,83,2.4,54,Moderate,SW,1023.6,6.24,Medium,High,Active,68.9,0.87,59.02,Increasing
28-08-2024 04:00,NODE_03,Sensor_Node_3_Residential_Border,16.24,10,1.669,440.5,13.2,2.28,23.91,32,82.2,1.2,60,Moderate,W,1006.65,2.93,Medium,High,Active,23,0.96,65.34,Stable
28-08-2024 05:00,NODE_03,Sensor_Node_3_Residential_Border,22.23,34.85,1.384,447.8,6.55,4.05,28.44,32,75.2,0.9,72,Moderate,SE,1012.11,8.72,High,Peak,Active,81.7,0.74,71.55,Decreasing
28-08-2024 06:00,NODE_03,Sensor_Node_3_Residential_Border,218.68,322.2,7.905,486,61.84,37.31,11.92,32,71.6,1.5,269,Very Unhealthy,E,1019.81,8.78,Medium,High,Active,73.6,0.84,249.64,Decreasing
28-08-2024 07:00,NODE_03,Sensor_Node_3_Residential_Border,85.66,108.81,3.954,443.2,46.66,24.36,30.73,35.2,74.5,4,167,Unhealthy,NW,1020.23,2.77,Medium,Low,Active,49.6,0.88,158.51,Stable
28-08-2024 08:00,NODE_03,Sensor_Node_3_Residential_Border,71.46,100.58,3.661,473.5,43.64,23.33,6.42,37.2,68.1,3.8,159,Unhealthy,E,1015.29,5.6,High,High,Active,89.2,0.77,172.64,Increasing
28-08-2024 09:00,NODE_03,Sensor_Node_3_Residential_Border,71.55,117.76,2.973,437.3,41.55,24.48,8.96,36.5,65.2,5.1,159,Unhealthy,S,1005.7,4.78,Low,Peak,Active,30.1,0.97,155.59,Increasing
28-08-2024 10:00,NODE_03,Sensor_Node_3_Residential_Border,168.21,315.53,6.631,487.4,51.32,37.25,13.41,34.4,70.8,4.6,219,Very Unhealthy,N,998.97,2.13,Medium,Low,Active,79.7,0.77,235.35,Increasing
28-08-2024 11:00,NODE_03,Sensor_Node_3_Residential_Border,64.85,116.38,3.508,470.2,59.91,15.22,17.07,35.4,64.5,2,156,Unhealthy,SW,1019.92,3.82,Medium,Peak,Active,37.1,0.74,166.39,Stable
28-08-2024 12:00,NODE_03,Sensor_Node_3_Residential_Border,76.43,117.99,4.523,454.4,57.9,23.49,9.4,36.4,59.4,0.7,162,Unhealthy,NW,1006.58,1.8,High,High,Active,70,0.7,175.32,Increasing
28-08-2024 13:00,NODE_03,Sensor_Node_3_Residential_Border,68.11,117.26,4.589,451.9,53.74,22.46,12.12,39,64.2,4.7,158,Unhealthy,SW,1003.59,5.44,Medium,Peak,Active,71.9,0.99,152.89,Stable
28-08-2024 14:00,NODE_03,Sensor_Node_3_Residential_Border,61.05,119.54,4.127,488.8,48.05,20.78,10.1,36.7,62.2,4.3,154,Unhealthy,NE,1024.26,4.92,High,High,Active,88.9,0.77,156.82,Stable
28-08-2024 15:00,NODE_03,Sensor_Node_3_Residential_Border,54.77,107.47,3.375,457.5,29.71,19.1,13.75,36.5,67,5.2,148,Unhealthy for Sensitive Groups,SW,999.86,9.57,High,Normal,Active,88.5,0.8,143.49,Increasing
28-08-2024 16:00,NODE_03,Sensor_Node_3_Residential_Border,45.52,79.97,3.098,454.8,38.71,14.33,23.25,33.7,81.2,5.8,126,Unhealthy for Sensitive Groups,S,1011.95,4.35,Medium,Normal,Active,73.3,1,132.35,Stable
28-08-2024 17:00,NODE_03,Sensor_Node_3_Residential_Border,52.72,81.77,2.293,436.9,41.62,15.49,11.64,33.1,66.5,4.8,143,Unhealthy for Sensitive Groups,SE,1002.27,6.05,High,Low,Active,77.1,0.73,140.44,Increasing
28-08-2024 18:00,NODE_03,Sensor_Node_3_Residential_Border,48.31,126.41,3.174,470.2,48.45,11.66,15.35,33.6,78.9,5.4,133,Unhealthy for Sensitive Groups,NW,1014.66,8.9,High,Normal,Active,71.1,0.73,135.04,Decreasing
28-08-2024 19:00,NODE_03,Sensor_Node_3_Residential_Border,52.42,103.23,3.847,431.6,36.19,15.69,14.3,33.6,77.6,3.2,143,Unhealthy for Sensitive Groups,SE,1012.28,8.76,Low,High,Maintenance,49.8,0.79,133.61,Stable
28-08-2024 20:00,NODE_03,Sensor_Node_3_Residential_Border,47.29,91.53,2.616,472.4,33.94,17.09,21.31,32.5,70,6,130,Unhealthy for Sensitive Groups,SE,1017.48,3.14,High,Low,Active,21.2,0.92,141.72,Stable
28-08-2024 21:00,NODE_03,Sensor_Node_3_Residential_Border,52.09,88.24,2.939,453.1,30.4,20.88,24.25,33.5,78.8,2.4,142,Unhealthy for Sensitive Groups,SW,1011.73,5.99,Low,Normal,Active,71.9,0.9,133.32,Increasing
28-08-2024 22:00,NODE_03,Sensor_Node_3_Residential_Border,55.26,81.39,2.889,454.6,42.3,15.24,22.05,29.4,75.6,4.4,150,Unhealthy for Sensitive Groups,NW,1012.17,7.98,Low,Normal,Active,60.9,0.9,137.08,Decreasing
28-08-2024 23:00,NODE_03,Sensor_Node_3_Residential_Border,45.11,58.1,2.822,425.1,26.95,16.08,29.45,30.9,82.4,2.3,125,Unhealthy for Sensitive Groups,SW,1008.66,4.33,Medium,High,Active,49.2,0.84,128.81,Increasing
29-08-2024 00:00,NODE_03,Sensor_Node_3_Residential_Border,20.76,57.14,1.999,430.3,19.65,19.54,17.6,28,95,2,69,Moderate,NE,1011.04,7.94,High,High,Active,33.6,0.73,73.03,Decreasing
29-08-2024 01:00,NODE_03,Sensor_Node_3_Residential_Border,47.66,49.95,1.569,433.4,33.8,18.46,26.73,32,77,4,131,Unhealthy for Sensitive Groups,SE,1016.74,4.59,High,Low,Active,42.4,0.86,123.18,Decreasing
29-08-2024 02:00,NODE_03,Sensor_Node_3_Residential_Border,39.91,85.03,2.653,451,24.82,18.21,14.44,28.4,63.6,1.6,112,Unhealthy for Sensitive Groups,NW,997.94,5.97,Low,Normal,Maintenance,33.7,0.93,117.32,Decreasing
29-08-2024 03:00,NODE_03,Sensor_Node_3_Residential_Border,15.87,28.19,1.51,439.6,8.71,8.64,30.17,32.8,80.3,4.7,59,Moderate,SE,1006.64,6.88,High,Low,Active,49.3,0.78,59.36,Increasing
29-08-2024 04:00,NODE_03,Sensor_Node_3_Residential_Border,5,50.39,1.085,420.2,19.45,4.42,10.9,33.7,71.7,0.4,47,Good,E,1008.21,3.6,High,Normal,Maintenance,74.6,0.82,46.53,Increasing
29-08-2024 05:00,NODE_03,Sensor_Node_3_Residential_Border,15.12,31.11,1.395,437.7,5.38,1,23.06,31.8,68.7,4,57,Moderate,N,1020.92,6.13,Medium,High,Active,29.3,0.89,58.55,Decreasing
29-08-2024 06:00,NODE_03,Sensor_Node_3_Residential_Border,70.07,109.5,3.897,476.5,45.48,21.91,5,34.1,75.8,1.5,159,Unhealthy,SW,1007.59,1.46,High,High,Active,45.6,0.86,144.94,Stable
29-08-2024 07:00,NODE_03,Sensor_Node_3_Residential_Border,235.79,397.17,11.591,486.1,50.08,45.56,14.8,36,67.7,2.1,286,Very Unhealthy,NW,1012.11,3.18,Medium,Low,Active,42.7,0.83,312.41,Increasing
29-08-2024 08:00,NODE_03,Sensor_Node_3_Residential_Border,61.5,113.65,4.064,468.4,52.03,18.5,12.42,36,69.7,3.2,154,Unhealthy,N,1013.75,9.27,Medium,High,Fault,28,0.8,142.7,Stable
29-08-2024 09:00,NODE_03,Sensor_Node_3_Residential_Border,66.38,114.36,3.779,457.3,54.03,21.55,12.25,36.6,64.3,4.4,157,Unhealthy,NE,1022.85,4.93,Medium,Low,Active,62.2,0.95,168.74,Stable
29-08-2024 10:00,NODE_03,Sensor_Node_3_Residential_Border,67.18,116.82,4.552,473.9,53.44,22.18,14.08,38.1,77,1.4,157,Unhealthy,SE,1004.7,9.59,Low,High,Active,63.2,0.71,161.1,Increasing
29-08-2024 11:00,NODE_03,Sensor_Node_3_Residential_Border,55.43,103.62,4.452,466.2,55.46,18.93,12.78,36.3,74.9,1.8,500,Hazardous,E,1003.15,2.43,High,Normal,Active,31,0.85,522.51,Increasing
29-08-2024 12:00,NODE_03,Sensor_Node_3_Residential_Border,75.14,110.37,4.067,469.8,40.34,18.29,22.77,39.4,59.9,0.8,161,Unhealthy,W,1008.83,5.41,High,Low,Active,80.5,0.85,166.36,Decreasing
29-08-2024 13:00,NODE_03,Sensor_Node_3_Residential_Border,67.66,110.99,4.411,465.3,45.02,24.55,21.95,38.5,69.6,2.2,500,Hazardous,N,1024.21,5.97,Low,Low,Active,61.1,0.75,476.94,Increasing
29-08-2024 14:00,NODE_03,Sensor_Node_3_Residential_Border,55.2,128.71,3.646,483.9,46.2,21.54,11.97,37,56.5,2,150,Unhealthy for Sensitive Groups,NW,1014.75,3.51,Low,Low,Active,36.4,0.91,140.42,Increasing
29-08-2024 15:00,NODE_03,Sensor_Node_3_Residential_Border,50.26,97.15,3.359,446.3,31.88,24.2,19.68,33.3,65.2,1.7,137,Unhealthy for Sensitive Groups,NE,1012.32,9.07,High,Normal,Active,96.3,0.98,148.2,Increasing
29-08-2024 16:00,NODE_03,Sensor_Node_3_Residential_Border,61.54,94.74,3.39,455.7,46.29,15.79,19.56,36.7,65.3,3.1,154,Unhealthy,E,1013.13,8.84,High,High,Active,82.4,0.71,150.1,Stable
29-08-2024 17:00,NODE_03,Sensor_Node_3_Residential_Border,36.03,100.32,3.421,483.8,32.45,14.38,12.88,38.6,64.5,5.3,102,Unhealthy for Sensitive Groups,SE,1007.12,5.11,High,Low,Active,48.2,0.82,103.08,Decreasing
29-08-2024 18:00,NODE_03,Sensor_Node_3_Residential_Border,62.83,81.98,3.115,481.1,42.32,16.75,29.74,31.2,66.3,2.3,155,Unhealthy,NW,1005.51,2.36,Medium,High,Active,77.3,0.7,145.3,Stable
29-08-2024 19:00,NODE_03,Sensor_Node_3_Residential_Border,50.32,104.75,2.211,478.9,46.57,12.98,18.23,32.6,76.3,2.3,137,Unhealthy for Sensitive Groups,NW,1016.1,5.96,High,Normal,Active,73.9,0.94,134.04,Decreasing
29-08-2024 20:00,NODE_03,Sensor_Node_3_Residential_Border,55.76,94.64,3.134,484.4,41.44,12.42,22.09,34.4,75.8,0.9,151,Unhealthy,NE,1020.5,6.5,High,Low,Active,41.8,0.71,158.21,Decreasing
29-08-2024 21:00,NODE_03,Sensor_Node_3_Residential_Border,63.62,85.33,3.279,430.1,36.05,17.95,21.75,31.8,83.9,3.4,155,Unhealthy,SW,1014.66,4.11,Medium,Low,Active,35.5,0.91,169.12,Decreasing
29-08-2024 22:00,NODE_03,Sensor_Node_3_Residential_Border,47.09,74,3.59,438.2,50.22,8.55,14.62,31.9,81.2,0.8,130,Unhealthy for Sensitive Groups,W,1011.54,4.8,High,Normal,Active,46.3,0.79,119.81,Increasing
29-08-2024 23:00,NODE_03,Sensor_Node_3_Residential_Border,18.53,59.11,1.446,449.9,30.6,11.97,20.27,28.5,73.4,2.3,65,Moderate,W,1005.45,6.17,Medium,High,Active,77,0.92,66.06,Increasing
